11 0.788086 0.106445 0.145508 0.198242 0.217773 0.831055 0.869141 0.768555
13 0.748791 0.457135 0.747113 0.462302 0.742718 0.465494 0.737286 0.465494 0.732892 0.462302 0.731213 0.457135 0.732892 0.451969 0.737286 0.448777 0.742718 0.448777 0.747113 0.451969
13 0.719538 0.621014 0.717859 0.626181 0.713465 0.629373 0.708033 0.629373 0.703638 0.626181 0.701960 0.621014 0.703638 0.615848 0.708033 0.612656 0.713465 0.612656 0.717859 0.615848
13 0.682270 0.359988 0.680591 0.365154 0.676197 0.368347 0.670765 0.368347 0.666370 0.365154 0.664692 0.359988 0.666370 0.354822 0.670765 0.351629 0.676197 0.351629 0.680591 0.354822
13 0.652617 0.525795 0.650938 0.530962 0.646543 0.534154 0.641112 0.534154 0.636717 0.530962 0.635038 0.525795 0.636717 0.520629 0.641112 0.517437 0.646543 0.517437 0.650938 0.520629
13 0.622900 0.687637 0.621221 0.692803 0.616827 0.695996 0.611395 0.695996 0.607000 0.692803 0.605322 0.687637 0.607000 0.682471 0.611395 0.679278 0.616827 0.679278 0.621221 0.682471
13 0.614375 0.262137 0.612696 0.267303 0.608302 0.270496 0.602870 0.270496 0.598475 0.267303 0.596797 0.262137 0.598475 0.256971 0.602870 0.253778 0.608302 0.253778 0.612696 0.256971
13 0.584249 0.429808 0.582570 0.434975 0.578176 0.438167 0.572744 0.438167 0.568349 0.434975 0.566670 0.429808 0.568349 0.424642 0.572744 0.421450 0.578176 0.421450 0.582570 0.424642
13 0.559072 0.594308 0.557393 0.599475 0.552999 0.602667 0.547567 0.602667 0.543172 0.599475 0.541494 0.594308 0.543172 0.589142 0.547567 0.585950 0.552999 0.585950 0.557393 0.589142
13 0.529554 0.758481 0.527876 0.763647 0.523481 0.766840 0.518049 0.766840 0.513655 0.763647 0.511976 0.758481 0.513655 0.753315 0.518049 0.750122 0.523481 0.750122 0.527876 0.753315
13 0.516489 0.331095 0.514811 0.336261 0.510416 0.339454 0.504984 0.339454 0.500590 0.336261 0.498911 0.331095 0.500590 0.325929 0.504984 0.322736 0.510416 0.322736 0.514811 0.325929
13 0.491632 0.497640 0.489953 0.502806 0.485559 0.505999 0.480127 0.505999 0.475732 0.502806 0.474054 0.497640 0.475732 0.492474 0.480127 0.489281 0.485559 0.489281 0.489953 0.492474
13 0.462390 0.663817 0.460712 0.668983 0.456317 0.672176 0.450885 0.672176 0.446491 0.668983 0.444812 0.663817 0.446491 0.658651 0.450885 0.655458 0.456317 0.655458 0.460712 0.658651
13 0.447408 0.232284 0.445729 0.237450 0.441335 0.240643 0.435903 0.240643 0.431508 0.237450 0.429830 0.232284 0.431508 0.227118 0.435903 0.223925 0.441335 0.223925 0.445729 0.227118
13 0.419978 0.400402 0.418299 0.405568 0.413905 0.408761 0.408473 0.408761 0.404078 0.405568 0.402400 0.400402 0.404078 0.395236 0.408473 0.392043 0.413905 0.392043 0.418299 0.395236
13 0.392725 0.567432 0.391047 0.572598 0.386652 0.575791 0.381220 0.575791 0.376826 0.572598 0.375147 0.567432 0.376826 0.562266 0.381220 0.559073 0.386652 0.559073 0.391047 0.562266
13 0.364445 0.731735 0.362766 0.736901 0.358372 0.740094 0.352940 0.740094 0.348545 0.736901 0.346867 0.731735 0.348545 0.726569 0.352940 0.723376 0.358372 0.723376 0.362766 0.726569
13 0.348117 0.302638 0.346438 0.307804 0.342044 0.310997 0.336612 0.310997 0.332217 0.307804 0.330539 0.302638 0.332217 0.297472 0.336612 0.294279 0.342044 0.294279 0.346438 0.297472
13 0.321485 0.472409 0.319807 0.477575 0.315412 0.480768 0.309980 0.480768 0.305586 0.477575 0.303907 0.472409 0.305586 0.467243 0.309980 0.464050 0.315412 0.464050 0.319807 0.467243
13 0.295199 0.637504 0.293520 0.642671 0.289126 0.645863 0.283694 0.645863 0.279299 0.642671 0.277621 0.637504 0.279299 0.632338 0.283694 0.629146 0.289126 0.629146 0.293520 0.632338
13 0.251052 0.373195 0.249374 0.378361 0.244979 0.381553 0.239547 0.381553 0.235153 0.378361 0.233474 0.373195 0.235153 0.368028 0.239547 0.364836 0.244979 0.364836 0.249374 0.368028
13 0.221926 0.541319 0.220247 0.546485 0.215853 0.549678 0.210421 0.549678 0.206026 0.546485 0.204348 0.541319 0.206026 0.536153 0.210421 0.532960 0.215853 0.532960 0.220247 0.536153
4 0.447266 0.334961 0.442383 0.335938 0.437500 0.369141 0.448242 0.375000 0.458008 0.386719 0.459961 0.404297 0.457031 0.422852 0.454102 0.428711 0.430664 0.424805 0.428711 0.426758 0.423828 0.458008 0.450195 0.464844 0.443359 0.512695 0.439453 0.516602 0.416016 0.513672 0.411133 0.548828 0.435547 0.552734 0.431641 0.583008 0.422852 0.593750 0.403320 0.599609 0.398438 0.637695 0.427734 0.633789 0.451172 0.618164 0.463867 0.597656 0.472656 0.557617 0.501953 0.562500 0.514648 0.562500 0.533203 0.557617 0.554688 0.541992 0.564453 0.527344 0.569336 0.511719 0.568359 0.483398 0.556641 0.460938 0.536133 0.444336 0.491211 0.433594 0.495117 0.388672 0.490234 0.371094 0.474609 0.349609
