11 0.000000 0.544922 0.000000 0.615234 0.999023 0.615234 0.999023 0.544922 0.853516 0.531250 0.145508 0.531250
13 0.617728 0.718032 0.616050 0.723198 0.611655 0.726391 0.606223 0.726391 0.601829 0.723198 0.600150 0.718032 0.601829 0.712866 0.606223 0.709673 0.611655 0.709673 0.616050 0.712866
13 0.449869 0.735180 0.448190 0.740346 0.443796 0.743539 0.438364 0.743539 0.433969 0.740346 0.432291 0.735180 0.433969 0.730014 0.438364 0.726821 0.443796 0.726821 0.448190 0.730014
13 0.693186 0.624878 0.691508 0.630044 0.687113 0.633237 0.681681 0.633237 0.677287 0.630044 0.675608 0.624878 0.677287 0.619712 0.681681 0.616519 0.687113 0.616519 0.691508 0.619712
13 0.523500 0.642532 0.521821 0.647698 0.517427 0.650891 0.511995 0.650891 0.507600 0.647698 0.505922 0.642532 0.507600 0.637366 0.511995 0.634173 0.517427 0.634173 0.521821 0.637366
13 0.359097 0.658859 0.357419 0.664025 0.353024 0.667218 0.347592 0.667218 0.343198 0.664025 0.341519 0.658859 0.343198 0.653693 0.347592 0.650500 0.353024 0.650500 0.357419 0.653693
13 0.768486 0.530722 0.766808 0.535888 0.762413 0.539081 0.756981 0.539081 0.752587 0.535888 0.750908 0.530722 0.752587 0.525556 0.756981 0.522363 0.762413 0.522363 0.766808 0.525556
13 0.597032 0.548802 0.595353 0.553968 0.590959 0.557161 0.585527 0.557161 0.581132 0.553968 0.579454 0.548802 0.581132 0.543636 0.585527 0.540443 0.590959 0.540443 0.595353 0.543636
13 0.431490 0.570626 0.429811 0.575792 0.425417 0.578985 0.419985 0.578985 0.415590 0.575792 0.413912 0.570626 0.415590 0.565460 0.419985 0.562267 0.425417 0.562267 0.429811 0.565460
13 0.266463 0.587990 0.264785 0.593157 0.260390 0.596349 0.254958 0.596349 0.250564 0.593157 0.248885 0.587990 0.250564 0.582824 0.254958 0.579632 0.260390 0.579632 0.264785 0.582824
13 0.672932 0.455448 0.671253 0.460614 0.666859 0.463807 0.661427 0.463807 0.657032 0.460614 0.655354 0.455448 0.657032 0.450282 0.661427 0.447089 0.666859 0.447089 0.671253 0.450282
13 0.505690 0.478468 0.504011 0.483634 0.499617 0.486827 0.494185 0.486827 0.489790 0.483634 0.488112 0.478468 0.489790 0.473302 0.494185 0.470109 0.499617 0.470109 0.504011 0.473302
13 0.338986 0.497002 0.337308 0.502168 0.332913 0.505361 0.327481 0.505361 0.323087 0.502168 0.321408 0.497002 0.323087 0.491836 0.327481 0.488643 0.332913 0.488643 0.337308 0.491836
13 0.748098 0.361347 0.746420 0.366513 0.742025 0.369706 0.736593 0.369706 0.732199 0.366513 0.730520 0.361347 0.732199 0.356181 0.736593 0.352988 0.742025 0.352988 0.746420 0.356181
13 0.578821 0.382676 0.577142 0.387842 0.572748 0.391034 0.567316 0.391034 0.562921 0.387842 0.561243 0.382676 0.562921 0.377510 0.567316 0.374317 0.572748 0.374317 0.577142 0.377510
13 0.412051 0.403688 0.410373 0.408854 0.405978 0.412047 0.400546 0.412047 0.396152 0.408854 0.394473 0.403688 0.396152 0.398522 0.400546 0.395329 0.405978 0.395329 0.410373 0.398522
13 0.248982 0.422794 0.247303 0.427960 0.242909 0.431153 0.237477 0.431153 0.233082 0.427960 0.231404 0.422794 0.233082 0.417628 0.237477 0.414435 0.242909 0.414435 0.247303 0.417628
13 0.651934 0.287143 0.650256 0.292309 0.645861 0.295502 0.640429 0.295502 0.636035 0.292309 0.634356 0.287143 0.636035 0.281977 0.640429 0.278785 0.645861 0.278785 0.650256 0.281977
13 0.482954 0.309840 0.481275 0.315006 0.476881 0.318199 0.471449 0.318199 0.467054 0.315006 0.465376 0.309840 0.467054 0.304674 0.471449 0.301481 0.476881 0.301481 0.481275 0.304674
13 0.319872 0.331367 0.318194 0.336533 0.313799 0.339726 0.308367 0.339726 0.303973 0.336533 0.302294 0.331367 0.303973 0.326201 0.308367 0.323008 0.313799 0.323008 0.318194 0.326201
13 0.557602 0.216153 0.555924 0.221319 0.551529 0.224512 0.546097 0.224512 0.541703 0.221319 0.540024 0.216153 0.541703 0.210987 0.546097 0.207794 0.551529 0.207794 0.555924 0.210987
13 0.391107 0.236207 0.389428 0.241373 0.385034 0.244566 0.379602 0.244566 0.375207 0.241373 0.373529 0.236207 0.375207 0.231041 0.379602 0.227848 0.385034 0.227848 0.389428 0.231041
8 0.375977 0.391602 0.375000 0.397461 0.385742 0.424805 0.388672 0.427734 0.403320 0.426758 0.413086 0.431641 0.418945 0.437500 0.429688 0.461914 0.429688 0.468750 0.407227 0.477539 0.418945 0.508789 0.440430 0.501953 0.445312 0.502930 0.462891 0.541992 0.476562 0.554688 0.489258 0.561523 0.503906 0.565430 0.521484 0.565430 0.556641 0.552734 0.559570 0.553711 0.576172 0.590820 0.593750 0.606445 0.620117 0.616211 0.635742 0.616211 0.650391 0.611328 0.640625 0.583984 0.630859 0.579102 0.618164 0.580078 0.610352 0.575195 0.596680 0.548828 0.593750 0.539062 0.617188 0.528320 0.616211 0.518555 0.608398 0.500977 0.603516 0.497070 0.581055 0.505859 0.566406 0.471680 0.554688 0.457031 0.538086 0.446289 0.520508 0.441406 0.499023 0.442383 0.464844 0.454102 0.451172 0.421875 0.430664 0.399414 0.405273 0.389648
