6 0.3263888888888889 0.39814814814814814 0.3541666666666667 0.39814814814814814 0.35648148148148145 0.40046296296296297 0.36342592592592593 0.40046296296296297 0.36574074074074076 0.4074074074074074 0.37037037037037035 0.41203703703703703 0.3819444444444444 0.4166666666666667 0.41898148148148145 0.4166666666666667 0.4236111111111111 0.41203703703703703 0.4236111111111111 0.4027777777777778 0.42824074074074076 0.39814814814814814 0.4583333333333333 0.39814814814814814 0.46064814814814814 0.40046296296296297 0.46064814814814814 0.41203703703703703 0.4652777777777778 0.4166666666666667 0.5092592592592593 0.4166666666666667 0.5115740740740741 0.41898148148148145 0.5300925925925926 0.4212962962962963 0.5532407407407407 0.4351851851851852 0.5601851851851852 0.44675925925925924 0.5601851851851852 0.46064814814814814 0.5578703703703703 0.4652777777777778 0.5532407407407407 0.4722222222222222 0.5416666666666666 0.48148148148148145 0.5370370370370371 0.48148148148148145 0.5231481481481481 0.48842592592592593 0.5138888888888888 0.48842592592592593 0.5115740740740741 0.49074074074074076 0.4675925925925926 0.49074074074074076 0.46296296296296297 0.49537037037037035 0.46296296296296297 0.5046296296296297 0.46064814814814814 0.5069444444444444 0.4375 0.5069444444444444 0.43287037037037035 0.5092592592592593 0.42592592592592593 0.5046296296296297 0.42592592592592593 0.49537037037037035 0.4212962962962963 0.49074074074074076 0.39814814814814814 0.49074074074074076 0.39351851851851855 0.48842592592592593 0.3912037037037037 0.49074074074074076 0.38425925925925924 0.49074074074074076 0.3773148148148148 0.4976851851851852 0.37037037037037035 0.5 0.3680555555555556 0.5046296296296297 0.3611111111111111 0.5092592592592593 0.3287037037037037 0.5092592592592593 0.33101851851851855 0.4976851851851852 0.3449074074074074 0.4837962962962963 0.3541666666666667 0.4791666666666667 0.3680555555555556 0.47685185185185186 0.37037037037037035 0.47453703703703703 0.4236111111111111 0.4722222222222222 0.42592592592592593 0.4699074074074074 0.42592592592592593 0.4398148148148148 0.4236111111111111 0.4375 0.3888888888888889 0.4375 0.38657407407407407 0.4351851851851852 0.38425925925925924 0.4375 0.3819444444444444 0.4351851851851852 0.3611111111111111 0.43287037037037035 0.3541666666666667 0.42824074074074076 0.3449074074074074 0.42592592592592593 0.33564814814814814 0.41898148148148145 0.3287037037037037 0.41203703703703703 0.3263888888888889 0.40046296296296297
11 0.12699822453703705 0.42075 0.12921847222222224 0.46449999999999997 0.13188277083333333 0.47875 0.1309946712962963 0.4905 0.13454706944444444 0.5305 0.13543516898148147 0.5665 0.13765541666666667 0.58025 0.13987566666666668 0.651 0.14742451157407407 0.7075 0.1505328587962963 0.70875 0.14209591435185184 0.7214999999999999 0.13676731712962964 0.72525 0.13232682175925928 0.74225 0.13232682175925928 0.7655000000000001 0.13454706944444444 0.7725000000000001 0.1412078148148148 0.7765 0.1385435162037037 0.779 0.13943161574074073 0.7797499999999999 0.14742451157407407 0.7827500000000001 0.6687388981481481 0.7727499999999999 0.8592362337962962 0.767 0.8690053287037037 0.7655000000000001 0.8876554166666666 0.7657499999999999 0.8894316157407408 0.76475 0.9009769097222221 0.7659999999999999 0.9080817060185185 0.7645000000000001 0.9134103009259259 0.76625 0.940053287037037 0.7659999999999999 0.9471580810185185 0.7645000000000001 0.9862344583333333 0.765 0.9951154537037037 0.764 0.999555951388889 0.76225 0.999555951388889 0.2695 0.9880106574074075 0.2655 0.9760213148148148 0.26425000000000004 0.8623445833333334 0.26425000000000004 0.854795736111111 0.26475 0.8463587916666667 0.26675 0.835701599537037 0.265 0.7966252222222222 0.265 0.7806394305555556 0.26625 0.6296625231481481 0.2665 0.6265541736111111 0.26725 0.33658969907407404 0.26725 0.33170515046296295 0.2685 0.3090586134259259 0.268 0.30417406712962963 0.26875 0.2930728240740741 0.26775 0.28996447685185184 0.26925 0.28285968055555555 0.268 0.19582593287037037 0.26775 0.17584369444444445 0.26975 0.16163410416666668 0.2725 0.13543516898148147 0.28425 0.13232682175925928 0.28625 0.12211367592592592 0.3 0.12078152777777777 0.307 0.12300177546296297 0.381 0.12522202546296296 0.397625 0.12433392592592592 0.41125 0.12699822453703705 0.42075
12 0.9999977800925925 0.7120275 0.1251354351851852 0.7120275 0.1251354351851852 0.7791725 0.9999977800925925 0.7791725 0.9999977800925925 0.7120275
13 0.477353462962963 0.35575 0.4831261111111111 0.357 0.4951154537037037 0.35725 0.5048845462962963 0.35500000000000004 0.5075488449074074 0.35325 0.5137655416666667 0.34575 0.5142095925925926 0.33799999999999997 0.5106571944444445 0.3315 0.5053285972222222 0.32775 0.4968916527777778 0.32575 0.48046181250000003 0.3255 0.46936056944444443 0.32975 0.46403197222222226 0.335 0.46314387268518514 0.34275000000000005 0.46536412037037034 0.34824999999999995 0.4675843703703703 0.35100000000000003 0.477353462962963 0.35575
13 0.6785079930555555 0.35524999999999995 0.6922735347222222 0.3555 0.6993783310185185 0.35450000000000004 0.7118117222222222 0.34525 0.7131438726851852 0.33775 0.7109236226851853 0.33249999999999996 0.706483125 0.32825 0.6980461805555556 0.32425 0.6820603912037037 0.32375000000000004 0.6749555949074074 0.3245 0.666962699074074 0.3285 0.6620781527777778 0.335 0.6616341041666667 0.33875 0.6647424513888889 0.34800000000000003 0.6691829490740742 0.35174999999999995 0.6785079930555555 0.35524999999999995
13 0.7757548842592592 0.40975 0.7957371226851853 0.41000000000000003 0.8050621666666666 0.40575 0.810390763888889 0.40125 0.8126110115740741 0.39475000000000005 0.8108348125 0.3895 0.8041740671296296 0.38299999999999995 0.7961811712962963 0.379 0.7846358796296296 0.37875000000000003 0.7722024861111111 0.3805 0.7642095925925927 0.3855 0.7606571944444445 0.39025 0.7606571944444445 0.3975 0.7633214930555555 0.40199999999999997 0.7673179398148149 0.40599999999999997 0.7757548842592592 0.40975
13 0.5803730023148148 0.413 0.5919182939814815 0.41325 0.6016873888888888 0.41175 0.6056838356481481 0.4095 0.6145648310185186 0.40075 0.6150088819444444 0.39325 0.6119005324074074 0.3885 0.604795736111111 0.38325 0.5976909421296297 0.3815 0.5781527523148148 0.38125 0.5692717592592592 0.38575000000000004 0.5652753101851852 0.39025 0.5643872106481482 0.40125 0.5670515092592593 0.40599999999999997 0.5750444050925926 0.41175 0.5803730023148148 0.413
13 0.38676731712962964 0.413 0.4023090578703704 0.4125 0.4080817060185185 0.41125 0.4116341041666666 0.409 0.4169626990740741 0.401 0.416518650462963 0.3965 0.41119005324074076 0.38875 0.4005328587962963 0.3835 0.37966252314814813 0.3835 0.36944937731481486 0.38975000000000004 0.3658969814814815 0.39549999999999996 0.36678508101851853 0.401 0.37166962731481484 0.40599999999999997 0.38055062268518514 0.4115 0.38676731712962964 0.413
13 0.2859680277777778 0.47075 0.2939609236111111 0.47075 0.29662522222222226 0.47175 0.30728241666666667 0.46950000000000003 0.31483126157407404 0.4655 0.31927175925925927 0.46099999999999997 0.3206039074074074 0.45575 0.3188277083333333 0.45075 0.31394316203703704 0.446 0.3028419189814815 0.44175000000000003 0.29218472453703703 0.44075 0.28285968055555555 0.4415 0.27309058564814814 0.44575 0.2677619884259259 0.45249999999999996 0.2677619884259259 0.45975 0.27087033796296295 0.46375 0.27575488425925926 0.46775000000000005 0.2859680277777778 0.47075
13 0.47690941435185186 0.46675 0.4875666064814815 0.46849999999999997 0.5013321481481482 0.46849999999999997 0.5079928958333334 0.46675 0.5142095925925926 0.46325 0.519982238425926 0.4565 0.519982238425926 0.45249999999999996 0.5150976898148149 0.446 0.5084369444444444 0.44199999999999995 0.49822380092592594 0.43975000000000003 0.4871225578703704 0.4395 0.47779751388888886 0.4415 0.4715808171296296 0.446 0.4689165185185185 0.44975 0.4689165185185185 0.4565 0.4738010648148148 0.46499999999999997 0.47690941435185186 0.46675
13 0.6936056828703704 0.467 0.6989342800925926 0.466 0.7082593240740741 0.46149999999999997 0.7135879212962963 0.4565 0.7144760208333333 0.44899999999999995 0.7113676736111111 0.44325000000000003 0.7029307291666667 0.43775000000000003 0.6958259328703704 0.436 0.6807282407407407 0.43575 0.6758436944444445 0.43650000000000005 0.6691829490740742 0.441 0.664298400462963 0.44875000000000004 0.6651865 0.45975 0.6718472476851851 0.46449999999999997 0.6785079930555555 0.46649999999999997 0.6936056828703704 0.467
13 0.8787744236111111 0.46449999999999997 0.893872113425926 0.46375 0.9005328587962963 0.46099999999999997 0.9080817060185185 0.45599999999999996 0.9103019537037037 0.45 0.9085257546296297 0.444 0.9018650092592593 0.4375 0.893872113425926 0.43425 0.8783303726851851 0.4345 0.8690053287037037 0.43650000000000005 0.8614564837962964 0.44075 0.8583481342592593 0.4445 0.8592362337962962 0.453 0.8663410300925926 0.46025 0.8752220254629629 0.46375 0.8787744236111111 0.46449999999999997
13 0.7930728240740741 0.52025 0.8001776203703704 0.519 0.8108348125 0.512 0.8130550624999999 0.50675 0.8112788634259259 0.49900000000000005 0.8077264652777778 0.49525 0.7970692708333333 0.491 0.7793072824074074 0.491 0.772646537037037 0.49224999999999997 0.7646536412037037 0.497 0.7615452939814815 0.501 0.7619893425925925 0.5085 0.7677619884259259 0.5165 0.7735346365740741 0.51925 0.7930728240740741 0.52025
13 0.5812611018518519 0.522 0.5941385439814815 0.523 0.6021314398148149 0.5225 0.6119005324074074 0.518 0.6167850810185186 0.513 0.6176731782407408 0.5045 0.6158969814814815 0.50125 0.6079040856481482 0.49475 0.5990230902777779 0.49224999999999997 0.5848135 0.49200000000000005 0.5799289513888889 0.4935 0.5710479583333333 0.49875 0.5661634097222222 0.50525 0.5657193611111111 0.5085 0.5683836597222223 0.51525 0.5741563055555555 0.5195 0.5812611018518519 0.522
13 0.38321491898148147 0.5245 0.39564831250000004 0.52525 0.40719360648148145 0.52425 0.4147424513888889 0.5215000000000001 0.4196269976851852 0.5175 0.42317939583333336 0.5105 0.42184724768518517 0.50475 0.41252220138888884 0.49774999999999997 0.4009769097222222 0.49475 0.3898756666666667 0.49525 0.38277087037037033 0.49725 0.3778863240740741 0.50025 0.37078152777777773 0.50775 0.37033747685185187 0.51225 0.3721136759259259 0.516 0.37966252314814813 0.52325 0.38321491898148147 0.5245
13 0.3037300185185185 0.581 0.31261101157407406 0.5792499999999999 0.3210479583333334 0.57575 0.32593250462962964 0.5705 0.3263765532407408 0.56675 0.32326820601851847 0.55875 0.3134991111111111 0.5535 0.30639431712962967 0.55175 0.2930728240740741 0.552 0.2824156296296296 0.55475 0.27708703472222224 0.55825 0.27353463657407406 0.5645 0.2748667847222222 0.57275 0.28063943055555557 0.57775 0.2873001782407407 0.5805 0.3037300185185185 0.581
13 0.5039964467592593 0.57775 0.5137655416666667 0.5745 0.518650087962963 0.5715 0.520870337962963 0.56825 0.5213143865740741 0.561 0.5190941388888889 0.556 0.5155417407407408 0.5525 0.5053285972222222 0.54925 0.4875666064814815 0.5485 0.47779751388888886 0.551 0.4729129652777778 0.55575 0.4706927175925926 0.561 0.4702486689814815 0.5645 0.4746891643518519 0.57275 0.4840142106481482 0.5775 0.5039964467592593 0.57775
13 0.6842806388888889 0.57575 0.7029307291666667 0.57475 0.7087033749999999 0.57275 0.7153641203703704 0.56775 0.7171403194444445 0.56175 0.7153641203703704 0.5549999999999999 0.7109236226851853 0.55075 0.6993783310185185 0.546 0.6780639421296297 0.546 0.6709591481481482 0.5495 0.6647424513888889 0.5565 0.6647424513888889 0.56575 0.6705150972222222 0.5722499999999999 0.6753996458333333 0.57475 0.6842806388888889 0.57575
13 0.8783303726851851 0.5735 0.8880994675925926 0.57375 0.8974245115740741 0.5725 0.9063055069444445 0.5675 0.9107460046296296 0.56075 0.9098579050925926 0.55475 0.9067495555555555 0.5499999999999999 0.9009769097222221 0.546 0.8943161643518519 0.544 0.8796625231481481 0.5435 0.8703374768518519 0.546 0.8610124328703704 0.55175 0.8583481342592593 0.5555 0.8579040856481482 0.5605 0.8605683842592592 0.564 0.8716696273148149 0.5720000000000001 0.8783303726851851 0.5735
13 0.7788632337962963 0.6285 0.7850799282407408 0.62925 0.7997335694444444 0.6285 0.809058613425926 0.624 0.8130550624999999 0.61975 0.8148312615740742 0.6160000000000001 0.8139431620370371 0.6092500000000001 0.8055062175925926 0.60175 0.7970692708333333 0.6 0.7828596805555555 0.5994999999999999 0.7766429837962963 0.60025 0.771314386574074 0.6024999999999999 0.7642095925925927 0.60875 0.7624333935185185 0.6122500000000001 0.7642095925925927 0.61725 0.770870337962963 0.6244999999999999 0.7788632337962963 0.6285
13 0.5883658958333333 0.631 0.5994671412037037 0.6315 0.6056838356481481 0.6305 0.6158969814814815 0.6265000000000001 0.6190053287037037 0.6237499999999999 0.6212255763888889 0.6162500000000001 0.6190053287037037 0.61 0.6136767314814814 0.6055 0.6012433402777778 0.6020000000000001 0.5919182939814815 0.6012500000000001 0.5785968032407408 0.604 0.5741563055555555 0.607 0.5706039074074074 0.6125 0.5701598587962963 0.61725 0.5750444050925926 0.62575 0.5790408518518518 0.62875 0.5883658958333333 0.631
13 0.4005328587962963 0.63525 0.41030195370370365 0.63425 0.4187388981481482 0.6315 0.42317939583333336 0.62825 0.4258436944444444 0.624 0.4258436944444444 0.6162500000000001 0.42317939583333336 0.61125 0.4196269976851852 0.60775 0.4147424513888889 0.60575 0.4014209583333333 0.6045 0.38676731712962964 0.6055 0.3787744236111111 0.61075 0.37477797453703704 0.617 0.3743339259259259 0.6204999999999999 0.37744227314814816 0.62875 0.3863232685185185 0.6339999999999999 0.4005328587962963 0.63525
13 0.49111900462962965 0.68675 0.5039964467592593 0.68775 0.5106571944444445 0.6865 0.5195381875 0.68275 0.5235346365740741 0.6789999999999999 0.5261989351851851 0.6717500000000001 0.5222024861111111 0.66425 0.5142095925925926 0.6607500000000001 0.5048845462962963 0.6585 0.49422735416666663 0.6585 0.4835701597222222 0.6605 0.479573712962963 0.663 0.4755772638888889 0.66875 0.4751332152777778 0.6755 0.4782415625 0.68075 0.4826820601851852 0.684 0.49111900462962965 0.68675
13 0.6780639421296297 0.68275 0.6847246898148148 0.68425 0.6993783310185185 0.6845 0.7082593240740741 0.68275 0.7158081712962963 0.6787500000000001 0.7202486689814814 0.6722499999999999 0.7202486689814814 0.6675 0.7175843703703704 0.663 0.710479574074074 0.6575000000000001 0.7002664305555556 0.6555 0.6793960925925927 0.6565 0.6714031967592592 0.66 0.6687388981481481 0.66325 0.6678507986111112 0.66975 0.6696269976851852 0.6755 0.6731793958333333 0.6799999999999999 0.6780639421296297 0.68275