7 0.5023148148148148 0.3773148148148148 0.5046296296296297 0.3819444444444444 0.5023148148148148 0.3912037037037037 0.5115740740740741 0.3958333333333333 0.5370370370370371 0.3958333333333333 0.5416666666666666 0.39351851851851855 0.5486111111111112 0.38425925925925924 0.5601851851851852 0.3819444444444444 0.5625 0.37962962962962965 0.5879629629629629 0.37962962962962965 0.5902777777777778 0.3819444444444444 0.5879629629629629 0.3912037037037037 0.5833333333333334 0.39814814814814814 0.5694444444444444 0.4074074074074074 0.5648148148148148 0.4074074074074074 0.5555555555555556 0.41203703703703703 0.5486111111111112 0.41203703703703703 0.5462962962962963 0.41435185185185186 0.5162037037037037 0.41435185185185186 0.5138888888888888 0.4166666666666667 0.5092592592592593 0.4166666666666667 0.5069444444444444 0.41435185185185186 0.5023148148148148 0.41898148148148145 0.5 0.4444444444444444 0.5046296296296297 0.44907407407407407 0.5277777777777778 0.44907407407407407 0.5300925925925926 0.4537037037037037 0.5300925925925926 0.46296296296296297 0.5254629629629629 0.4675925925925926 0.5208333333333334 0.4699074074074074 0.5162037037037037 0.4699074074074074 0.5138888888888888 0.4675925925925926 0.5023148148148148 0.4675925925925926 0.5 0.4699074074074074 0.5 0.48842592592592593 0.5092592592592593 0.4976851851851852 0.5254629629629629 0.5 0.5300925925925926 0.5046296296296297 0.5324074074074074 0.5162037037037037 0.5254629629629629 0.5208333333333334 0.49537037037037035 0.5162037037037037 0.48148148148148145 0.5069444444444444 0.4722222222222222 0.5023148148148148 0.4675925925925926 0.5023148148148148 0.4583333333333333 0.49074074074074076 0.4583333333333333 0.4699074074074074 0.45601851851851855 0.4675925925925926 0.4351851851851852 0.4675925925925926 0.42824074074074076 0.46296296296296297 0.42824074074074076 0.4537037037037037 0.43287037037037035 0.44675925925925924 0.45601851851851855 0.44675925925925924 0.46064814814814814 0.44212962962962965 0.46064814814814814 0.4166666666666667 0.4583333333333333 0.41435185185185186 0.4351851851851852 0.41435185185185186 0.4305555555555556 0.4074074074074074 0.43287037037037035 0.4050925925925926 0.4351851851851852 0.39351851851851855 0.4398148148148148 0.39351851851851855 0.44212962962962965 0.3912037037037037 0.4583333333333333 0.3912037037037037 0.46064814814814814 0.3888888888888889 0.46064814814814814 0.3819444444444444 0.4652777777777778 0.3773148148148148 0.5 0.3773148148148148
10 0.5300925925925926 0.44907407407407407 0.5439814814814815 0.44907407407407407 0.5486111111111112 0.4444444444444444 0.5486111111111112 0.4375 0.5601851851851852 0.43287037037037035 0.5856481481481481 0.43287037037037035 0.5879629629629629 0.4351851851851852 0.5925925925925926 0.4351851851851852 0.5949074074074074 0.4375 0.5925925925925926 0.44212962962962965 0.5925925925925926 0.44907407407407407 0.5949074074074074 0.4513888888888889 0.5995370370370371 0.44907407407407407 0.6041666666666666 0.44907407407407407 0.6064814814814815 0.4513888888888889 0.6180555555555556 0.4513888888888889 0.6203703703703703 0.44907407407407407 0.625 0.44907407407407407 0.6342592592592593 0.4375 0.6504629629629629 0.4375 0.6527777777777778 0.4351851851851852 0.6736111111111112 0.4351851851851852 0.6759259259259259 0.4375 0.6759259259259259 0.4444444444444444 0.6712962962962963 0.4513888888888889 0.6597222222222222 0.46064814814814814 0.6550925925925926 0.46064814814814814 0.6412037037037037 0.4675925925925926 0.6273148148148148 0.4675925925925926 0.625 0.4699074074074074 0.5949074074074074 0.4699074074074074 0.5902777777777778 0.47453703703703703 0.5902777777777778 0.5 0.5925925925925926 0.5023148148148148 0.6226851851851852 0.5023148148148148 0.625 0.5046296296296297 0.6388888888888888 0.5046296296296297 0.6527777777777778 0.5115740740740741 0.6574074074074074 0.5115740740740741 0.6736111111111112 0.5277777777777778 0.6736111111111112 0.5462962962962963 0.6620370370370371 0.5601851851851852 0.6435185185185185 0.5694444444444444 0.6388888888888888 0.5694444444444444 0.6365740740740741 0.5717592592592593 0.625 0.5717592592592593 0.6226851851851852 0.5740740740740741 0.6111111111111112 0.5740740740740741 0.6087962962962963 0.5717592592592593 0.5856481481481481 0.5694444444444444 0.5717592592592593 0.5601851851851852 0.5671296296296297 0.5601851851851852 0.5532407407407407 0.5532407407407407 0.5486111111111112 0.5486111111111112 0.5462962962962963 0.5439814814814815 0.5462962962962963 0.5231481481481481 0.5486111111111112 0.5208333333333334 0.5462962962962963 0.5185185185185185 0.5324074074074074 0.5185185185185185 0.5324074074074074 0.5069444444444444 0.5300925925925926 0.5046296296296297 0.5300925925925926 0.5023148148148148 0.5439814814814815 0.5023148148148148 0.5486111111111112 0.4976851851851852 0.5486111111111112 0.4722222222222222 0.5416666666666666 0.4675925925925926 0.5370370370370371 0.4699074074074074 0.5300925925925926 0.4675925925925926 0.5300925925925926 0.46296296296296297 0.5324074074074074 0.46064814814814814 0.5324074074074074 0.4537037037037037 0.5300925925925926 0.4513888888888889
8 0.4375 0.5023148148148148 0.4583333333333333 0.5023148148148148 0.46064814814814814 0.5046296296296297 0.4675925925925926 0.5046296296296297 0.49074074074074076 0.5162037037037037 0.4976851851851852 0.5231481481481481 0.5023148148148148 0.5324074074074074 0.5023148148148148 0.5532407407407407 0.5046296296296297 0.5555555555555556 0.5092592592592593 0.5532407407407407 0.5509259259259259 0.5555555555555556 0.5740740740740741 0.5648148148148148 0.5856481481481481 0.5740740740740741 0.5902777777777778 0.5833333333333334 0.5902777777777778 0.6018518518518519 0.5925925925925926 0.6041666666666666 0.6041666666666666 0.6041666666666666 0.6180555555555556 0.6111111111111112 0.6180555555555556 0.625 0.6064814814814815 0.625 0.6041666666666666 0.6273148148148148 0.5949074074074074 0.6273148148148148 0.5925925925925926 0.625 0.5902777777777778 0.6273148148148148 0.5902777777777778 0.6481481481481481 0.6111111111111112 0.6574074074074074 0.6180555555555556 0.6643518518518519 0.6180555555555556 0.6759259259259259 0.6157407407407407 0.6782407407407407 0.5972222222222222 0.6782407407407407 0.5949074074074074 0.6759259259259259 0.5879629629629629 0.6759259259259259 0.5740740740740741 0.6689814814814815 0.5694444444444444 0.6689814814814815 0.5648148148148148 0.6643518518518519 0.5578703703703703 0.6620370370370371 0.5462962962962963 0.6504629629629629 0.5462962962962963 0.6435185185185185 0.5439814814814815 0.6412037037037037 0.5439814814814815 0.6365740740740741 0.5462962962962963 0.6342592592592593 0.5416666666666666 0.6273148148148148 0.5092592592592593 0.6273148148148148 0.5069444444444444 0.625 0.49074074074074076 0.6226851851851852 0.4722222222222222 0.6134259259259259 0.4583333333333333 0.5972222222222222 0.4583333333333333 0.5763888888888888 0.45601851851851855 0.5740740740740741 0.4398148148148148 0.5740740740740741 0.4375 0.5717592592592593 0.4398148148148148 0.5694444444444444 0.4398148148148148 0.5648148148148148 0.4351851851851852 0.5555555555555556 0.45601851851851855 0.5532407407407407 0.4583333333333333 0.5509259259259259 0.4583333333333333 0.5347222222222222 0.45601851851851855 0.5300925925925926 0.4444444444444444 0.5231481481481481 0.4375 0.5231481481481481 0.4375 0.5185185185185185 0.4398148148148148 0.5162037037037037 0.4375 0.5046296296296297
3 0.43287037037037035 0.5555555555555556 0.4375 0.5648148148148148 0.4375 0.5717592592592593 0.43287037037037035 0.5763888888888888 0.4097222222222222 0.5763888888888888 0.4050925925925926 0.5810185185185185 0.4050925925925926 0.6064814814814815 0.41203703703703703 0.6134259259259259 0.4212962962962963 0.6087962962962963 0.4398148148148148 0.6087962962962963 0.44212962962962965 0.6111111111111112 0.4537037037037037 0.6111111111111112 0.45601851851851855 0.6134259259259259 0.4699074074074074 0.6157407407407407 0.48842592592592593 0.625 0.49537037037037035 0.6319444444444444 0.5 0.6435185185185185 0.4976851851851852 0.6574074074074074 0.4861111111111111 0.6712962962962963 0.4699074074074074 0.6805555555555556 0.4537037037037037 0.6828703703703703 0.4513888888888889 0.6851851851851852 0.41435185185185186 0.6851851851851852 0.41203703703703703 0.6828703703703703 0.4027777777777778 0.6828703703703703 0.38657407407407407 0.6759259259259259 0.3680555555555556 0.6597222222222222 0.36574074074074076 0.6550925925925926 0.36574074074074076 0.6365740740740741 0.36342592592592593 0.6342592592592593 0.3449074074074074 0.6342592592592593 0.33796296296296297 0.6203703703703703 0.33796296296296297 0.6134259259259259 0.36342592592592593 0.6134259259259259 0.36574074074074076 0.6111111111111112 0.3680555555555556 0.5810185185185185 0.36574074074074076 0.5787037037037037 0.3449074074074074 0.5787037037037037 0.3402777777777778 0.5740740740740741 0.3402777777777778 0.5625 0.33796296296296297 0.5578703703703703 0.3611111111111111 0.5578703703703703 0.36574074074074076 0.5532407407407407 0.36342592592592593 0.5370370370370371 0.3680555555555556 0.5254629629629629 0.375 0.5185185185185185 0.39814814814814814 0.5069444444444444 0.43287037037037035 0.5023148148148148 0.4375 0.5092592592592593 0.4351851851851852 0.5208333333333334 0.43287037037037035 0.5231481481481481 0.41435185185185186 0.5277777777777778 0.4050925925925926 0.5393518518518519 0.4050925925925926 0.5532407407407407 0.4074074074074074 0.5555555555555556 0.4305555555555556 0.5555555555555556
9 0.24305555555555555 0.5 0.24537037037037038 0.5023148148148148 0.26157407407407407 0.5023148148148148 0.2638888888888889 0.5046296296296297 0.2708333333333333 0.5046296296296297 0.2777777777777778 0.5092592592592593 0.2824074074074074 0.5092592592592593 0.30324074074074076 0.5277777777777778 0.30324074074074076 0.5347222222222222 0.3055555555555556 0.5370370370370371 0.30324074074074076 0.5532407407407407 0.30787037037037035 0.5578703703703703 0.3333333333333333 0.5578703703703703 0.33564814814814814 0.5601851851851852 0.33564814814814814 0.5763888888888888 0.32407407407407407 0.5810185185185185 0.32175925925925924 0.5787037037037037 0.30787037037037035 0.5787037037037037 0.30324074074074076 0.5833333333333334 0.30324074074074076 0.5925925925925926 0.30092592592592593 0.5949074074074074 0.30324074074074076 0.5972222222222222 0.30324074074074076 0.6018518518518519 0.3101851851851852 0.6087962962962963 0.32407407407407407 0.6111111111111112 0.33101851851851855 0.6157407407407407 0.3333333333333333 0.6203703703703703 0.3333333333333333 0.6319444444444444 0.33101851851851855 0.6342592592592593 0.30324074074074076 0.6319444444444444 0.30092592592592593 0.6296296296296297 0.29398148148148145 0.6296296296296297 0.27546296296296297 0.6203703703703703 0.2638888888888889 0.6064814814814815 0.2638888888888889 0.6018518518518519 0.26157407407407407 0.5995370370370371 0.26157407407407407 0.5810185185185185 0.25925925925925924 0.5787037037037037 0.2175925925925926 0.5787037037037037 0.2152777777777778 0.5763888888888888 0.19675925925925927 0.5740740740740741 0.17824074074074073 0.5648148148148148 0.16435185185185186 0.5509259259259259 0.16203703703703703 0.5462962962962963 0.16203703703703703 0.5347222222222222 0.16666666666666666 0.5254629629629629 0.17592592592592593 0.5162037037037037 0.2013888888888889 0.5046296296296297 0.20833333333333334 0.5046296296296297 0.21064814814814814 0.5023148148148148 0.2361111111111111 0.5023148148148148 0.24074074074074073 0.5
11 0.025754884259259262 0.4305 0.024422736111111114 0.43225 0.029307282407407407 0.441375 0.027531083333333334 0.44675000000000004 0.03152753009259259 0.45599999999999996 0.030195381944444443 0.45825 0.026198935185185186 0.45975 0.030195381944444443 0.46325 0.03108348148148148 0.475 0.0266429837962963 0.51375 0.024422736111111114 0.5155 0.02975133101851852 0.52225 0.025754884259259262 0.52975 0.027531083333333334 0.53225 0.027087034722222222 0.554 0.030639430555555555 0.5599999999999999 0.028863233796296295 0.56775 0.024422736111111114 0.571 0.025754884259259262 0.5735 0.027087034722222222 0.6104999999999999 0.02531083564814815 0.613 0.02841918287037037 0.61575 0.030195381944444443 0.6225 0.02797513425925926 0.6265000000000001 0.027531083333333334 0.6405000000000001 0.030195381944444443 0.6465000000000001 0.030195381944444443 0.66325 0.032415629629629635 0.67458325 0.030639430555555555 0.7032499999999999 0.02841918287037037 0.7100000000000001 0.03108348148148148 0.71375 0.032415629629629635 0.7332500000000001 0.03108348148148148 0.73775 0.03374778009259259 0.7487499999999999 0.03596802777777778 0.75325 0.043072824074074076 0.7589999999999999 0.043072824074074076 0.762 0.06349911111111112 0.76475 0.06882770833333333 0.76425 0.08436944907407408 0.76625 0.11056838425925927 0.763 0.1265541736111111 0.763 0.1380994675925926 0.761 0.1407637662037037 0.7625 0.15674955555555556 0.7565 0.16074600462962962 0.7519999999999999 0.1647424513888889 0.75375 0.16740675 0.75 0.1722912962962963 0.749 0.2038188287037037 0.74975 0.2304618125 0.7472500000000001 0.24111900462962962 0.74775 0.2624333935185185 0.74675 0.2939609236111111 0.7435 0.3228241574074074 0.74275 0.333925400462963 0.7410000000000001 0.35479573611111115 0.73975 0.36412078240740736 0.7402500000000001 0.3765541736111111 0.73875 0.3903197152777778 0.73875 0.4107460046296296 0.737 0.44937833101851854 0.736 0.5319715810185185 0.73 0.5746003541666667 0.729 0.585701599537037 0.7270000000000001 0.6718472476851851 0.7225 0.7007104791666667 0.7192500000000001 0.7242451157407408 0.7192500000000001 0.7544404976851852 0.7167500000000001 0.7770870347222222 0.7160000000000001 0.7970692708333333 0.7142499999999999 0.8001776203703704 0.71275 0.810390763888889 0.7135 0.831705150462963 0.7115 0.8525754884259259 0.70575 0.8623445833333334 0.69975 0.8698934282407408 0.693 0.876998224537037 0.6815 0.8783303726851851 0.6689999999999999 0.8783303726851851 0.654 0.8761101250000001 0.64675 0.8778863240740741 0.62875 0.875666074074074 0.60475 0.8774422731481482 0.5825 0.875666074074074 0.564 0.875666074074074 0.51091675 0.8774422731481482 0.48924999999999996 0.8747779745370371 0.481 0.8765541736111111 0.4715 0.8747779745370371 0.45275 0.8765541736111111 0.44275 0.8752220254629629 0.4405 0.8765541736111111 0.40625 0.874333925925926 0.38487499999999997 0.8765541736111111 0.3665 0.8761101250000001 0.31725 0.8738898749999999 0.3035 0.8747779745370371 0.2925 0.8685612777777778 0.27749999999999997 0.8636767314814814 0.2725 0.853019537037037 0.2655 0.8419182939814815 0.26075000000000004 0.8321492013888888 0.2585 0.7975133217592593 0.25475000000000003 0.7602131435185185 0.2535 0.7411190046296297 0.25125000000000003 0.7149200717592592 0.25 0.7011545300925925 0.25025000000000003 0.6558614560185185 0.2465 0.6412078148148148 0.24675 0.6136767314814814 0.24325 0.5901420949074074 0.24275 0.5577264652777778 0.24000000000000002 0.5528419189814815 0.24075000000000002 0.4977797523148148 0.236 0.43472468981481477 0.2335 0.32460035416666666 0.22575 0.3112788634259259 0.226 0.2446714027777778 0.22025 0.20603907638888888 0.22 0.18472468981481482 0.218 0.1776198935185185 0.219 0.16873889814814816 0.21725 0.16119005324074073 0.20925 0.13987566666666668 0.20175 0.12744227314814816 0.199 0.09857904166666666 0.19674999999999998 0.09635879166666667 0.19825 0.08348134953703704 0.19825 0.08170515046296296 0.19975 0.07948490277777777 0.199 0.07504440509259258 0.19975 0.07238010648148148 0.19625 0.0706039074074074 0.19599999999999998 0.06882770833333333 0.19774999999999998 0.05017762037037037 0.19924999999999998 0.03774422685185185 0.20299999999999999 0.03818827777777778 0.20700000000000002 0.03596802777777778 0.2075 0.032859680555555555 0.20600000000000002 0.030195381944444443 0.2065 0.023978685185185183 0.21 0.01909413888888889 0.2155 0.011989342592592591 0.21675 0.008436944444444445 0.216 0.015097689814814816 0.2275 0.017761988425925926 0.22724999999999998 0.02220248611111111 0.23 0.025754884259259262 0.4305
12 0.1776198935185185 0.18049874999999999 0.018650087962962966 0.18049874999999999 0.018650087962962966 0.77383125 0.1776198935185185 0.77383125 0.1776198935185185 0.18049874999999999
13 0.43605683796296296 0.33649999999999997 0.44893428009259256 0.33325 0.45204262962962966 0.33125 0.456483125 0.32399999999999995 0.456483125 0.31775 0.4471580810185185 0.30975 0.43605683796296296 0.30725 0.42539964583333334 0.307 0.4116341041666666 0.31150000000000005 0.4080817060185185 0.31699999999999995 0.4076376550925926 0.32175000000000004 0.4116341041666666 0.32749999999999996 0.42673179398148153 0.33575000000000005 0.43605683796296296 0.33649999999999997
13 0.6065719351851853 0.34299999999999997 0.6163410300925926 0.34349999999999997 0.626998224537037 0.33949999999999997 0.6336589699074074 0.33075 0.6301065717592592 0.32075 0.6247779745370371 0.3175 0.6158969814814815 0.3145 0.6083481342592593 0.314 0.6021314398148149 0.31475000000000003 0.5928063935185185 0.3195 0.5901420949074074 0.32375000000000004 0.5905861458333334 0.33375 0.5928063935185185 0.3375 0.5963587916666667 0.33975 0.6065719351851853 0.34299999999999997
13 0.6922735347222222 0.39825000000000005 0.6993783310185185 0.39875 0.710479574074074 0.39475000000000005 0.7171403194444445 0.387 0.7158081712962963 0.38025 0.7095914745370371 0.373 0.6993783310185185 0.3695 0.6927175833333332 0.36924999999999997 0.6811722916666667 0.373 0.6745115462962963 0.37975 0.6745115462962963 0.38775000000000004 0.6816163402777777 0.3945 0.6860568379629629 0.3965 0.6922735347222222 0.39825000000000005
13 0.5293072824074074 0.39275 0.5359680277777777 0.39175 0.5417406759259259 0.38825 0.5457371226851851 0.38375 0.5461811712962963 0.37925000000000003 0.5439609236111111 0.37225 0.5359680277777777 0.366 0.520870337962963 0.36475 0.5084369444444444 0.36625 0.5035523981481481 0.37325 0.5053285972222222 0.38775000000000004 0.5102131435185185 0.39075 0.5190941388888889 0.39275 0.5293072824074074 0.39275
13 0.33170515046296295 0.3875 0.34103019444444443 0.388 0.3468028425925926 0.38725 0.3521314398148148 0.38525 0.3601243333333333 0.37975 0.3610124328703704 0.373 0.35834813425925927 0.366 0.35612788657407407 0.36374999999999996 0.3476909421296296 0.36000000000000004 0.33792184722222224 0.35825 0.3263765532407408 0.359 0.3188277083333333 0.36175 0.31261101157407406 0.36675 0.31172291203703706 0.3765 0.31527531018518523 0.3805 0.3237122546296296 0.385 0.33170515046296295 0.3875
13 0.7659857893518519 0.448 0.7722024861111111 0.44925 0.7828596805555555 0.44875000000000004 0.789520425925926 0.44675000000000004 0.7952930717592592 0.44275 0.7984014212962963 0.43650000000000005 0.7984014212962963 0.432 0.7957371226851853 0.42824999999999996 0.7859680277777777 0.42324999999999996 0.7797513310185186 0.42175 0.7730905856481483 0.42175 0.7664298402777777 0.42324999999999996 0.7571047962962963 0.428 0.7553285972222222 0.4315 0.7548845462962963 0.436 0.7579928958333333 0.4425 0.7615452939814815 0.446 0.7659857893518519 0.448
13 0.5892539953703704 0.4325 0.5923623449074074 0.434 0.5941385439814815 0.43650000000000005 0.5945825925925926 0.44549999999999995 0.5972468912037037 0.44675000000000004 0.6056838356481481 0.44825000000000004 0.6194493773148148 0.448 0.625666074074074 0.445 0.6292184722222223 0.44 0.6354351689814814 0.4355 0.6363232685185186 0.43125 0.6336589699074074 0.42575 0.6292184722222223 0.42175 0.6190053287037037 0.41675 0.606127886574074 0.41424999999999995 0.5919182939814815 0.41475 0.5852575486111111 0.41700000000000004 0.5812611018518519 0.41700000000000004 0.5723801064814814 0.42175 0.5706039074074074 0.425 0.5710479583333333 0.42925 0.5781527523148148 0.4315 0.5892539953703704 0.4325
13 0.4222912962962963 0.44325000000000003 0.4316163402777778 0.44475000000000003 0.4422735347222222 0.44375 0.44582593287037037 0.443 0.4507104791666667 0.44 0.4547069282407407 0.43300000000000005 0.45426287731481485 0.42600000000000005 0.44937833101851854 0.42050000000000004 0.4422735347222222 0.41750000000000004 0.43605683796296296 0.4165 0.4262877453703704 0.4165 0.42140319675925925 0.41750000000000004 0.4116341041666666 0.42225 0.40896980555555557 0.427 0.40896980555555557 0.43275 0.4107460046296296 0.436 0.41785079861111113 0.4415 0.4222912962962963 0.44325000000000003
13 0.2309058611111111 0.4415 0.24378330324074074 0.44199999999999995 0.25177619907407406 0.441 0.25888099537037035 0.437 0.2624333935185185 0.43275 0.2624333935185185 0.42525 0.2557726458333333 0.4165 0.25177619907407406 0.41424999999999995 0.23579040740740742 0.411 0.2277975138888889 0.41125 0.21669627083333334 0.41525 0.21003552314814816 0.423 0.21003552314814816 0.42875 0.2131438726851852 0.43425 0.2202486689814815 0.43849999999999995 0.2309058611111111 0.4415
13 0.3383658958333334 0.49900000000000005 0.3445825925925926 0.49875 0.35346358796296296 0.496 0.3601243333333333 0.49200000000000005 0.36323268287037036 0.48675 0.3614564837962963 0.4785 0.35612788657407407 0.4735 0.3485790416666667 0.4705 0.3401420949074074 0.46900000000000003 0.3330373009259259 0.46950000000000003 0.3237122546296296 0.472 0.3174955601851852 0.47575 0.3134991111111111 0.48175 0.31305506250000004 0.4875 0.3174955601851852 0.493 0.3294849027777778 0.4975 0.3383658958333334 0.49900000000000005
13 0.5293072824074074 0.49875 0.5408525763888888 0.49624999999999997 0.5452930717592592 0.49125 0.5461811712962963 0.48075 0.5452930717592592 0.477 0.539520425925926 0.47324999999999995 0.5261989351851851 0.4715 0.5177619884259259 0.472 0.501776199074074 0.47975 0.501776199074074 0.488 0.5084369444444444 0.495 0.5146536412037037 0.497 0.5293072824074074 0.49875
13 0.6891651875 0.49774999999999997 0.7024866782407407 0.49774999999999997 0.7100355231481481 0.49525 0.7144760208333333 0.49125 0.7162522199074074 0.4855 0.7144760208333333 0.48000000000000004 0.7109236226851853 0.47650000000000003 0.7033747777777778 0.47300000000000003 0.6953818819444444 0.47225 0.6856127893518519 0.4735 0.6798401412037037 0.47625 0.6745115462962963 0.48150000000000004 0.6736234467592593 0.48574999999999996 0.6753996458333333 0.49175 0.6793960925925927 0.49475 0.6891651875 0.49774999999999997
13 0.7761989351851852 0.5485 0.7868561273148148 0.54725 0.793516875 0.543 0.7979573703703703 0.5365 0.7970692708333333 0.5295 0.7939609236111111 0.5257499999999999 0.7828596805555555 0.522 0.774422736111111 0.5217499999999999 0.7619893425925925 0.52325 0.7575488449074074 0.527 0.7562166967592593 0.5367500000000001 0.7602131435185185 0.544 0.7677619884259259 0.547 0.7761989351851852 0.5485
13 0.6127886319444444 0.552 0.6190053287037037 0.5505 0.626998224537037 0.54675 0.6332149189814814 0.53975 0.6336589699074074 0.5339999999999999 0.6301065717592592 0.52825 0.625666074074074 0.5257499999999999 0.6176731782407408 0.5235 0.6016873888888888 0.5245 0.5932504444444445 0.52675 0.5914742453703704 0.5317500000000001 0.5919182939814815 0.54275 0.5981349907407407 0.5495 0.6052397870370371 0.552 0.6127886319444444 0.552
13 0.4325044398148148 0.5529999999999999 0.43738898842592594 0.55175 0.4471580810185185 0.55175 0.4547069282407407 0.55025 0.4569271759259259 0.54225 0.456483125 0.5335 0.4538188287037037 0.529 0.44804618055555556 0.52525 0.44271758333333333 0.5235 0.4356127893518518 0.5235 0.42007104861111116 0.5275 0.41030195370370365 0.53275 0.40852575462962964 0.5409999999999999 0.41119005324074076 0.547 0.4151865 0.551 0.4325044398148148 0.5529999999999999
13 0.21714031944444445 0.5535 0.2309058611111111 0.556 0.24911190046296297 0.55525 0.2544404976851852 0.5535 0.2584369444444445 0.55375 0.26110124305555554 0.539 0.2584369444444445 0.53275 0.2548845462962963 0.52925 0.23801065740740743 0.52625 0.22380106481481482 0.52725 0.21802841898148148 0.5287499999999999 0.20959147453703703 0.5335 0.20603907638888888 0.53775 0.20515097685185182 0.5437500000000001 0.206483125 0.5465 0.21181172222222222 0.551 0.21714031944444445 0.5535
13 0.3277087037037037 0.6097499999999999 0.3485790416666667 0.60775 0.3574600347222222 0.60325 0.3605683842592593 0.59875 0.3605683842592593 0.59175 0.35790408564814813 0.58575 0.35301953703703703 0.5825 0.3490230902777778 0.5815 0.3348135 0.581 0.3263765532407408 0.583 0.3157193611111111 0.58925 0.31305506250000004 0.5925 0.312166962962963 0.59675 0.31483126157407404 0.601 0.3197158078703704 0.606 0.3277087037037037 0.6097499999999999
13 0.5288632337962963 0.604 0.543516875 0.6022500000000001 0.5466252222222222 0.5865 0.542628775462963 0.581 0.5364120787037037 0.57675 0.5310834814814815 0.576 0.5119893425925925 0.57675 0.5057726458333334 0.5792499999999999 0.5035523981481481 0.5835 0.5039964467592593 0.5954999999999999 0.5088809953703703 0.6012500000000001 0.5182060393518518 0.604 0.5288632337962963 0.604
13 0.6842806388888889 0.597 0.6918294837962963 0.5994999999999999 0.6993783310185185 0.59975 0.7100355231481481 0.59675 0.7153641203703704 0.592 0.7171403194444445 0.58675 0.7162522199074074 0.5815 0.7082593240740741 0.57475 0.7002664305555556 0.5725 0.690941386574074 0.57275 0.6865008888888888 0.5735 0.6780639421296297 0.57725 0.6740674953703704 0.5815 0.6753996458333333 0.5885 0.6776198935185185 0.59225 0.6842806388888889 0.597
13 0.6163410300925926 0.6555 0.6283303726851851 0.65075 0.6336589699074074 0.64575 0.6354351689814814 0.64125 0.6354351689814814 0.636 0.6323268217592592 0.63025 0.6194493773148148 0.62575 0.6141207824074074 0.6277499999999999 0.5959147430555555 0.6305 0.5932504444444445 0.6345 0.5928063935185185 0.644 0.5950266435185185 0.647 0.6087921851851852 0.6545000000000001 0.6163410300925926 0.6555
13 0.41829484953703705 0.661 0.43294849074074077 0.663 0.4476021319444445 0.6582499999999999 0.4547069282407407 0.6542500000000001 0.458703375 0.6477499999999999 0.458703375 0.6435000000000001 0.45293072916666666 0.63625 0.4409413865740741 0.6335000000000001 0.4293960925925926 0.6332500000000001 0.4151865 0.6347499999999999 0.4107460046296296 0.637 0.41252220138888884 0.64125 0.41030195370370365 0.64375 0.41030195370370365 0.6545000000000001 0.41829484953703705 0.661