6 0.6898148148148148 0.42824074074074076 0.6944444444444444 0.4351851851851852 0.6921296296296297 0.4444444444444444 0.6875 0.44907407407407407 0.6782407407407407 0.44907407407407407 0.6689814814814815 0.4537037037037037 0.6620370370370371 0.46064814814814814 0.6620370370370371 0.4722222222222222 0.6597222222222222 0.47453703703703703 0.6643518518518519 0.4791666666666667 0.6851851851851852 0.4791666666666667 0.6898148148148148 0.48148148148148145 0.6921296296296297 0.4861111111111111 0.6921296296296297 0.49537037037037035 0.6875 0.5 0.6643518518518519 0.5 0.6597222222222222 0.5046296296296297 0.6620370370370371 0.5092592592592593 0.6620370370370371 0.5185185185185185 0.6597222222222222 0.5208333333333334 0.6597222222222222 0.5277777777777778 0.6550925925925926 0.5347222222222222 0.6365740740740741 0.5462962962962963 0.6319444444444444 0.5462962962962963 0.6226851851851852 0.5509259259259259 0.6134259259259259 0.5509259259259259 0.6111111111111112 0.5532407407407407 0.5810185185185185 0.5532407407407407 0.5787037037037037 0.5509259259259259 0.5694444444444444 0.5509259259259259 0.5555555555555556 0.5439814814814815 0.5509259259259259 0.5439814814814815 0.5347222222222222 0.5300925925925926 0.5300925925925926 0.5185185185185185 0.5300925925925926 0.5046296296296297 0.5254629629629629 0.5 0.5046296296296297 0.5 0.5023148148148148 0.4976851851851852 0.5023148148148148 0.4837962962962963 0.5046296296296297 0.48148148148148145 0.5254629629629629 0.48148148148148145 0.5300925925925926 0.47685185185185186 0.5300925925925926 0.4652777777777778 0.5185185185185185 0.4513888888888889 0.5023148148148148 0.44907407407407407 0.5 0.44675925925925924 0.5 0.4305555555555556 0.5023148148148148 0.42824074074074076 0.5231481481481481 0.4305555555555556 0.5254629629629629 0.43287037037037035 0.5416666666666666 0.4351851851851852 0.5532407407407407 0.44212962962962965 0.5648148148148148 0.45601851851851855 0.5671296296296297 0.47685185185185186 0.5717592592592593 0.48148148148148145 0.6157407407407407 0.48148148148148145 0.6203703703703703 0.47685185185185186 0.6203703703703703 0.46064814814814814 0.6226851851851852 0.4583333333333333 0.6226851851851852 0.4537037037037037 0.625 0.44907407407407407 0.6319444444444444 0.4444444444444444 0.6319444444444444 0.44212962962962965 0.6574074074074074 0.4305555555555556 0.6875 0.42824074074074076
11 0.1678507986111111 0.70625 0.16429840046296298 0.7232500000000001 0.16607459953703702 0.7262500000000001 0.1651865 0.73175 0.16651865046296296 0.73375 0.1647424513888889 0.73775 0.1651865 0.75225 0.16607459953703702 0.762 0.17140319675925927 0.7675 0.1731793958333333 0.774 0.17673179398148148 0.7765 0.17850799305555556 0.77725 0.19982237962962962 0.77775 0.333481349537037 0.77625 0.3499111898148148 0.77525 0.9160745995370371 0.7665 0.9311722916666667 0.76425 0.9555950277777777 0.764 0.9600355231481481 0.765 0.9920071041666667 0.76425 0.999555951388889 0.76225 0.999555951388889 0.291 0.9942273541666666 0.28775 0.9746891643518518 0.28375 0.9595914745370371 0.2835 0.9551509768518519 0.28425 0.939609236111111 0.28275 0.9071936064814815 0.28375 0.8956483125 0.28675 0.8796625231481481 0.28400000000000003 0.8605683842592592 0.28325 0.2895204259259259 0.287 0.2859680277777778 0.28775 0.22513321527777777 0.28825 0.2055950277777778 0.28775 0.18872113657407408 0.28975 0.16829484953703702 0.29625 0.16119005324074073 0.3 0.14920071064814813 0.31075 0.14342806481481482 0.31975000000000003 0.14253996527777776 0.32375000000000004 0.16119005324074073 0.6547499999999999 0.16385435185185185 0.66025 0.16296625231481482 0.67625 0.1678507986111111 0.70625
12 0.9964875671296296 0.708265 0.15496891666666668 0.708265 0.15496891666666668 0.77874 0.9964875671296296 0.77874 0.9964875671296296 0.708265
13 0.4902309050925926 0.3715 0.5026642986111112 0.371 0.5155417407407408 0.366 0.5190941388888889 0.36024999999999996 0.5182060393518518 0.35100000000000003 0.5088809953703703 0.34400000000000003 0.5 0.34125 0.49289520370370365 0.34075 0.4840142106481482 0.342 0.47424511574074074 0.347 0.4702486689814815 0.3525 0.4711367662037037 0.3625 0.47690941435185186 0.368 0.48179396064814817 0.37025 0.4902309050925926 0.3715
13 0.6771758425925926 0.37074999999999997 0.6860568379629629 0.37175 0.6953818819444444 0.36975 0.7029307291666667 0.36625 0.706483125 0.36275 0.7091474236111112 0.35725 0.7091474236111112 0.352 0.7038188287037037 0.34375 0.6949378333333334 0.339 0.689609236111111 0.33799999999999997 0.6820603912037037 0.3385 0.6714031967592592 0.341 0.666518650462963 0.34425 0.6607460046296296 0.35100000000000003 0.6603019537037037 0.35675 0.6629662523148149 0.36325 0.6718472476851851 0.36924999999999997 0.6771758425925926 0.37074999999999997
13 0.39742451157407405 0.4265 0.4080817060185185 0.42600000000000005 0.41740675 0.42375 0.4227353472222222 0.41975 0.42539964583333334 0.415 0.4249555949074074 0.408 0.4187388981481482 0.40075 0.41252220138888884 0.39849999999999997 0.4045293078703704 0.39675 0.39342806481481485 0.39699999999999996 0.38321491898148147 0.40125 0.3765541736111111 0.408 0.3765541736111111 0.415 0.37921847222222227 0.4195 0.38765541666666664 0.425 0.39742451157407405 0.4265
13 0.5812611018518519 0.4245 0.5985790416666666 0.42425 0.606127886574074 0.42175 0.6141207824074074 0.41525 0.6141207824074074 0.40425 0.6083481342592593 0.39825000000000005 0.6021314398148149 0.39575 0.5985790416666666 0.39499999999999996 0.5785968032407408 0.39575 0.5714920069444445 0.3995 0.5670515092592593 0.4045 0.5661634097222222 0.4115 0.5688277083333333 0.41725 0.5719360578703704 0.42025 0.5812611018518519 0.4245
13 0.7815275300925926 0.423 0.7877442268518519 0.42225 0.7961811712962963 0.42 0.8015097685185185 0.416 0.8050621666666666 0.40875 0.8041740671296296 0.40375 0.8001776203703704 0.39775 0.7930728240740741 0.39375 0.7775310833333333 0.39325 0.7659857893518519 0.39525 0.7606571944444445 0.3975 0.7557726458333334 0.40425 0.7553285972222222 0.40850000000000003 0.7615452939814815 0.41825 0.7722024861111111 0.42175 0.7815275300925926 0.423
13 0.8694493773148148 0.47475 0.8832149189814814 0.47475 0.8929840138888889 0.47125 0.8983126111111112 0.46675 0.9005328587962963 0.46149999999999997 0.9000888101851852 0.45625 0.893872113425926 0.44899999999999995 0.8894316157407408 0.4475 0.8809946712962963 0.44575 0.8663410300925926 0.447 0.8574600347222222 0.44975 0.8512433402777778 0.455 0.8507992893518519 0.4635 0.8543516875 0.46825 0.8605683842592592 0.47175 0.8694493773148148 0.47475
13 0.6891651875 0.47650000000000003 0.6998223796296296 0.47450000000000003 0.7042628773148147 0.472 0.7091474236111112 0.46649999999999997 0.7100355231481481 0.46125 0.7055950277777777 0.453 0.6984902314814815 0.44825000000000004 0.6922735347222222 0.4475 0.6718472476851851 0.453 0.66740675 0.45675 0.6660745995370371 0.46325 0.6656305509259259 0.46725 0.6714031967592592 0.47324999999999995 0.6785079930555555 0.47525 0.6891651875 0.47650000000000003
13 0.4915630555555556 0.4785 0.5004440486111111 0.47875 0.5137655416666667 0.475 0.518650087962963 0.47250000000000003 0.5235346365740741 0.467 0.5230905856481481 0.46 0.5190941388888889 0.45475 0.5119893425925925 0.452 0.49866785185185186 0.45 0.4844582592592592 0.45225000000000004 0.47690941435185186 0.457 0.4738010648148148 0.46075000000000005 0.4738010648148148 0.46675 0.477353462962963 0.47300000000000003 0.4809058611111111 0.47575 0.4915630555555556 0.4785
13 0.29706927083333334 0.48075 0.3055062175925926 0.48150000000000004 0.3179396087962963 0.47975 0.3312611018518518 0.474 0.333481349537037 0.46375 0.3277087037037037 0.4565 0.3188277083333333 0.45249999999999996 0.30728241666666667 0.45075 0.2992895208333333 0.4515 0.2908525763888889 0.45475 0.2837477800925926 0.46 0.2824156296296296 0.46775000000000005 0.2841918287037037 0.4715 0.28774422685185186 0.47525 0.29706927083333334 0.48075
13 0.39742451157407405 0.5315 0.40852575462962964 0.5325 0.416074599537037 0.531 0.4249555949074074 0.52675 0.4289520416666666 0.5225 0.4302841921296296 0.5185 0.4271758425925926 0.5105 0.41829484953703705 0.5055000000000001 0.4040852569444444 0.50425 0.3960923634259259 0.50475 0.3854351689814815 0.50875 0.38188277083333333 0.513 0.3809946712962963 0.5195 0.38321491898148147 0.5245 0.3872113680555555 0.52825 0.39742451157407405 0.5315
13 0.5883658958333333 0.53025 0.5985790416666666 0.53025 0.6065719351851853 0.52825 0.6158969814814815 0.52275 0.6181172291666667 0.519 0.6181172291666667 0.51175 0.6092362337962962 0.5035 0.5972468912037037 0.502 0.5785968032407408 0.50375 0.5728241574074074 0.5055000000000001 0.5701598587962963 0.5085 0.5710479583333333 0.52025 0.5732682060185185 0.5237499999999999 0.5799289513888889 0.52825 0.5883658958333333 0.53025
13 0.7824156296296296 0.528 0.7899644768518519 0.52725 0.7984014212962963 0.5245 0.8050621666666666 0.519 0.8041740671296296 0.5085 0.8006216689814815 0.5045 0.792184724537037 0.50125 0.7810834814814815 0.50025 0.7690941388888889 0.501 0.7597690949074075 0.5065 0.7566607453703703 0.51175 0.7571047962962963 0.519 0.7606571944444445 0.5225 0.7753108356481482 0.52725 0.7824156296296296 0.528
13 0.8690053287037037 0.57975 0.8809946712962963 0.57975 0.8903197152777778 0.578 0.8965364120370369 0.57425 0.9005328587962963 0.56825 0.9009769097222221 0.56425 0.896980462962963 0.55725 0.8907637662037038 0.5535 0.8765541736111111 0.5515 0.8623445833333334 0.55325 0.8570159861111111 0.55575 0.8525754884259259 0.56075 0.8516873888888888 0.5715 0.8552397870370371 0.57575 0.8592362337962962 0.57775 0.8690053287037037 0.57975
13 0.689609236111111 0.5812499999999999 0.6989342800925926 0.58 0.7095914745370371 0.5755 0.7126998217592593 0.571 0.7131438726851852 0.56475 0.710479574074074 0.5599999999999999 0.7029307291666667 0.55575 0.690053287037037 0.5527500000000001 0.6811722916666667 0.5527500000000001 0.6749555949074074 0.5545 0.6656305509259259 0.56025 0.6634103009259259 0.56325 0.664298400462963 0.5722499999999999 0.6705150972222222 0.5785 0.6749555949074074 0.58025 0.689609236111111 0.5812499999999999
13 0.49378330324074077 0.58275 0.5079928958333334 0.5825 0.518650087962963 0.5792499999999999 0.5239786851851852 0.5745 0.5253108356481482 0.5705 0.5230905856481481 0.56275 0.5182060393518518 0.5585 0.5084369444444444 0.55575 0.49422735416666663 0.55525 0.4893428055555556 0.55625 0.4822380115740741 0.55925 0.47602131481481486 0.566 0.4755772638888889 0.571 0.479573712962963 0.5770000000000001 0.4835701597222222 0.57975 0.49378330324074077 0.58275
13 0.3086145648148148 0.58675 0.3179396087962963 0.58675 0.3241563055555556 0.58525 0.3348135 0.579 0.3383658958333334 0.5745 0.3383658958333334 0.5705 0.33570159953703704 0.5655 0.3241563055555556 0.5585 0.3090586134259259 0.558 0.29973356944444446 0.559 0.28996447685185184 0.56425 0.2873001782407407 0.56825 0.2868561273148148 0.574 0.2895204259259259 0.5792499999999999 0.29751332175925926 0.5840000000000001 0.3086145648148148 0.58675
13 0.4116341041666666 0.637 0.41829484953703705 0.636 0.4311722916666667 0.63025 0.43383659027777777 0.6267499999999999 0.4342806388888889 0.62275 0.4311722916666667 0.6162500000000001 0.42406749537037036 0.61125 0.41829484953703705 0.6094999999999999 0.4040852569444444 0.6090000000000001 0.39653641203703704 0.6104999999999999 0.3885435162037037 0.615 0.3849911180555555 0.6192500000000001 0.38365896990740744 0.6237499999999999 0.38587921759259264 0.6285 0.39698046296296297 0.63675 0.4116341041666666 0.637
13 0.6007992893518519 0.6345 0.6127886319444444 0.632 0.6185612777777778 0.628 0.6203374768518519 0.62425 0.6194493773148148 0.6160000000000001 0.6132326828703704 0.6090000000000001 0.6079040856481482 0.60725 0.5954706921296297 0.6055 0.5839254004629629 0.6075 0.5763765532407408 0.61125 0.5728241574074074 0.6174999999999999 0.5737122546296296 0.6277499999999999 0.5777087037037036 0.63175 0.5812611018518519 0.633 0.6007992893518519 0.6345
13 0.7686500879629631 0.63025 0.7757548842592592 0.63275 0.7837477800925926 0.633 0.7917406759259259 0.6325000000000001 0.8001776203703704 0.63 0.8072824166666668 0.6232500000000001 0.8081705162037037 0.61875 0.8050621666666666 0.612 0.7997335694444444 0.6075 0.7930728240740741 0.605 0.7779751342592592 0.60375 0.7677619884259259 0.6064999999999999 0.7597690949074075 0.6104999999999999 0.7575488449074074 0.6155 0.7579928958333333 0.6230000000000001 0.7615452939814815 0.6267499999999999 0.7686500879629631 0.63025
13 0.6847246898148148 0.6865 0.6958259328703704 0.6862499999999999 0.707371224537037 0.68325 0.7149200717592592 0.6785000000000001 0.7162522199074074 0.671 0.7140319722222223 0.66575 0.7100355231481481 0.6625 0.6989342800925926 0.6579999999999999 0.6753996458333333 0.6595 0.6700710486111111 0.66225 0.666518650462963 0.6675 0.6660745995370371 0.67525 0.6714031967592592 0.6829999999999999 0.6758436944444445 0.685 0.6847246898148148 0.6865
13 0.5004440486111111 0.6880000000000001 0.5128774421296296 0.68725 0.520426287037037 0.6847500000000001 0.5297513310185186 0.6759999999999999 0.5297513310185186 0.6715000000000001 0.522646537037037 0.664 0.5119893425925925 0.661 0.501776199074074 0.66 0.4951154537037037 0.6607500000000001 0.4880106574074074 0.66325 0.4826820601851852 0.667 0.48001776157407405 0.6719999999999999 0.48001776157407405 0.6787500000000001 0.4835701597222222 0.6825 0.4924511550925926 0.6862499999999999 0.5004440486111111 0.6880000000000001