3 0.41492895138888886 0.5160987499999999 0.4139165185185185 0.5160987499999999 0.4139165185185185 0.51673125 0.41492895138888886 0.51673125 0.41492895138888886 0.5160987499999999
1 0.37962962962962965 0.41203703703703703 0.3819444444444444 0.41435185185185186 0.3958333333333333 0.41435185185185186 0.39814814814814814 0.4166666666666667 0.4166666666666667 0.4212962962962963 0.42824074074074076 0.42824074074074076 0.4351851851851852 0.4351851851851852 0.4398148148148148 0.4444444444444444 0.4398148148148148 0.44907407407407407 0.44212962962962965 0.4513888888888889 0.44212962962962965 0.46296296296296297 0.44675925925925924 0.4675925925925926 0.4837962962962963 0.4675925925925926 0.4861111111111111 0.4699074074074074 0.5069444444444444 0.4722222222222222 0.5231481481481481 0.4791666666666667 0.5324074074074074 0.4861111111111111 0.5393518518518519 0.4976851851851852 0.5393518518518519 0.5023148148148148 0.5416666666666666 0.5046296296296297 0.5393518518518519 0.5138888888888888 0.5277777777777778 0.5277777777777778 0.5115740740740741 0.5370370370370371 0.5046296296296297 0.5370370370370371 0.49537037037037035 0.5416666666666666 0.4722222222222222 0.5416666666666666 0.4699074074074074 0.5439814814814815 0.4652777777777778 0.5439814814814815 0.46296296296296297 0.5416666666666666 0.4513888888888889 0.5416666666666666 0.44907407407407407 0.5439814814814815 0.4444444444444444 0.5439814814814815 0.44212962962962965 0.5462962962962963 0.44212962962962965 0.5578703703703703 0.4398148148148148 0.5601851851851852 0.4050925925925926 0.5601851851851852 0.4027777777777778 0.5578703703703703 0.4027777777777778 0.5462962962962963 0.40046296296296297 0.5439814814814815 0.36574074074074076 0.5439814814814815 0.3541666666666667 0.5486111111111112 0.34953703703703703 0.5555555555555556 0.3425925925925926 0.5601851851851852 0.3263888888888889 0.5601851851851852 0.32407407407407407 0.5625 0.30787037037037035 0.5625 0.3055555555555556 0.5601851851851852 0.3055555555555556 0.5532407407407407 0.31712962962962965 0.5416666666666666 0.31712962962962965 0.5393518518518519 0.32407407407407407 0.5370370370370371 0.3287037037037037 0.5324074074074074 0.3333333333333333 0.5324074074074074 0.3402777777777778 0.5277777777777778 0.3472222222222222 0.5277777777777778 0.34953703703703703 0.5254629629629629 0.3726851851851852 0.5254629629629629 0.375 0.5231481481481481 0.3819444444444444 0.5231481481481481 0.38425925925925924 0.5254629629629629 0.38657407407407407 0.5231481481481481 0.40046296296296297 0.5231481481481481 0.4050925925925926 0.5185185185185185 0.4050925925925926 0.5115740740740741 0.4027777777777778 0.5092592592592593 0.4027777777777778 0.49074074074074076 0.40046296296296297 0.48842592592592593 0.3773148148148148 0.48842592592592593 0.3726851851851852 0.4837962962962963 0.3726851851851852 0.4699074074074074 0.3773148148148148 0.4675925925925926 0.39351851851851855 0.4675925925925926 0.39814814814814814 0.4699074074074074 0.4027777777777778 0.4652777777777778 0.4027777777777778 0.44675925925925924 0.40046296296296297 0.44212962962962965 0.3888888888888889 0.4351851851851852 0.3773148148148148 0.4351851851851852 0.3726851851851852 0.4305555555555556 0.37037037037037035 0.4166666666666667 0.3773148148148148 0.41203703703703703
11 0.010213143518518519 0.3 0.016429840277777778 0.3035 0.01554174074074074 0.30725 0.0266429837962963 0.31024999999999997 0.026198935185185186 0.315 0.023534636574074078 0.31725 0.024866784722222226 0.321 0.01909413888888889 0.32875000000000004 0.017761988425925926 0.335 0.017761988425925926 0.36275 0.01909413888888889 0.3655 0.018650087962962966 0.3735 0.01687388888888889 0.3765 0.01820603935185185 0.40675 0.016429840277777778 0.416 0.017761988425925926 0.43825000000000003 0.016429840277777778 0.446 0.017761988425925926 0.4625 0.016429840277777778 0.48425 0.017317939814814814 0.518 0.014653641203703703 0.53925 0.017317939814814814 0.5435 0.017761988425925926 0.56175 0.014653641203703703 0.58275 0.015097689814814816 0.596 0.017761988425925926 0.6020000000000001 0.01598578935185185 0.6234999999999999 0.01820603935185185 0.6305 0.01598578935185185 0.637 0.017761988425925926 0.65875 0.01598578935185185 0.6645000000000001 0.01554174074074074 0.6932499999999999 0.017317939814814814 0.69825 0.017317939814814814 0.7167500000000001 0.0195381875 0.72375 0.024866784722222226 0.731 0.039520425925925924 0.7412500000000001 0.05683836574074074 0.7482500000000001 0.08037300231481481 0.7515000000000001 0.09991118981481481 0.7525 0.11678508101851852 0.75025 0.1287744236111111 0.7515000000000001 0.13676731712962964 0.75075 0.14031971527777778 0.75225 0.1580817060185185 0.7525 0.1718472476851852 0.75025 0.18561278935185185 0.75225 0.20426287731481482 0.751 0.2211367662037037 0.7517499999999999 0.8374777986111112 0.7482500000000001 0.8410301944444444 0.7472500000000001 0.856127886574074 0.7475 0.8587921851851852 0.74675 0.8650088819444444 0.7480000000000001 0.8778863240740741 0.7454999999999999 0.8876554166666666 0.74575 0.9014209583333334 0.742 0.9045293078703703 0.7424999999999999 0.9098579050925926 0.7410000000000001 0.9249555949074074 0.7342500000000001 0.9365008888888888 0.72475 0.9436056828703704 0.7100000000000001 0.9436056828703704 0.6955 0.9422735347222222 0.693 0.9436056828703704 0.67675 0.9422735347222222 0.6545000000000001 0.9404973356481482 0.652 0.940053287037037 0.64375 0.937833037037037 0.6407499999999999 0.9391651875 0.6365000000000001 0.9373889884259259 0.63675 0.9351687384259258 0.6355 0.9360568379629629 0.6335000000000001 0.9338365902777779 0.6325000000000001 0.940053287037037 0.6237499999999999 0.9404973356481482 0.60625 0.9387211365740741 0.5842499999999999 0.9351687384259258 0.57475 0.937833037037037 0.5665 0.9347246898148148 0.5105 0.9320603912037037 0.49195 0.9333925393518518 0.47674999999999995 0.9293960925925927 0.4515 0.9302841921296297 0.4375 0.9276198935185185 0.427 0.9280639421296297 0.41825 0.9253996458333333 0.40375 0.9267317939814815 0.40175000000000005 0.9271758425925926 0.386 0.9249555949074074 0.3715 0.9209591481481482 0.3655 0.9245115462962963 0.35925 0.9151865 0.28875 0.9187388981481481 0.283 0.9178507986111112 0.27325 0.9218472476851851 0.269 0.9218472476851851 0.26525 0.9191829490740742 0.26375 0.91740675 0.2595 0.9205150972222222 0.25475000000000003 0.916962699074074 0.24341675 0.916962699074074 0.23775 0.9147424513888889 0.23525 0.9058614560185185 0.23550000000000001 0.8974245115740741 0.233 0.893872113425926 0.23450000000000001 0.8707815277777777 0.23324999999999999 0.8001776203703704 0.23399999999999999 0.7815275300925926 0.23575 0.7739786851851852 0.23424999999999999 0.7349023101851851 0.23525 0.7300177615740742 0.23450000000000001 0.7015985787037037 0.23725000000000002 0.6856127893518519 0.236 0.6629662523148149 0.23575 0.6478685601851851 0.23675 0.6443161643518519 0.236 0.6092362337962962 0.236 0.606127886574074 0.23675 0.5301953819444445 0.2375 0.4076376550925926 0.23775 0.4049733564814815 0.23900000000000002 0.39387211342592593 0.24000000000000002 0.3863232685185185 0.23775 0.04973356944444445 0.24175000000000002 0.03907637731481481 0.2435 0.030195381944444443 0.24325 0.0217584375 0.24150000000000002 0.017317939814814814 0.24325 0.013765541666666667 0.2475 0.00888099537037037 0.2685 0.013765541666666667 0.28925 0.012877442129629631 0.29075 0.00666074537037037 0.29325 0.010213143518518519 0.3
12 0 0.29425875 0.9459946712962962 0.29425875 0.9459946712962962 0.23462125 0 0.23462125 0 0.29425875
13 0.36944937731481486 0.35775 0.37966252314814813 0.357 0.3898756666666667 0.3535 0.394760212962963 0.34975 0.39653641203703704 0.3425 0.39342806481481485 0.335 0.3849911180555555 0.33 0.373889875 0.32725000000000004 0.3627886319444445 0.32775 0.35479573611111115 0.3305 0.3472468912037037 0.335 0.3450266435185185 0.33925000000000005 0.3445825925925926 0.34225 0.3499111898148148 0.35075 0.3601243333333333 0.356 0.36944937731481486 0.35775
13 0.5643872106481482 0.3555 0.5746003541666667 0.3555 0.5794849027777778 0.354 0.5883658958333333 0.34925 0.5914742453703704 0.34525 0.5923623449074074 0.33799999999999997 0.5892539953703704 0.3335 0.5812611018518519 0.32775 0.5710479583333333 0.3255 0.5634991111111111 0.3255 0.5528419189814815 0.32749999999999996 0.5444049722222223 0.33175 0.5404085254629629 0.33799999999999997 0.5399644768518519 0.342 0.5461811712962963 0.35 0.5532859675925926 0.3535 0.5643872106481482 0.3555
13 0.6585257546296297 0.409 0.6700710486111111 0.40925 0.6816163402777777 0.4075 0.6860568379629629 0.40525000000000005 0.6922735347222222 0.39699999999999996 0.6922735347222222 0.3905 0.689609236111111 0.386 0.6816163402777777 0.381 0.6714031967592592 0.3785 0.6607460046296296 0.37949999999999995 0.6492007106481481 0.3825 0.6434280648148147 0.38649999999999995 0.6412078148148148 0.3905 0.6416518657407407 0.39675 0.6465364120370369 0.40325 0.6496447592592594 0.40575 0.6585257546296297 0.409
13 0.46314387268518514 0.41074999999999995 0.47690941435185186 0.41125 0.4840142106481482 0.4095 0.4915630555555556 0.40575 0.4951154537037037 0.40125 0.4955595023148148 0.39375 0.49289520370370365 0.3895 0.48889875694444446 0.38575000000000004 0.479573712962963 0.382 0.4666962708333333 0.38125 0.456483125 0.3835 0.4484902314814815 0.38825 0.44538188194444445 0.393 0.44538188194444445 0.39849999999999997 0.44893428009259256 0.40525000000000005 0.45515097685185185 0.40875 0.46314387268518514 0.41074999999999995
13 0.270426287037037 0.4125 0.2824156296296296 0.41200000000000003 0.2930728240740741 0.409 0.29795737037037034 0.40525000000000005 0.3001776203703703 0.40075 0.2992895208333333 0.39375 0.29662522222222226 0.3905 0.28996447685185184 0.38625000000000004 0.2824156296296296 0.38375 0.2717584375 0.38299999999999995 0.26154529398148146 0.38525 0.2531083472222222 0.389 0.24911190046296297 0.394 0.2482238009259259 0.39775 0.2504440486111111 0.40399999999999997 0.2624333935185185 0.4115 0.270426287037037 0.4125
13 0.17539964583333334 0.46825 0.18650088888888888 0.467 0.19493783333333334 0.46449999999999997 0.20026643055555554 0.45975 0.2015985787037037 0.4505 0.1993783310185185 0.44625 0.19005328703703703 0.44075 0.18472468981481482 0.43925 0.17584369444444445 0.43849999999999995 0.1651865 0.44025 0.15541740740740742 0.44475000000000003 0.15097690972222222 0.4505 0.15230905787037036 0.45975 0.15763765509259262 0.46425000000000005 0.16429840046296298 0.46725 0.17539964583333334 0.46825
13 0.3734458263888889 0.4655 0.3872113680555555 0.464 0.394760212962963 0.46 0.39698046296296297 0.457 0.39520426388888885 0.44549999999999995 0.38676731712962964 0.43925 0.3765541736111111 0.438 0.36634103009259256 0.439 0.355239787037037 0.4425 0.3494671412037037 0.44875000000000004 0.3490230902777778 0.4535 0.3521314398148148 0.45875 0.36634103009259256 0.46499999999999997 0.3734458263888889 0.4655
13 0.5617229120370371 0.464 0.5674955601851852 0.46525 0.5812611018518519 0.46425000000000005 0.5879218472222222 0.462 0.5928063935185185 0.45775 0.5954706921296297 0.45075 0.5941385439814815 0.44549999999999995 0.5892539953703704 0.439 0.5843694490740741 0.437 0.5683836597222223 0.43524999999999997 0.5572824166666667 0.43724999999999997 0.5488454699074075 0.441 0.5448490231481481 0.44675000000000004 0.5448490231481481 0.45325 0.5488454699074075 0.45825 0.5528419189814815 0.46125 0.5617229120370371 0.464
13 0.7602131435185185 0.46275 0.7730905856481483 0.46325 0.7819715810185185 0.462 0.7868561273148148 0.45975 0.7930728240740741 0.45375000000000004 0.7944049722222223 0.45075 0.7930728240740741 0.44275 0.7899644768518519 0.43875 0.7815275300925926 0.43425 0.7668738888888889 0.43324999999999997 0.7575488449074074 0.4345 0.7464476018518519 0.43875 0.7424511550925926 0.44325000000000003 0.7420071041666667 0.4495 0.7451154537037037 0.455 0.75 0.45875 0.7602131435185185 0.46275
13 0.6753996458333333 0.51925 0.6869449375000001 0.5167499999999999 0.6958259328703704 0.50875 0.6967140324074074 0.50425 0.6949378333333334 0.49825 0.6891651875 0.493 0.6825044398148149 0.4905 0.6709591481481482 0.48975 0.6607460046296296 0.491 0.6496447592592594 0.49475 0.6447602129629629 0.501 0.645204263888889 0.5075000000000001 0.6505328587962963 0.5155 0.6607460046296296 0.519 0.6753996458333333 0.51925
13 0.4738010648148148 0.52075 0.4831261111111111 0.5195 0.49111900462962965 0.5165 0.49600355324074075 0.512 0.4977797523148148 0.5015 0.49067495601851846 0.49525 0.4809058611111111 0.49200000000000005 0.4689165185185185 0.49125 0.4600355231481481 0.4925 0.45159857870370373 0.49725 0.4476021319444445 0.503 0.4476021319444445 0.50875 0.45115453009259254 0.514 0.46314387268518514 0.52 0.4738010648148148 0.52075
13 0.26998223842592595 0.522 0.2810834814814815 0.52225 0.29262877546296295 0.51975 0.29795737037037034 0.5165 0.30106571990740744 0.51225 0.3015097685185185 0.505 0.29662522222222226 0.49675 0.293516875 0.495 0.2841918287037037 0.4935 0.27930728240740743 0.493 0.26376554166666666 0.49475 0.2544404976851852 0.5 0.250888099537037 0.505 0.2504440486111111 0.50925 0.25399644675925925 0.516 0.2593250439814815 0.519 0.26998223842592595 0.522
13 0.1647424513888889 0.57825 0.1722912962962963 0.5792499999999999 0.18605683796296296 0.5785 0.1962699814814815 0.57575 0.2015985787037037 0.57175 0.2033747777777778 0.56825 0.20204262962962963 0.5599999999999999 0.1993783310185185 0.55575 0.19138543518518517 0.55175 0.18117229166666668 0.54975 0.1647424513888889 0.551 0.15630550694444445 0.5555 0.15186500925925925 0.5605 0.15097690972222222 0.5652499999999999 0.1527531087962963 0.5705 0.1571936064814815 0.57475 0.1647424513888889 0.57825
13 0.3756660740740741 0.57775 0.38587921759259264 0.57775 0.3903197152777778 0.576 0.3960923634259259 0.5722499999999999 0.4014209583333333 0.5652499999999999 0.4009769097222222 0.5605 0.39564831250000004 0.5529999999999999 0.3907637662037037 0.5495 0.38321491898148147 0.5479999999999999 0.37078152777777773 0.54775 0.3627886319444445 0.54925 0.355239787037037 0.55375 0.35079928935185184 0.5597500000000001 0.35079928935185184 0.56425 0.3570159861111111 0.57175 0.36545293055555556 0.57575 0.3756660740740741 0.57775
13 0.5746003541666667 0.57625 0.5852575486111111 0.57475 0.5923623449074074 0.57175 0.5994671412037037 0.5645 0.5999111898148148 0.55925 0.5972468912037037 0.55375 0.5919182939814815 0.549 0.5843694490740741 0.54625 0.5634991111111111 0.54625 0.5532859675925926 0.54975 0.5484014212962963 0.55675 0.5484014212962963 0.56325 0.5532859675925926 0.5705 0.5674955601851852 0.57575 0.5746003541666667 0.57625
13 0.772646537037037 0.5750000000000001 0.7806394305555556 0.57475 0.7908525763888888 0.5722499999999999 0.7970692708333333 0.56775 0.8006216689814815 0.561 0.7988454699074075 0.554 0.793516875 0.54825 0.7864120787037037 0.5455 0.7722024861111111 0.5445 0.7584369444444445 0.54625 0.750444048611111 0.55025 0.7473357013888888 0.55575 0.7477797523148149 0.56375 0.7548845462962963 0.5705 0.7597690949074075 0.57275 0.772646537037037 0.5750000000000001
13 0.6718472476851851 0.63225 0.6856127893518519 0.6315 0.6940497337962962 0.6285 0.7002664305555556 0.6234999999999999 0.7024866782407407 0.6174999999999999 0.7007104791666667 0.61075 0.6962699814814814 0.6055 0.6887211365740741 0.60175 0.6789520416666667 0.60075 0.6647424513888889 0.60175 0.6563055069444445 0.6052500000000001 0.6500888101851852 0.61175 0.6500888101851852 0.61975 0.6571936064814815 0.62875 0.6611900532407406 0.6305 0.6718472476851851 0.63225
13 0.46847246990740743 0.6335000000000001 0.4840142106481482 0.6337499999999999 0.4902309050925926 0.63175 0.501776199074074 0.6225 0.5026642986111112 0.6160000000000001 0.5 0.6115 0.4955595023148148 0.607 0.4875666064814815 0.60325 0.4666962708333333 0.60325 0.4600355231481481 0.605 0.456483125 0.6064999999999999 0.45159857870370373 0.61375 0.45115453009259254 0.62075 0.4547069282407407 0.6277499999999999 0.46314387268518514 0.63225 0.46847246990740743 0.6335000000000001
13 0.26865008796296297 0.6345 0.2784191828703704 0.6347499999999999 0.28996447685185184 0.6332500000000001 0.2957371226851852 0.63025 0.30195381944444444 0.62425 0.3023978680555555 0.6164999999999999 0.2992895208333333 0.61125 0.2930728240740741 0.60675 0.28330372916666663 0.605 0.2717584375 0.605 0.2624333935185185 0.607 0.25532859722222223 0.61175 0.2522202476851852 0.6160000000000001 0.25133214814814814 0.6232500000000001 0.2535523981481482 0.6267499999999999 0.26110124305555554 0.63225 0.26865008796296297 0.6345
13 0.36989342824074073 0.6925 0.3841030185185185 0.69275 0.39209591435185187 0.69075 0.4023090578703704 0.68375 0.4058614560185185 0.6789999999999999 0.4045293078703704 0.6715000000000001 0.39742451157407405 0.664 0.3912078148148148 0.66175 0.3734458263888889 0.6605 0.3658969814814815 0.6615 0.35612788657407407 0.66725 0.35257548842592595 0.67325 0.35257548842592595 0.68225 0.35568383564814815 0.6862499999999999 0.3601243333333333 0.6892499999999999 0.36989342824074073 0.6925
13 0.5754884537037037 0.691 0.5883658958333333 0.69 0.5981349907407407 0.6859999999999999 0.603019537037037 0.6817500000000001 0.6043516875 0.6789999999999999 0.6034635879629631 0.6695 0.5990230902777779 0.664 0.5905861458333334 0.65925 0.5839254004629629 0.6585 0.5639431620370371 0.66 0.5568383657407407 0.6637500000000001 0.5519538194444444 0.6715000000000001 0.5528419189814815 0.6825 0.559946712962963 0.68725 0.5683836597222223 0.69 0.5754884537037037 0.691