10 0.4583333333333333 0.47453703703703703 0.46064814814814814 0.47685185185185186 0.47685185185185186 0.47685185185185186 0.4791666666666667 0.4791666666666667 0.4861111111111111 0.4791666666666667 0.5023148148148148 0.4861111111111111 0.5138888888888888 0.49537037037037035 0.5185185185185185 0.5046296296296297 0.5185185185185185 0.5231481481481481 0.5231481481481481 0.5277777777777778 0.5462962962962963 0.5277777777777778 0.5486111111111112 0.5416666666666666 0.5416666666666666 0.5462962962962963 0.5231481481481481 0.5462962962962963 0.5185185185185185 0.5555555555555556 0.5185185185185185 0.5625 0.5208333333333334 0.5648148148148148 0.5208333333333334 0.5787037037037037 0.5254629629629629 0.5833333333333334 0.5277777777777778 0.5810185185185185 0.5462962962962963 0.5810185185185185 0.5486111111111112 0.5833333333333334 0.5486111111111112 0.5995370370370371 0.5416666666666666 0.5995370370370371 0.5393518518518519 0.6018518518518519 0.5347222222222222 0.5995370370370371 0.5231481481481481 0.5995370370370371 0.5208333333333334 0.6018518518518519 0.5208333333333334 0.6157407407407407 0.5162037037037037 0.6157407407407407 0.5138888888888888 0.6180555555555556 0.4976851851851852 0.6180555555555556 0.49537037037037035 0.6157407407407407 0.48842592592592593 0.6157407407407407 0.4861111111111111 0.6134259259259259 0.4861111111111111 0.6041666666666666 0.4791666666666667 0.5995370370370371 0.47453703703703703 0.6018518518518519 0.4699074074074074 0.5972222222222222 0.4675925925925926 0.5995370370370371 0.44212962962962965 0.6018518518518519 0.4212962962962963 0.6180555555555556 0.39351851851851855 0.6180555555555556 0.39351851851851855 0.6087962962962963 0.40046296296296297 0.5995370370370371 0.4236111111111111 0.5856481481481481 0.4375 0.5833333333333334 0.4398148148148148 0.5810185185185185 0.4791666666666667 0.5810185185185185 0.48148148148148145 0.5833333333333334 0.4861111111111111 0.5763888888888888 0.4861111111111111 0.5532407407407407 0.48148148148148145 0.5462962962962963 0.4375 0.5462962962962963 0.4351851851851852 0.5439814814814815 0.4236111111111111 0.5439814814814815 0.39814814814814814 0.5300925925925926 0.3912037037037037 0.5185185185185185 0.3912037037037037 0.5046296296296297 0.39351851851851855 0.5 0.41203703703703703 0.4837962962962963 0.4166666666666667 0.4837962962962963 0.43287037037037035 0.47685185185185186 0.45601851851851855 0.47685185185185186
11 0 0.75925 0.0053285972222222215 0.76425 0.011101243055555555 0.7659999999999999 0.019982238425925926 0.767 0.05062166898148148 0.7675 0.07460035416666667 0.765 0.1092362337962963 0.758 0.11589698148148148 0.7555 0.12166962731481482 0.7557499999999999 0.14342806481481482 0.76025 0.2131438726851852 0.761 0.21936056944444446 0.76 0.27087033796296295 0.7595 0.2868561273148148 0.7582500000000001 0.3059502662037037 0.7589999999999999 0.31172291203703706 0.7582500000000001 0.32859680324074075 0.7589999999999999 0.36412078240740736 0.758 0.38765541666666664 0.7585000000000001 0.41030195370370365 0.757 0.4147424513888889 0.75775 0.45426287731481485 0.75625 0.4951154537037037 0.756 0.5066607453703704 0.75675 0.5182060393518518 0.7555 0.5466252222222222 0.75625 0.6376554166666666 0.7535 0.7353463587962963 0.753 0.7602131435185185 0.75075 0.7686500879629631 0.75225 0.7984014212962963 0.75225 0.8277087037037036 0.7484999999999999 0.8392539953703704 0.74475 0.8525754884259259 0.738 0.8627886319444444 0.7274999999999999 0.8654529305555556 0.72225 0.8672291296296296 0.708 0.8663410300925926 0.6817500000000001 0.8645648310185186 0.6777500000000001 0.8650088819444444 0.664 0.8636767314814814 0.66175 0.8641207824074074 0.63 0.8592362337962962 0.5535 0.8592362337962962 0.50775 0.856127886574074 0.47650000000000003 0.8543516875 0.4735 0.8565719351851853 0.47075 0.8556838356481481 0.45949999999999996 0.8570159861111111 0.45625 0.856127886574074 0.43524999999999997 0.8543516875 0.4325 0.8556838356481481 0.42875 0.8552397870370371 0.4145 0.8503552407407406 0.3095 0.8490230902777779 0.2965 0.8459147430555555 0.28600000000000003 0.8396980462962963 0.27875 0.8303730023148148 0.2725 0.809946712962963 0.265 0.7899644768518519 0.26275 0.7655417407407407 0.2615 0.7597690949074075 0.2635 0.7513321481481482 0.2625 0.7180284189814815 0.2645 0.6989342800925926 0.26425000000000004 0.690053287037037 0.266 0.6736234467592593 0.264 0.6607460046296296 0.2665 0.6540852569444445 0.26625 0.6500888101851852 0.265 0.6305506226851852 0.26725 0.6234458263888889 0.26525 0.5603907638888889 0.2655 0.5541740671296297 0.2685 0.5475133217592593 0.2685 0.5417406759259259 0.26725 0.539520425925926 0.26575 0.5368561273148148 0.26675 0.5324156296296296 0.2655 0.5270870347222222 0.26825 0.5150976898148149 0.2685 0.5133214930555555 0.2695 0.5044404976851852 0.26775 0.4977797523148148 0.26975 0.4880106574074074 0.2685 0.4831261111111111 0.2695 0.4738010648148148 0.26825 0.46936056944444443 0.26925 0.4666962708333333 0.2675 0.46314387268518514 0.26725 0.4560390763888889 0.27 0.45293072916666666 0.26875 0.4498223796296297 0.26975 0.44182948379629633 0.27 0.42184724768518517 0.26675 0.4147424513888889 0.27075 0.40630550694444445 0.27049999999999996 0.39653641203703704 0.26875 0.36234458333333336 0.27125 0.35568383564814815 0.27 0.31616340972222223 0.271 0.30106571990740744 0.273 0.2895204259259259 0.27125 0.28063943055555557 0.27175 0.27087033796296295 0.27375 0.2650976898148148 0.2735 0.2619893425925926 0.272 0.2477797523148148 0.27225 0.24311722916666667 0.27325 0.2349023101851852 0.27225 0.23179396064814814 0.273 0.22202486574074076 0.2725 0.21980461805555557 0.27375 0.2140319722222222 0.27425 0.2069271759259259 0.27225 0.20204262962962963 0.2735 0.1993783310185185 0.2725 0.18294849074074074 0.2715 0.14609236342592594 0.2725 0.14431616435185185 0.2715 0.13188277083333333 0.27225 0.13010657175925924 0.27125 0.08392540046296296 0.277 0.08126110185185186 0.2755 0.07770870370370371 0.2755 0.07637655324074073 0.27649999999999997 0.07238010648148148 0.276 0.06882770833333333 0.27125 0.06438721064814815 0.27 0.05994671296296296 0.27049999999999996 0.05373001851851852 0.26875 0.045293071759259264 0.2695 0.043072824074074076 0.2685 0.032859680555555555 0.26825 0.024422736111111114 0.2665 0.015097689814814816 0.26675 0.011989342592592591 0.26875 0.008436944444444445 0.26825 0.003552398148148148 0.27175 0.003552398148148148 0.27425 0 0.27925 0 0.75925
12 0 0.7803275 0.11368561342592592 0.7803275 0.11368561342592592 0.2586275 0 0.2586275 0 0.7803275
13 0.35124334027777776 0.36774999999999997 0.3610124328703704 0.36774999999999997 0.37033747685185187 0.366 0.37744227314814816 0.35800000000000004 0.37833037268518516 0.35225 0.37255772685185184 0.34325 0.36234458333333336 0.3385 0.3481349907407407 0.33825 0.33747779861111116 0.34075 0.333481349537037 0.34349999999999997 0.32992895138888884 0.349 0.3294849027777778 0.3525 0.33259325 0.36000000000000004 0.3419182939814815 0.3665 0.35124334027777776 0.36774999999999997
13 0.541296625 0.3655 0.5501776203703703 0.3645 0.5603907638888889 0.361 0.5652753101851852 0.35475 0.5652753101851852 0.34775 0.5617229120370371 0.34175 0.5568383657407407 0.339 0.5461811712962963 0.33599999999999997 0.5364120787037037 0.33575000000000005 0.5222024861111111 0.33925000000000005 0.5190941388888889 0.34225 0.5177619884259259 0.35275 0.5261989351851851 0.36224999999999996 0.5359680277777777 0.36525 0.541296625 0.3655
13 0.6301065717592592 0.41625 0.6443161643518519 0.4165 0.6580817060185185 0.41200000000000003 0.6625222013888888 0.40825 0.6638543518518518 0.40425 0.6589698055555556 0.39349999999999996 0.6514209583333334 0.38999999999999996 0.6412078148148148 0.389 0.6296625231481481 0.3895 0.6194493773148148 0.39275 0.6150088819444444 0.39675 0.6136767314814814 0.4045 0.6154529305555556 0.408 0.6194493773148148 0.41175 0.6301065717592592 0.41625
13 0.4356127893518518 0.41625 0.44893428009259256 0.41900000000000004 0.46314387268518514 0.41825 0.4675843703703703 0.41625 0.4729129652777778 0.41125 0.47424511574074074 0.4045 0.4715808171296296 0.39825000000000005 0.46536412037037034 0.39349999999999996 0.45337477777777774 0.391 0.4422735347222222 0.39149999999999996 0.4356127893518518 0.393 0.4280639421296296 0.3975 0.4258436944444444 0.40075 0.4258436944444444 0.4075 0.4280639421296296 0.4115 0.4356127893518518 0.41625
13 0.2526642986111111 0.42025 0.27220248611111114 0.42025 0.2815275300925926 0.41550000000000004 0.28507992824074074 0.41175 0.2859680277777778 0.40575 0.28285968055555555 0.39899999999999997 0.26865008796296297 0.393 0.250888099537037 0.39325 0.24111900462962962 0.3975 0.23667850694444445 0.40399999999999997 0.23667850694444445 0.40925 0.2424511550925926 0.41625 0.24689165277777778 0.41900000000000004 0.2526642986111111 0.42025
13 0.15763765509259262 0.47475 0.16696269907407407 0.47575 0.17895204166666667 0.47475 0.19094138657407406 0.466 0.19094138657407406 0.45625 0.18561278935185185 0.4505 0.18161634027777776 0.44875000000000004 0.1656305509259259 0.44675000000000004 0.15541740740740742 0.44825000000000004 0.14831261111111113 0.45125 0.1429840138888889 0.4565 0.14253996527777776 0.46275 0.14431616435185185 0.46649999999999997 0.1505328587962963 0.47175 0.15763765509259262 0.47475
13 0.3459147430555556 0.4715 0.35257548842592595 0.47225 0.36722912962962967 0.47175 0.3765541736111111 0.47025 0.3854351689814815 0.4675 0.38676731712962964 0.46825 0.38676731712962964 0.45975 0.38277087037037033 0.45925 0.38010657175925927 0.4565 0.38010657175925927 0.453 0.3778863240740741 0.45325 0.3721136759259259 0.447 0.3645648310185185 0.44525000000000003 0.3521314398148148 0.44549999999999995 0.3454706921296296 0.446 0.3383658958333334 0.44899999999999995 0.33436944907407407 0.4495 0.333481349537037 0.46375 0.3348135 0.46725 0.33747779861111116 0.46900000000000003 0.3459147430555556 0.4715
13 0.7238010648148148 0.4705 0.7309058611111111 0.47075 0.7349023101851851 0.46974999999999995 0.7375666064814815 0.4705 0.748223800925926 0.467 0.7535523981481481 0.464 0.7602131435185185 0.45675 0.7597690949074075 0.44925 0.7522202476851851 0.4445 0.7513321481481482 0.44275 0.75 0.443 0.7411190046296297 0.43875 0.7269094143518517 0.43849999999999995 0.7211367662037037 0.44199999999999995 0.7118117222222222 0.4445 0.7091474236111112 0.44725 0.7095914745370371 0.4655 0.710479574074074 0.46625 0.7149200717592592 0.466 0.7238010648148148 0.4705
13 0.5301953819444445 0.47075 0.5324156296296296 0.474 0.5381882777777778 0.47324999999999995 0.543516875 0.47725 0.5497335694444444 0.4775 0.5537300185185186 0.47575 0.5674955601851852 0.47375 0.5728241574074074 0.4705 0.5754884537037037 0.46725 0.5746003541666667 0.46499999999999997 0.5790408518518518 0.4565 0.5754884537037037 0.45525 0.5750444050925926 0.45275 0.5719360578703704 0.45075 0.5683836597222223 0.44375 0.5657193611111111 0.44199999999999995 0.5399644768518519 0.43825000000000003 0.5324156296296296 0.43849999999999995 0.5213143865740741 0.44199999999999995 0.5142095925925926 0.4485 0.5137655416666667 0.46575 0.5173179398148148 0.46875 0.5230905856481481 0.46775000000000005 0.5301953819444445 0.47075
13 0.6265541736111111 0.516 0.625666074074074 0.51925 0.6301065717592592 0.5225 0.6505328587962963 0.5225 0.6523090578703703 0.519 0.6518650092592593 0.51475 0.6536412083333333 0.5135 0.6616341041666667 0.512 0.6594138541666666 0.5075000000000001 0.6625222013888888 0.506 0.6625222013888888 0.50425 0.6509769097222221 0.4945 0.6483126111111112 0.49525 0.6443161643518519 0.49424999999999997 0.6296625231481481 0.4945 0.623001775462963 0.5 0.6150088819444444 0.50125 0.6123445833333334 0.50325 0.6119005324074074 0.50575 0.6136767314814814 0.508 0.6123445833333334 0.512 0.6265541736111111 0.516
13 0.25177619907407406 0.52625 0.26865008796296297 0.528 0.2713143865740741 0.52725 0.27575488425925926 0.52775 0.28019538194444443 0.52625 0.2846358796296296 0.52275 0.28996447685185184 0.5225 0.2908525763888889 0.515 0.293516875 0.512 0.28996447685185184 0.50625 0.28330372916666663 0.5027499999999999 0.28285968055555555 0.50125 0.2655417407407408 0.4975 0.2571047962962963 0.501 0.25177619907407406 0.50075 0.2504440486111111 0.5015 0.2446714027777778 0.50575 0.24733570138888888 0.51975 0.24644760185185183 0.52275 0.25177619907407406 0.52625
13 0.43960923611111113 0.52325 0.4462699814814815 0.52625 0.47424511574074074 0.52525 0.477353462962963 0.52425 0.48134991203703703 0.51925 0.479573712962963 0.5055000000000001 0.4698046180555555 0.49924999999999997 0.4635879212962963 0.49725 0.456483125 0.4965 0.4391651875 0.49825 0.42984014120370373 0.50425 0.42673179398148153 0.50875 0.4262877453703704 0.51225 0.4320603912037037 0.5205 0.4356127893518518 0.52275 0.43960923611111113 0.52325
13 0.7304618125 0.57425 0.7415630555555555 0.57475 0.7508880995370371 0.57325 0.7566607453703703 0.57125 0.7628774421296297 0.5652499999999999 0.7637655416666667 0.5595 0.7611012430555555 0.55325 0.7513321481481482 0.54675 0.7415630555555555 0.5457500000000001 0.7304618125 0.54625 0.7193605694444444 0.54975 0.7149200717592592 0.55575 0.7144760208333333 0.56125 0.7166962708333334 0.56675 0.725577263888889 0.573 0.7304618125 0.57425
13 0.5528419189814815 0.57575 0.5639431620370371 0.5735 0.5732682060185185 0.56575 0.5737122546296296 0.5597500000000001 0.5706039074074074 0.55475 0.5670515092592593 0.552 0.5577264652777778 0.549 0.5492895208333333 0.5485 0.5355239791666667 0.55175 0.5310834814814815 0.55375 0.5275310833333333 0.55775 0.5270870347222222 0.564 0.5310834814814815 0.5715 0.5439609236111111 0.5755 0.5528419189814815 0.57575
13 0.36634103009259256 0.579 0.376110125 0.5770000000000001 0.38277087037037033 0.57325 0.3854351689814815 0.56975 0.3863232685185185 0.5630000000000001 0.38188277083333333 0.5555 0.3765541736111111 0.55225 0.36678508101851853 0.55025 0.3587921851851852 0.5499999999999999 0.3468028425925926 0.5527500000000001 0.3401420949074074 0.5565 0.33658969907407404 0.5619999999999999 0.3383658958333334 0.5715 0.3454706921296296 0.576 0.35568383564814815 0.57875 0.36634103009259256 0.579
13 0.16119005324074073 0.5815 0.1722912962962963 0.5815 0.18516873842592593 0.57975 0.19493783333333334 0.57275 0.19582593287037037 0.5665 0.19316163425925925 0.56075 0.18650088888888888 0.55625 0.18117229166666668 0.5545 0.17539964583333334 0.5535 0.16119005324074073 0.5545 0.1505328587962963 0.559 0.14609236342592594 0.564 0.1456483125 0.56825 0.14831261111111113 0.5745 0.1527531087962963 0.578 0.16119005324074073 0.5815
13 0.28285968055555555 0.6337499999999999 0.2868561273148148 0.632 0.2908525763888889 0.628 0.29262877546296295 0.6160000000000001 0.2868561273148148 0.6094999999999999 0.27930728240740743 0.6064999999999999 0.2642095925925926 0.6052500000000001 0.2548845462962963 0.60725 0.24733570138888888 0.6115 0.24333925462962963 0.61725 0.24333925462962963 0.6234999999999999 0.24644760185185183 0.628 0.2584369444444445 0.6337499999999999 0.28285968055555555 0.6337499999999999
13 0.355239787037037 0.6857500000000001 0.36234458333333336 0.68675 0.3769982245370371 0.6857500000000001 0.3863232685185185 0.68025 0.3889875671296296 0.67375 0.3885435162037037 0.66825 0.3849911180555555 0.663 0.37744227314814816 0.6595 0.3658969814814815 0.6575000000000001 0.35612788657407407 0.6577500000000001 0.3450266435185185 0.6615 0.3401420949074074 0.6677500000000001 0.33969804629629635 0.67325 0.34147424537037036 0.6785000000000001 0.3485790416666667 0.68375 0.355239787037037 0.6857500000000001
13 0.5461811712962963 0.6835 0.562166962962963 0.68325 0.5714920069444445 0.67975 0.5768206041666667 0.6755 0.5790408518518518 0.6647500000000001 0.5714920069444445 0.6579999999999999 0.5683836597222223 0.657 0.5537300185185186 0.6549999999999999 0.539520425925926 0.65625 0.5328596805555555 0.66 0.5293072824074074 0.6652499999999999 0.5288632337962963 0.6715000000000001 0.5324156296296296 0.67725 0.5359680277777777 0.67975 0.5461811712962963 0.6835
13 0.4462699814814815 0.62975 0.45204262962962966 0.6307499999999999 0.4666962708333333 0.63025 0.477353462962963 0.62525 0.48134991203703703 0.6160000000000001 0.4751332152777778 0.60725 0.4711367662037037 0.605 0.4604795740740741 0.603 0.44582593287037037 0.604 0.43960923611111113 0.60625 0.4342806388888889 0.61125 0.4325044398148148 0.61825 0.4356127893518518 0.6244999999999999 0.44049733564814814 0.6277499999999999 0.4462699814814815 0.62975
13 0.6429840138888889 0.628 0.6580817060185185 0.62725 0.6651865 0.624 0.6700710486111111 0.62 0.6714031967592592 0.61275 0.6696269976851852 0.6094999999999999 0.6616341041666667 0.6022500000000001 0.6576376550925926 0.60075 0.643872113425926 0.6005 0.6327708703703704 0.60175 0.6247779745370371 0.6064999999999999 0.6221136759259259 0.611 0.623001775462963 0.61975 0.6305506226851852 0.625 0.6372113680555556 0.62725 0.6429840138888889 0.628