0 0.4444444444444444 0.3425925925925926 0.44675925925925924 0.3449074074074074 0.4652777777777778 0.34953703703703703 0.48148148148148145 0.36342592592592593 0.4837962962962963 0.375 0.4861111111111111 0.3773148148148148 0.4861111111111111 0.3888888888888889 0.49074074074074076 0.39351851851851855 0.49537037037037035 0.3912037037037037 0.5254629629629629 0.3912037037037037 0.5277777777777778 0.39351851851851855 0.5416666666666666 0.39351851851851855 0.5439814814814815 0.3958333333333333 0.5578703703703703 0.39814814814814814 0.5671296296296297 0.4027777777777778 0.5810185185185185 0.4166666666666667 0.5833333333333334 0.42824074074074076 0.5856481481481481 0.4305555555555556 0.5856481481481481 0.44212962962962965 0.5879629629629629 0.4444444444444444 0.6296296296296297 0.4444444444444444 0.6319444444444444 0.44675925925925924 0.6435185185185185 0.44675925925925924 0.6458333333333334 0.44907407407407407 0.6574074074074074 0.4513888888888889 0.6620370370370371 0.45601851851851855 0.6689814814814815 0.4583333333333333 0.6782407407407407 0.4675925925925926 0.6805555555555556 0.4791666666666667 0.6435185185185185 0.4791666666666667 0.6388888888888888 0.4722222222222222 0.625 0.4652777777777778 0.6203703703703703 0.4652777777777778 0.6180555555555556 0.46296296296296297 0.5972222222222222 0.46296296296296297 0.5856481481481481 0.4675925925925926 0.5856481481481481 0.4791666666666667 0.5810185185185185 0.48148148148148145 0.5787037037037037 0.4791666666666667 0.5509259259259259 0.48148148148148145 0.5486111111111112 0.4791666666666667 0.5486111111111112 0.4699074074074074 0.5439814814814815 0.4652777777777778 0.5 0.4652777777777778 0.4976851851851852 0.46296296296296297 0.48842592592592593 0.46296296296296297 0.4861111111111111 0.46064814814814814 0.47453703703703703 0.4583333333333333 0.4699074074074074 0.4537037037037037 0.46296296296296297 0.4513888888888889 0.4537037037037037 0.4398148148148148 0.4537037037037037 0.4351851851851852 0.4513888888888889 0.43287037037037035 0.4513888888888889 0.4166666666666667 0.44907407407407407 0.41435185185185186 0.4236111111111111 0.41435185185185186 0.4236111111111111 0.4050925925925926 0.4212962962962963 0.4027777777777778 0.4236111111111111 0.40046296296296297 0.4212962962962963 0.39814814814814814 0.4236111111111111 0.39351851851851855 0.42592592592592593 0.3912037037037037 0.4398148148148148 0.3912037037037037 0.44212962962962965 0.39351851851851855 0.44675925925925924 0.39351851851851855 0.4513888888888889 0.3888888888888889 0.4513888888888889 0.37962962962962965 0.44212962962962965 0.3680555555555556 0.4305555555555556 0.36574074074074076 0.4212962962962963 0.3611111111111111 0.4166666666666667 0.3425925925925926 0.41898148148148145 0.3402777777777778 0.4351851851851852 0.3402777777777778 0.4375 0.3425925925925926 0.44212962962962965 0.3425925925925926
7 0.41203703703703703 0.3425925925925926 0.4166666666666667 0.35185185185185186 0.4166666666666667 0.3611111111111111 0.4097222222222222 0.36574074074074076 0.40046296296296297 0.36574074074074076 0.3958333333333333 0.3680555555555556 0.38657407407407407 0.37962962962962965 0.38657407407407407 0.3912037037037037 0.39351851851851855 0.3958333333333333 0.41203703703703703 0.39351851851851855 0.4166666666666667 0.39814814814814814 0.4166666666666667 0.41203703703703703 0.41435185185185186 0.4166666666666667 0.3912037037037037 0.4166666666666667 0.3888888888888889 0.41898148148148145 0.3912037037037037 0.4212962962962963 0.3912037037037037 0.4444444444444444 0.39351851851851855 0.44675925925925924 0.4027777777777778 0.44675925925925924 0.4050925925925926 0.44907407407407407 0.4074074074074074 0.44675925925925924 0.41203703703703703 0.44907407407407407 0.41435185185185186 0.44675925925925924 0.4305555555555556 0.44675925925925924 0.43287037037037035 0.44907407407407407 0.4444444444444444 0.44907407407407407 0.44675925925925924 0.4513888888888889 0.46296296296296297 0.4537037037037037 0.4837962962962963 0.4722222222222222 0.4861111111111111 0.4837962962962963 0.44675925925925924 0.4837962962962963 0.44675925925925924 0.4791666666666667 0.4398148148148148 0.4722222222222222 0.4351851851851852 0.4722222222222222 0.4305555555555556 0.4675925925925926 0.41203703703703703 0.4675925925925926 0.4097222222222222 0.4699074074074074 0.39814814814814814 0.4699074074074074 0.39351851851851855 0.47453703703703703 0.39351851851851855 0.4837962962962963 0.38657407407407407 0.4837962962962963 0.38425925925925924 0.4861111111111111 0.37962962962962965 0.4837962962962963 0.375 0.4861111111111111 0.3587962962962963 0.4861111111111111 0.35185185185185186 0.4699074074074074 0.3287037037037037 0.4699074074074074 0.3263888888888889 0.4675925925925926 0.3263888888888889 0.46064814814814814 0.32407407407407407 0.4583333333333333 0.32407407407407407 0.4513888888888889 0.3263888888888889 0.44907407407407407 0.3333333333333333 0.44907407407407407 0.33564814814814814 0.44675925925925924 0.3449074074074074 0.44675925925925924 0.3472222222222222 0.44907407407407407 0.35185185185185186 0.4444444444444444 0.35185185185185186 0.4236111111111111 0.3472222222222222 0.4166666666666667 0.3402777777777778 0.4166666666666667 0.33796296296296297 0.41898148148148145 0.33564814814814814 0.4166666666666667 0.32407407407407407 0.4166666666666667 0.32175925925925924 0.41435185185185186 0.3194444444444444 0.4027777777777778 0.32407407407407407 0.3958333333333333 0.3472222222222222 0.3958333333333333 0.35185185185185186 0.3912037037037037 0.34953703703703703 0.38657407407407407 0.34953703703703703 0.3726851851851852 0.35185185185185186 0.37037037037037035 0.35185185185185186 0.36574074074074076 0.3611111111111111 0.35648148148148145 0.3773148148148148 0.3472222222222222 0.38425925925925924 0.3472222222222222 0.39351851851851855 0.3425925925925926 0.4097222222222222 0.3425925925925926
9 0.4930555555555556 0.5416666666666666 0.4976851851851852 0.5462962962962963 0.49537037037037035 0.5532407407407407 0.5 0.5578703703703703 0.5069444444444444 0.5578703703703703 0.5092592592592593 0.5601851851851852 0.5115740740740741 0.5578703703703703 0.5138888888888888 0.5601851851851852 0.5300925925925926 0.5601851851851852 0.5324074074074074 0.5578703703703703 0.5370370370370371 0.5578703703703703 0.5462962962962963 0.5532407407407407 0.5532407407407407 0.5439814814814815 0.5578703703703703 0.5439814814814815 0.5601851851851852 0.5416666666666666 0.5902777777777778 0.5416666666666666 0.5925925925925926 0.5462962962962963 0.5902777777777778 0.5486111111111112 0.5902777777777778 0.5532407407407407 0.5787037037037037 0.5648148148148148 0.5625 0.5740740740740741 0.5555555555555556 0.5740740740740741 0.5462962962962963 0.5787037037037037 0.5023148148148148 0.5787037037037037 0.4976851851851852 0.5810185185185185 0.49537037037037035 0.5833333333333334 0.49537037037037035 0.6018518518518519 0.4930555555555556 0.6041666666666666 0.4930555555555556 0.6087962962962963 0.4837962962962963 0.6203703703703703 0.4513888888888889 0.6342592592592593 0.42824074074074076 0.6342592592592593 0.42592592592592593 0.6365740740740741 0.4236111111111111 0.6342592592592593 0.4050925925925926 0.6342592592592593 0.4027777777777778 0.6319444444444444 0.3958333333333333 0.6319444444444444 0.3888888888888889 0.6273148148148148 0.38425925925925924 0.6273148148148148 0.37962962962962965 0.6226851851851852 0.375 0.6226851851851852 0.3611111111111111 0.6064814814814815 0.3611111111111111 0.5879629629629629 0.36574074074074076 0.5810185185185185 0.3726851851851852 0.5740740740740741 0.39814814814814814 0.5625 0.4097222222222222 0.5625 0.41203703703703703 0.5601851851851852 0.4513888888888889 0.5601851851851852 0.46064814814814814 0.5532407407407407 0.4583333333333333 0.5486111111111112 0.4583333333333333 0.5439814814814815 0.46064814814814814 0.5416666666666666 0.49074074074074076 0.5416666666666666
3 0.5509259259259259 0.4837962962962963 0.5856481481481481 0.4837962962962963 0.5879629629629629 0.48842592592592593 0.5856481481481481 0.49074074074074076 0.5856481481481481 0.49537037037037035 0.5879629629629629 0.4976851851851852 0.6018518518518519 0.4976851851851852 0.6041666666666666 0.5 0.6388888888888888 0.4976851851851852 0.6412037037037037 0.5 0.6458333333333334 0.49537037037037035 0.6435185185185185 0.4861111111111111 0.6504629629629629 0.48148148148148145 0.6805555555555556 0.48148148148148145 0.6828703703703703 0.4837962962962963 0.6828703703703703 0.49537037037037035 0.6875 0.5 0.7361111111111112 0.5 0.7384259259259259 0.5023148148148148 0.7476851851851852 0.5023148148148148 0.7685185185185185 0.5115740740740741 0.7800925925925926 0.5231481481481481 0.7847222222222222 0.5347222222222222 0.7824074074074074 0.5462962962962963 0.7777777777777778 0.5532407407407407 0.7615740740740741 0.5648148148148148 0.75 0.5694444444444444 0.7245370370370371 0.5717592592592593 0.7222222222222222 0.5740740740740741 0.6851851851851852 0.5694444444444444 0.6666666666666666 0.5601851851851852 0.6620370370370371 0.5601851851851852 0.6504629629629629 0.5486111111111112 0.6458333333333334 0.5370370370370371 0.6458333333333334 0.5231481481481481 0.6412037037037037 0.5185185185185185 0.5925925925925926 0.5185185185185185 0.5879629629629629 0.5231481481481481 0.5879629629629629 0.5324074074074074 0.5856481481481481 0.5347222222222222 0.5532407407407407 0.5347222222222222 0.5509259259259259 0.5324074074074074 0.5509259259259259 0.5208333333333334 0.5486111111111112 0.5185185185185185 0.5138888888888888 0.5185185185185185 0.4976851851851852 0.5254629629629629 0.4930555555555556 0.5347222222222222 0.48842592592592593 0.5370370370370371 0.4699074074074074 0.5370370370370371 0.4675925925925926 0.5393518518518519 0.4652777777777778 0.5370370370370371 0.4583333333333333 0.5370370370370371 0.45601851851851855 0.5347222222222222 0.45601851851851855 0.5300925925925926 0.46296296296296297 0.5185185185185185 0.4791666666666667 0.5069444444444444 0.5023148148148148 0.5023148148148148 0.5046296296296297 0.5 0.5462962962962963 0.5 0.5509259259259259 0.49537037037037035 0.5509259259259259 0.4861111111111111
11 0.0039964467592592595 0.5565 0.003552398148148148 0.571 0.004884546296296296 0.5942500000000001 0.003552398148148148 0.59875 0.004884546296296296 0.6164999999999999 0.003552398148148148 0.631 0.005772645833333334 0.63625 0.003552398148148148 0.6405000000000001 0.004440497685185185 0.6515 0.003108347222222222 0.66025 0.0039964467592592595 0.7172499999999999 0.011545293981481483 0.7305 0.016429840277777778 0.73225 0.020870337962962962 0.7375 0.03507992824074074 0.7445 0.047957370370370365 0.7482500000000001 0.06705150925925926 0.7505000000000001 0.10257548842592591 0.751 0.11900532870370371 0.7494999999999999 0.2140319722222222 0.7487499999999999 0.23134991203703703 0.7472500000000001 0.2522202476851852 0.7484999999999999 0.2690941388888889 0.7475 0.2717584375 0.7465 0.2886323263888889 0.747 0.30106571990740744 0.74575 0.30639431712962967 0.7465 0.35079928935185184 0.746 0.8792184722222223 0.736 0.9009769097222221 0.7340000000000001 0.9125222013888888 0.72825 0.9147424513888889 0.72375 0.9205150972222222 0.721 0.9209591481481482 0.7195 0.9178507986111112 0.7085 0.9156305509259259 0.6665 0.8912078148148148 0.43825000000000003 0.8849911180555556 0.38525 0.8827708703703704 0.38025 0.8836589699074074 0.3725 0.8801065717592592 0.34925 0.875666074074074 0.34750000000000003 0.8747779745370371 0.34575 0.8792184722222223 0.32725000000000004 0.8761101250000001 0.3125 0.875666074074074 0.29325 0.8694493773148148 0.248 0.8663410300925926 0.2375 0.8565719351851853 0.23275 0.8281527523148149 0.2295 0.8272646527777778 0.23049999999999998 0.8023978680555556 0.23125 0.7930728240740741 0.23249999999999998 0.7899644768518519 0.23475000000000001 0.7806394305555556 0.23550000000000001 0.7735346365740741 0.2385 0.7650976898148149 0.24025 0.7633214930555555 0.24175000000000002 0.7424511550925926 0.243 0.7344582592592593 0.2405 0.6989342800925926 0.24000000000000002 0.6589698055555556 0.24150000000000002 0.6443161643518519 0.241 0.6336589699074074 0.24325 0.6265541736111111 0.24225 0.6198934282407408 0.245 0.6092362337962962 0.2435 0.6021314398148149 0.24425000000000002 0.5985790416666666 0.24325 0.5945825925925926 0.2435 0.5919182939814815 0.245 0.5848135 0.2435 0.5790408518518518 0.2445 0.5670515092592593 0.24375 0.5430728240740741 0.245 0.5257548842592593 0.244 0.5013321481481482 0.24525 0.4973357013888889 0.24425000000000002 0.49467140277777777 0.2455 0.49111900462962965 0.2445 0.456483125 0.2445 0.45204262962962966 0.24575 0.4476021319444445 0.24475 0.440053287037037 0.24600000000000002 0.42984014120370373 0.2445 0.42095914814814817 0.2445 0.41030195370370365 0.24625 0.4045293078703704 0.2455 0.37966252314814813 0.247 0.36634103009259256 0.2455 0.33747779861111116 0.2455 0.23712255787037037 0.248 0.2353463587962963 0.24875 0.21003552314814816 0.248 0.2069271759259259 0.249 0.2038188287037037 0.248 0.19582593287037037 0.248 0.19094138657407406 0.24925 0.18206039120370368 0.24825 0.17806394212962964 0.249 0.17451154629629628 0.248 0.10213143981481482 0.249 0.09191829398148148 0.251 0.08836589583333333 0.25 0.060390763888888886 0.2515 0.03996447685185185 0.256 0.024866784722222226 0.262 0.011989342592592591 0.27225 0.007548844907407408 0.289 0.007104796296296296 0.33975 0.004884546296296296 0.3625 0.0039964467592592595 0.42674999999999996 0.005772645833333334 0.43674999999999997 0.0039964467592592595 0.4515 0.003552398148148148 0.528 0.0053285972222222215 0.5387500000000001 0.0039964467592592595 0.5499999999999999 0.005772645833333334 0.55325 0.0039964467592592595 0.5565
12 0.9119849027777778 0.24724000000000002 0.7780062175925926 0.24724000000000002 0.7780062175925926 0.7271099999999999 0.9119849027777778 0.7271099999999999 0.9119849027777778 0.24724000000000002
13 0.4955595023148148 0.33675 0.5066607453703704 0.33875 0.5164298402777777 0.339 0.5257548842592593 0.33599999999999997 0.5306394305555555 0.33275 0.5328596805555555 0.328 0.5324156296296296 0.3215 0.5293072824074074 0.3175 0.5235346365740741 0.314 0.5150976898148149 0.31174999999999997 0.5013321481481482 0.3125 0.49200710416666665 0.31675000000000003 0.48889875694444446 0.32049999999999995 0.4875666064814815 0.32425 0.4884547060185185 0.32875000000000004 0.49111900462962965 0.3335 0.4955595023148148 0.33675
13 0.31305506250000004 0.34149999999999997 0.3228241574074074 0.342 0.33170515046296295 0.3405 0.3401420949074074 0.33575000000000005 0.3432504444444444 0.33125 0.34280639351851855 0.3245 0.33880994675925924 0.31975000000000003 0.33081705092592595 0.3155 0.3183836597222222 0.314 0.3112788634259259 0.315 0.3023978680555555 0.3185 0.29795737037037034 0.323 0.29795737037037034 0.33299999999999996 0.30106571990740744 0.3375 0.30417406712962963 0.339 0.31305506250000004 0.34149999999999997
13 0.2131438726851852 0.3945 0.22158081712962965 0.3965 0.23445825925925926 0.396 0.24600355324074072 0.39025 0.2495559513888889 0.385 0.25 0.38 0.2446714027777778 0.37274999999999997 0.2397868564814815 0.37025 0.2309058611111111 0.368 0.2189165185185185 0.3685 0.208703375 0.372 0.20470692824074074 0.3755 0.20204262962962963 0.38 0.2033747777777778 0.38725 0.2055950277777778 0.39075 0.2131438726851852 0.3945
13 0.41429840046296296 0.39225 0.4205150972222222 0.39225 0.43694493749999996 0.388 0.44049733564814814 0.38275000000000003 0.440053287037037 0.377 0.437833037037037 0.373 0.43072824074074073 0.36875 0.42184724768518517 0.3665 0.4138543518518518 0.36625 0.4045293078703704 0.36924999999999997 0.3978685601851852 0.37375 0.39653641203703704 0.38075000000000003 0.3983126111111111 0.38525 0.4049733564814815 0.3905 0.41429840046296296 0.39225
13 0.6025754884259259 0.39025 0.6096802847222222 0.3905 0.6194493773148148 0.3885 0.6265541736111111 0.38475 0.6301065717592592 0.38025 0.6309946712962963 0.37575000000000003 0.6283303726851851 0.37050000000000005 0.6207815277777777 0.36574999999999996 0.6132326828703704 0.36374999999999996 0.6043516875 0.36325 0.5950266435185185 0.36475 0.5905861458333334 0.3665 0.5843694490740741 0.37274999999999997 0.5839254004629629 0.37775 0.5870337476851852 0.3835 0.5932504444444445 0.388 0.6025754884259259 0.39025
13 0.7029307291666667 0.443 0.7100355231481481 0.443 0.7162522199074074 0.44125000000000003 0.7251332152777777 0.43724999999999997 0.729129662037037 0.4335 0.7304618125 0.42974999999999997 0.729129662037037 0.42175 0.7251332152777777 0.41825 0.7166962708333334 0.4145 0.7015985787037037 0.41375 0.6962699814814814 0.41475 0.688277087962963 0.4185 0.6838365902777779 0.42474999999999996 0.6829484907407407 0.42875 0.6869449375000001 0.43575 0.6927175833333332 0.43975000000000003 0.7029307291666667 0.443
13 0.5079928958333334 0.4425 0.5253108356481482 0.44325000000000003 0.5328596805555555 0.4425 0.5381882777777778 0.44075 0.5417406759259259 0.43524999999999997 0.5430728240740741 0.42824999999999996 0.5417406759259259 0.42525 0.5373001782407407 0.42175 0.5310834814814815 0.41900000000000004 0.5222024861111111 0.41750000000000004 0.5062166967592593 0.41725 0.49467140277777777 0.42225 0.49111900462962965 0.42600000000000005 0.49111900462962965 0.4315 0.49467140277777777 0.436 0.5 0.43975000000000003 0.5079928958333334 0.4425
13 0.3272646527777778 0.447 0.3392539953703704 0.446 0.3419182939814815 0.44475000000000003 0.3472468912037037 0.43625 0.3468028425925926 0.43075 0.3423623449074074 0.42425 0.3352575486111111 0.4215 0.32460035416666666 0.42050000000000004 0.3143872106481482 0.4215 0.30417406712962963 0.4265 0.30106571990740744 0.4305 0.30195381944444444 0.44 0.3108348125 0.4465 0.3241563055555556 0.44825000000000004 0.3272646527777778 0.447
13 0.1305506226851852 0.45225000000000004 0.13987566666666668 0.451 0.14742451157407407 0.44775 0.15452930787037036 0.44175000000000003 0.15541740740740742 0.43524999999999997 0.1527531087962963 0.43024999999999997 0.14520426388888888 0.42474999999999996 0.13943161574074073 0.423 0.12966252314814813 0.42175 0.11989342824074074 0.42324999999999996 0.11101243287037038 0.42674999999999996 0.1065719351851852 0.43075 0.1047957361111111 0.436 0.10879218518518519 0.44575 0.11989342824074074 0.45125 0.1305506226851852 0.45225000000000004
13 0.23268206018518517 0.50375 0.24111900462962962 0.5025000000000001 0.2477797523148148 0.4995 0.2526642986111111 0.49550000000000005 0.2544404976851852 0.49125 0.2526642986111111 0.48350000000000004 0.2495559513888889 0.48024999999999995 0.24067495601851852 0.47625 0.2309058611111111 0.47450000000000003 0.21669627083333334 0.47600000000000003 0.20825932407407408 0.4805 0.20470692824074074 0.486 0.2055950277777778 0.495 0.21269982175925928 0.50125 0.21669627083333334 0.5027499999999999 0.23268206018518517 0.50375
13 0.41119005324074076 0.4985 0.42140319675925925 0.5 0.43072824074074073 0.49924999999999997 0.4387211365740741 0.49624999999999997 0.4440497337962963 0.49274999999999997 0.4476021319444445 0.48425 0.4444937824074074 0.47975 0.4356127893518518 0.47375 0.4271758425925926 0.47250000000000003 0.41829484953703705 0.47275 0.4076376550925926 0.47525 0.4036412083333334 0.47775 0.39920071064814816 0.48425 0.39964475925925924 0.488 0.4027531087962963 0.49325 0.41119005324074076 0.4985
13 0.6110124328703704 0.49574999999999997 0.6212255763888889 0.49550000000000005 0.6274422731481482 0.49325 0.6363232685185186 0.48775 0.6398756666666666 0.48075 0.6323268217592592 0.47300000000000003 0.6216696273148149 0.46925 0.6052397870370371 0.47 0.5972468912037037 0.47300000000000003 0.5914742453703704 0.47800000000000004 0.5905861458333334 0.48425 0.5941385439814815 0.488 0.6025754884259259 0.494 0.6110124328703704 0.49574999999999997
13 0.7087033749999999 0.55175 0.7233570162037037 0.5515 0.7304618125 0.5495 0.7384547060185185 0.5437500000000001 0.7424511550925926 0.5367500000000001 0.7397868564814815 0.5295 0.7322380115740741 0.5237499999999999 0.7242451157407408 0.52125 0.7144760208333333 0.52 0.7007104791666667 0.521 0.6953818819444444 0.52 0.6856127893518519 0.522 0.688277087962963 0.54 0.690053287037037 0.54325 0.6949378333333334 0.54675 0.7087033749999999 0.55175
13 0.518650087962963 0.5515 0.5279751342592592 0.5515 0.5324156296296296 0.5505 0.5417406759259259 0.54475 0.5452930717592592 0.54 0.5457371226851851 0.5355 0.5439609236111111 0.5325 0.5359680277777777 0.527 0.5248667847222221 0.5245 0.5155417407407408 0.5245 0.5088809953703703 0.52625 0.5039964467592593 0.5285000000000001 0.49866785185185186 0.5335 0.4977797523148148 0.5365 0.49955595138888886 0.5435 0.5119893425925925 0.5505 0.518650087962963 0.5515
13 0.32460035416666666 0.5565 0.33880994675925924 0.55525 0.35035524074074076 0.5495 0.35346358796296296 0.5457500000000001 0.35435168749999996 0.5395 0.35257548842592595 0.536 0.3472468912037037 0.5325 0.33747779861111116 0.5287499999999999 0.32682060416666664 0.52775 0.31705150925925923 0.529 0.309946712962963 0.532 0.30461811805555555 0.53775 0.3028419189814815 0.5435 0.30639431712962967 0.54875 0.31394316203703704 0.55425 0.32460035416666666 0.5565
13 0.11944937731481481 0.5599999999999999 0.1309946712962963 0.56075 0.14520426388888888 0.55875 0.15541740740740742 0.552 0.1571936064814815 0.54325 0.1549733564814815 0.5385 0.1527531087962963 0.53625 0.14342806481481482 0.532 0.13410301851851852 0.5305 0.11811722916666667 0.532 0.10968028472222223 0.5365 0.10612788657407408 0.54125 0.10523978703703704 0.54675 0.10746003472222222 0.552 0.11367673148148148 0.55775 0.11944937731481481 0.5599999999999999
13 0.24200710416666665 0.613 0.2526642986111111 0.60775 0.2562166967592593 0.6027499999999999 0.2557726458333333 0.5954999999999999 0.25 0.5885 0.24111900462962962 0.585 0.2304618125 0.5835 0.2135879212962963 0.5875 0.20825932407407408 0.59175 0.20515097685185182 0.597 0.206483125 0.6055 0.2140319722222222 0.61125 0.22557726388888888 0.61425 0.24200710416666665 0.613
13 0.42140319675925925 0.61125 0.4289520416666666 0.612 0.4391651875 0.6097499999999999 0.44804618055555556 0.6045 0.4507104791666667 0.6015 0.45159857870370373 0.5954999999999999 0.44893428009259256 0.588 0.4391651875 0.582 0.42451154629629634 0.5812499999999999 0.4138543518518518 0.583 0.4054174074074074 0.5885 0.4027531087962963 0.59275 0.4023090578703704 0.599 0.40719360648148145 0.606 0.41252220138888884 0.6092500000000001 0.42140319675925925 0.61125
13 0.6163410300925926 0.60625 0.6301065717592592 0.60675 0.6403197152777778 0.60375 0.6447602129629629 0.60025 0.6478685601851851 0.59375 0.646980462962963 0.5882499999999999 0.6412078148148148 0.58075 0.6314387222222222 0.5775 0.6185612777777778 0.57675 0.6092362337962962 0.578 0.6021314398148149 0.58325 0.5985790416666666 0.5885 0.5985790416666666 0.5952500000000001 0.6012433402777778 0.60025 0.606127886574074 0.60325 0.6163410300925926 0.60625
13 0.5222024861111111 0.6649999999999999 0.5359680277777777 0.6652499999999999 0.5448490231481481 0.66275 0.5506216689814815 0.6589999999999999 0.5537300185185186 0.6545000000000001 0.5541740671296297 0.6475000000000001 0.5519538194444444 0.64325 0.5430728240740741 0.6365000000000001 0.5368561273148148 0.635 0.5248667847222221 0.63425 0.5150976898148149 0.63625 0.5093250439814815 0.63925 0.5035523981481481 0.6477499999999999 0.5035523981481481 0.6542500000000001 0.5075488449074074 0.65875 0.5119893425925925 0.6615 0.5222024861111111 0.6649999999999999
13 0.33880994675925924 0.66875 0.3454706921296296 0.667 0.35346358796296296 0.66275 0.3570159861111111 0.6579999999999999 0.3574600347222222 0.651 0.35479573611111115 0.6465000000000001 0.35035524074074076 0.643 0.34147424537037036 0.6395000000000001 0.3272646527777778 0.6385 0.3174955601851852 0.6405000000000001 0.3108348125 0.644 0.30639431712962967 0.651 0.30639431712962967 0.6577500000000001 0.31039076388888887 0.6635 0.3241563055555556 0.66825 0.33880994675925924 0.66875