6 0.6041666666666666 0.42824074074074076 0.6064814814814815 0.4305555555555556 0.6111111111111112 0.4305555555555556 0.6134259259259259 0.42824074074074076 0.6342592592592593 0.42824074074074076 0.6388888888888888 0.43287037037037035 0.6365740740740741 0.44212962962962965 0.6412037037037037 0.44675925925925924 0.6736111111111112 0.44675925925925924 0.6759259259259259 0.4444444444444444 0.6851851851851852 0.4444444444444444 0.6921296296296297 0.4375 0.6921296296296297 0.43287037037037035 0.6967592592592593 0.42824074074074076 0.6990740740740741 0.4305555555555556 0.7013888888888888 0.42824074074074076 0.7384259259259259 0.42824074074074076 0.7384259259259259 0.4351851851851852 0.7337962962962963 0.44212962962962965 0.7245370370370371 0.4513888888888889 0.7175925925925926 0.4537037037037037 0.7083333333333334 0.46064814814814814 0.6944444444444444 0.46296296296296297 0.6921296296296297 0.4652777777777778 0.6759259259259259 0.4652777777777778 0.6736111111111112 0.4675925925925926 0.6388888888888888 0.4675925925925926 0.6365740740740741 0.4699074074074074 0.6365740740740741 0.4976851851851852 0.6412037037037037 0.5023148148148148 0.6805555555555556 0.5023148148148148 0.6828703703703703 0.5046296296296297 0.6921296296296297 0.5046296296296297 0.6944444444444444 0.5069444444444444 0.7129629629629629 0.5115740740740741 0.7175925925925926 0.5162037037037037 0.7245370370370371 0.5185185185185185 0.7337962962962963 0.5300925925925926 0.7361111111111112 0.5393518518518519 0.7314814814814815 0.5416666666666666 0.7037037037037037 0.5416666666666666 0.7013888888888888 0.5393518518518519 0.6967592592592593 0.5393518518518519 0.6851851851851852 0.5254629629629629 0.6805555555555556 0.5254629629629629 0.6782407407407407 0.5231481481481481 0.6412037037037037 0.5231481481481481 0.6365740740740741 0.5277777777777778 0.6365740740740741 0.5370370370370371 0.6319444444444444 0.5416666666666666 0.6087962962962963 0.5416666666666666 0.6064814814814815 0.5393518518518519 0.5972222222222222 0.5393518518518519 0.5949074074074074 0.5347222222222222 0.5949074074074074 0.5254629629629629 0.5925925925925926 0.5231481481481481 0.5532407407407407 0.5231481481481481 0.5509259259259259 0.5208333333333334 0.5393518518518519 0.5208333333333334 0.5370370370370371 0.5185185185185185 0.5231481481481481 0.5162037037037037 0.5185185185185185 0.5115740740740741 0.5115740740740741 0.5092592592592593 0.5 0.4976851851851852 0.49537037037037035 0.4861111111111111 0.5 0.4699074074074074 0.5115740740740741 0.4583333333333333 0.5208333333333334 0.4537037037037037 0.5254629629629629 0.4537037037037037 0.5347222222222222 0.44907407407407407 0.5439814814814815 0.44907407407407407 0.5462962962962963 0.44675925925925924 0.5925925925925926 0.44675925925925924 0.5972222222222222 0.44212962962962965 0.5949074074074074 0.4398148148148148 0.5949074074074074 0.43287037037037035 0.6018518518518519 0.42824074074074076
11 0 0.6785000000000001 0.004440497685185185 0.77775 0.001776199074074074 0.7939999999999999 0.003552398148148148 0.8065 0.008436944444444445 0.8144999999999999 0.01909413888888889 0.81475 0.020870337962962962 0.8140000000000001 0.03419182870370371 0.81625 0.0630550625 0.815 0.0821492013888889 0.8152499999999999 0.1043516875 0.81275 0.11500888194444443 0.8142499999999999 0.11989342824074074 0.8125 0.12300177546296297 0.81325 0.13232682175925928 0.8125 0.14031971527777778 0.8140000000000001 0.15097690972222222 0.8142499999999999 0.15452930787037036 0.8115 0.16385435185185185 0.81275 0.16829484953703702 0.81475 0.1727353472222222 0.81475 0.8801065717592592 0.8079999999999999 0.8841030185185185 0.807 0.8872113680555556 0.80775 0.8956483125 0.806 0.9045293078703703 0.806 0.9076376550925926 0.807 0.9147424513888889 0.8065 0.9240674953703704 0.8037500000000001 0.9289520416666667 0.8009999999999999 0.9307282407407407 0.79125 0.9302841921296297 0.751 0.9285079930555555 0.749 0.9240674953703704 0.7505000000000001 0.91740675 0.7472500000000001 0.916518650462963 0.7435 0.9187388981481481 0.7412500000000001 0.9160745995370371 0.7375 0.9196269976851852 0.7342500000000001 0.9249555949074074 0.7235 0.9258436944444445 0.707 0.9267317939814815 0.64 0.9285079930555555 0.62075 0.9271758425925926 0.61483325 0.9285079930555555 0.61275 0.9276198935185185 0.58775 0.9293960925925927 0.5720000000000001 0.9271758425925926 0.5457500000000001 0.9289520416666667 0.54325 0.9311722916666667 0.5165 0.9302841921296297 0.47875 0.9320603912037037 0.47600000000000003 0.9329484907407407 0.4635 0.9307282407407407 0.45449999999999996 0.9333925393518518 0.394 0.9311722916666667 0.38299999999999995 0.9333925393518518 0.3735 0.9342806388888889 0.335 0.9325044398148149 0.3245 0.9271758425925926 0.31675000000000003 0.9107460046296296 0.30324999999999996 0.8907637662037038 0.29575 0.8836589699074074 0.29525 0.8796625231481481 0.2935 0.8592362337962962 0.29225 0.6847246898148148 0.29225 0.6762877453703703 0.29325 0.6620781527777778 0.29225 0.5728241574074074 0.29275 0.5670515092592593 0.29325 0.564831261574074 0.29475 0.559946712962963 0.29375 0.5490674953703704 0.295 0.5399644768518519 0.2935 0.5355239791666667 0.294 0.5333037291666667 0.293 0.5190941388888889 0.294 0.5039964467592593 0.293 0.48978685648148146 0.29325 0.4849023101851852 0.29575 0.48001776157407405 0.29625 0.46314387268518514 0.293 0.3521314398148148 0.29275 0.33259325 0.29475 0.3250444050925926 0.294 0.22690941435185186 0.29325 0.21802841898148148 0.29475 0.2131438726851852 0.2935 0.2091474236111111 0.29475 0.18916518750000003 0.29550000000000004 0.18561278935185185 0.294 0.17539964583333334 0.2945 0.1718472476851852 0.29325 0.1620781527777778 0.295 0.15763765509259262 0.29375 0.14342806481481482 0.29550000000000004 0.13010657175925924 0.29425 0.12033747685185185 0.29525 0.11589698148148148 0.29325 0.08836589583333333 0.29325 0.0706039074074074 0.29425 0.06483126157407407 0.29550000000000004 0.060390763888888886 0.29475 0.035523979166666664 0.2965 0.016429840277777778 0.30375 0.011989342592592591 0.30375 0.009769094907407407 0.30775 0.004884546296296296 0.3095 0.003552398148148148 0.31174999999999997 0 0.32175000000000004 0 0.6785000000000001
12 0.9360990231481481 0.7488625 0.0000022199074074074076 0.7488625 0.0000022199074074074076 0.8062925 0.9360990231481481 0.8062925 0.9360990231481481 0.7488625
13 0.355239787037037 0.386 0.3658969814814815 0.38475 0.3765541736111111 0.382 0.38188277083333333 0.37875000000000003 0.3854351689814815 0.37274999999999997 0.38587921759259264 0.366 0.37921847222222227 0.35725 0.37033747685185187 0.3535 0.3596802847222222 0.352 0.3485790416666667 0.35325 0.33570159953703704 0.35975 0.3330373009259259 0.3645 0.33436944907407407 0.3755 0.33747779861111116 0.379 0.3454706921296296 0.38375 0.355239787037037 0.386
13 0.5541740671296297 0.38425000000000004 0.5701598587962963 0.38475 0.5746003541666667 0.384 0.5843694490740741 0.38 0.5892539953703704 0.37400000000000005 0.5905861458333334 0.36625 0.585701599537037 0.3575 0.5777087037037036 0.35325 0.564831261574074 0.35075 0.5541740671296297 0.35150000000000003 0.542184724537037 0.35725 0.5377442268518519 0.36275 0.5368561273148148 0.36625 0.5390763773148148 0.37599999999999995 0.5466252222222222 0.38175 0.5541740671296297 0.38425000000000004
13 0.270426287037037 0.4405 0.2788632337962963 0.438 0.28330372916666663 0.43425 0.28552397916666666 0.42875 0.2841918287037037 0.422 0.27930728240740743 0.41675 0.27220248611111114 0.41350000000000003 0.2624333935185185 0.41125 0.250888099537037 0.41200000000000003 0.23801065740740743 0.4165 0.23312611111111112 0.42175 0.23357015972222223 0.43225 0.2446714027777778 0.441 0.26065719444444446 0.44175000000000003 0.270426287037037 0.4405
13 0.45293072916666666 0.44199999999999995 0.4675843703703703 0.44175000000000003 0.477353462962963 0.44 0.4857904074074074 0.435 0.48978685648148146 0.42950000000000005 0.4884547060185185 0.42075 0.48001776157407405 0.41350000000000003 0.4702486689814815 0.41074999999999995 0.456483125 0.41050000000000003 0.44937833101851854 0.41200000000000003 0.44049733564814814 0.41750000000000004 0.43694493749999996 0.423 0.43694493749999996 0.4285 0.43960923611111113 0.435 0.44271758333333333 0.4375 0.45293072916666666 0.44199999999999995
13 0.6678507986111112 0.4425 0.6749555949074074 0.44175000000000003 0.6820603912037037 0.439 0.6913854351851852 0.429 0.690053287037037 0.42175 0.6851687384259258 0.41525 0.6789520416666667 0.41125 0.6727353472222222 0.41000000000000003 0.6611900532407406 0.40925 0.6509769097222221 0.41125 0.6425399652777778 0.41675 0.6394316157407408 0.42225 0.6398756666666666 0.4285 0.6460923634259259 0.43575 0.6540852569444445 0.43975000000000003 0.6678507986111112 0.4425
13 0.7659857893518519 0.49725 0.7757548842592592 0.49675 0.7824156296296296 0.49525 0.7904085254629629 0.48874999999999996 0.792628775462963 0.48425 0.792184724537037 0.47725 0.7868561273148148 0.4715 0.7753108356481482 0.46675 0.7611012430555555 0.46625 0.750444048611111 0.46900000000000003 0.7446714027777778 0.472 0.7402309050925925 0.4775 0.7406749560185185 0.48850000000000005 0.7446714027777778 0.493 0.7486678518518518 0.495 0.7659857893518519 0.49725
13 0.5546181180555555 0.49774999999999997 0.5679396087962962 0.49875 0.5790408518518518 0.4965 0.5861456481481482 0.49274999999999997 0.5919182939814815 0.486 0.5919182939814815 0.47950000000000004 0.5888099467592592 0.4735 0.5759325046296296 0.46849999999999997 0.5639431620370371 0.46799999999999997 0.5537300185185186 0.46900000000000003 0.5475133217592593 0.472 0.541296625 0.47725 0.5399644768518519 0.48024999999999995 0.5386323263888889 0.48574999999999996 0.5399644768518519 0.49025 0.5466252222222222 0.49574999999999997 0.5546181180555555 0.49774999999999997
13 0.3619005324074074 0.49924999999999997 0.3658969814814815 0.501 0.38010657175925927 0.49574999999999997 0.3885435162037037 0.48825 0.3885435162037037 0.48075 0.38454706944444444 0.47575 0.3765541736111111 0.47025 0.37166962731481484 0.46950000000000003 0.3627886319444445 0.46900000000000003 0.3485790416666667 0.47100000000000003 0.34058614583333335 0.47475 0.33658969907407404 0.48075 0.3370337476851852 0.489 0.34369449305555555 0.496 0.355239787037037 0.49924999999999997 0.3619005324074074 0.49924999999999997
13 0.14698046296296297 0.49924999999999997 0.16385435185185185 0.49924999999999997 0.18028419212962965 0.4935 0.18516873842592593 0.489 0.18472468981481482 0.48225 0.18117229166666668 0.4775 0.16829484953703702 0.4705 0.16119005324074073 0.46925 0.1527531087962963 0.46925 0.14031971527777778 0.47175 0.13632326851851853 0.47375 0.1305506226851852 0.48075 0.1305506226851852 0.487 0.1327708703703704 0.49074999999999996 0.13632326851851853 0.4945 0.14698046296296297 0.49924999999999997
13 0.2522202476851852 0.55475 0.2548845462962963 0.55625 0.2619893425925926 0.5569999999999999 0.2646536412037037 0.556 0.2690941388888889 0.5565 0.27264653703703706 0.55525 0.28330372916666663 0.55025 0.28907637731481484 0.5437500000000001 0.2881882777777778 0.537 0.28330372916666663 0.5307499999999999 0.2788632337962963 0.5287499999999999 0.26598578935185185 0.52625 0.2584369444444445 0.5257499999999999 0.24511545370370372 0.5285000000000001 0.23623445833333334 0.5365 0.23579040740740742 0.543 0.24067495601851852 0.55025 0.2446714027777778 0.55325 0.2522202476851852 0.55475
13 0.48001776157407405 0.5515 0.4884547060185185 0.54725 0.49067495601851846 0.54225 0.49067495601851846 0.536 0.48889875694444446 0.533 0.48134991203703703 0.52775 0.47424511574074074 0.52475 0.4702486689814815 0.524 0.4591474236111111 0.5245 0.4484902314814815 0.5275 0.44182948379629633 0.5317500000000001 0.43827708796296294 0.53725 0.44049733564814814 0.5465 0.45248667824074074 0.55325 0.4702486689814815 0.554 0.48001776157407405 0.5515
13 0.6603019537037037 0.55375 0.6678507986111112 0.55375 0.6749555949074074 0.5529999999999999 0.6856127893518519 0.5495 0.6927175833333332 0.53975 0.6891651875 0.53325 0.6838365902777779 0.5287499999999999 0.6753996458333333 0.5257499999999999 0.666518650462963 0.5255 0.6474245115740741 0.52725 0.6434280648148147 0.53 0.6372113680555556 0.5405 0.6434280648148147 0.5485 0.6474245115740741 0.55125 0.6603019537037037 0.55375
13 0.7593250439814815 0.6085 0.771314386574074 0.6090000000000001 0.7815275300925926 0.607 0.7886323263888889 0.6024999999999999 0.7912966250000001 0.59925 0.792184724537037 0.59225 0.7904085254629629 0.5882499999999999 0.7859680277777777 0.58375 0.7793072824074074 0.58075 0.7619893425925925 0.57825 0.7513321481481482 0.58075 0.7433392546296297 0.586 0.7402309050925925 0.59175 0.7397868564814815 0.599 0.7424511550925926 0.603 0.7477797523148149 0.60625 0.7593250439814815 0.6085
13 0.5848135 0.606 0.5901420949074074 0.60175 0.5914742453703704 0.59475 0.5888099467592592 0.5875 0.583037300925926 0.5835 0.5768206041666667 0.581 0.5674955601851852 0.5795 0.5572824166666667 0.58 0.5497335694444444 0.58175 0.5417406759259259 0.587 0.5386323263888889 0.5912499999999999 0.539520425925926 0.59975 0.5501776203703703 0.60775 0.5670515092592593 0.6094999999999999 0.5848135 0.606
13 0.36634103009259256 0.61175 0.3730017754629629 0.6104999999999999 0.3898756666666667 0.60175 0.3912078148148148 0.5994999999999999 0.3903197152777778 0.59175 0.3849911180555555 0.58725 0.3765541736111111 0.58275 0.3627886319444445 0.5815 0.35301953703703703 0.5825 0.3445825925925926 0.586 0.3383658958333334 0.59275 0.33792184722222224 0.59875 0.3432504444444444 0.60575 0.3592362337962963 0.6115 0.36634103009259256 0.61175
13 0.1647424513888889 0.61375 0.17140319675925927 0.6122500000000001 0.18650088888888888 0.6045 0.18872113657407408 0.5994999999999999 0.18650088888888888 0.5915 0.18294849074074074 0.588 0.1749555949074074 0.585 0.1620781527777778 0.58325 0.14875665972222224 0.5842499999999999 0.14031971527777778 0.588 0.13587921759259258 0.59175 0.13454706944444444 0.59925 0.13721136805555556 0.605 0.15097690972222222 0.613 0.1647424513888889 0.61375
13 0.2655417407407408 0.6695 0.27575488425925926 0.6689999999999999 0.2859680277777778 0.663 0.290408525462963 0.6579999999999999 0.291296625 0.653 0.2873001782407407 0.64575 0.28330372916666663 0.642 0.2766429837962963 0.6395000000000001 0.2655417407407408 0.6385 0.2535523981481482 0.63925 0.2442273541666667 0.6435000000000001 0.23934280555555554 0.65 0.2402309050925926 0.66125 0.2446714027777778 0.6649999999999999 0.2548845462962963 0.66825 0.2655417407407408 0.6695
13 0.4626998217592593 0.66675 0.4706927175925926 0.6665 0.4809058611111111 0.66325 0.4880106574074074 0.66025 0.4924511550925926 0.65525 0.4924511550925926 0.65025 0.4893428055555556 0.6435000000000001 0.48001776157407405 0.6385 0.47424511574074074 0.6375 0.46625221990740745 0.637 0.45204262962962966 0.63825 0.4444937824074074 0.64275 0.4409413865740741 0.6475000000000001 0.440053287037037 0.65125 0.4449378333333333 0.65875 0.4507104791666667 0.66325 0.4626998217592593 0.66675
13 0.6607460046296296 0.6647500000000001 0.6722912962962964 0.6649999999999999 0.6820603912037037 0.6635 0.6891651875 0.65875 0.6922735347222222 0.6542500000000001 0.689609236111111 0.644 0.6856127893518519 0.63975 0.6758436944444445 0.63575 0.6607460046296296 0.63575 0.6540852569444445 0.6365000000000001 0.6478685601851851 0.6385 0.6434280648148147 0.642 0.6407637662037038 0.6477499999999999 0.6407637662037038 0.6542500000000001 0.6443161643518519 0.65975 0.6487566597222222 0.6625 0.6607460046296296 0.6647500000000001
13 0.562166962962963 0.7214999999999999 0.5701598587962963 0.72175 0.5848135 0.718 0.5914742453703704 0.7135 0.5932504444444445 0.7060000000000001 0.5901420949074074 0.6995 0.5843694490740741 0.69525 0.5781527523148148 0.693 0.5714920069444445 0.69225 0.5568383657407407 0.69275 0.5501776203703703 0.6945 0.5439609236111111 0.69925 0.541296625 0.7027500000000001 0.541296625 0.7097500000000001 0.5510657199074074 0.71875 0.562166962962963 0.7214999999999999
13 0.3592362337962963 0.7235 0.3730017754629629 0.72375 0.3787744236111111 0.7214999999999999 0.3880994675925926 0.7160000000000001 0.39342806481481485 0.7097500000000001 0.3929840138888889 0.70625 0.3880994675925926 0.7002499999999999 0.3809946712962963 0.6964999999999999 0.3721136759259259 0.69425 0.35479573611111115 0.69475 0.3459147430555556 0.6990000000000001 0.34058614583333335 0.7045 0.3401420949074074 0.70825 0.34369449305555555 0.71475 0.35035524074074076 0.71975 0.3592362337962963 0.7235