4 0.5833333333333334 0.4861111111111111 0.5925925925925926 0.49074074074074076 0.6041666666666666 0.5023148148148148 0.6064814814814815 0.5069444444444444 0.6064814814814815 0.5324074074074074 0.6087962962962963 0.5347222222222222 0.6157407407407407 0.5347222222222222 0.6180555555555556 0.5370370370370371 0.6226851851851852 0.5347222222222222 0.625 0.5370370370370371 0.6296296296296297 0.5347222222222222 0.6388888888888888 0.5347222222222222 0.6412037037037037 0.5370370370370371 0.6597222222222222 0.5370370370370371 0.6805555555555556 0.5462962962962963 0.6851851851851852 0.5462962962962963 0.6990740740740741 0.5555555555555556 0.7060185185185185 0.5648148148148148 0.7083333333333334 0.5740740740740741 0.7013888888888888 0.5787037037037037 0.6689814814814815 0.5763888888888888 0.6643518518518519 0.5740740740740741 0.6527777777777778 0.5601851851851852 0.6481481481481481 0.5601851851851852 0.6458333333333334 0.5578703703703703 0.6087962962962963 0.5578703703703703 0.6064814814814815 0.5601851851851852 0.6041666666666666 0.5717592592592593 0.5972222222222222 0.5763888888888888 0.5671296296296297 0.5740740740740741 0.5648148148148148 0.5717592592592593 0.5648148148148148 0.5601851851851852 0.5601851851851852 0.5532407407407407 0.5555555555555556 0.5555555555555556 0.5046296296296297 0.5555555555555556 0.5023148148148148 0.5578703703703703 0.5023148148148148 0.5717592592592593 0.4976851851851852 0.5740740740740741 0.4675925925925926 0.5740740740740741 0.46296296296296297 0.5717592592592593 0.46064814814814814 0.5671296296296297 0.46064814814814814 0.5578703703703703 0.4583333333333333 0.5555555555555556 0.4212962962962963 0.5555555555555556 0.41898148148148145 0.5578703703703703 0.4074074074074074 0.5601851851851852 0.4027777777777778 0.5671296296296297 0.39351851851851855 0.5740740740740741 0.36342592592592593 0.5740740740740741 0.3587962962962963 0.5717592592592593 0.3587962962962963 0.5648148148148148 0.36342592592592593 0.5578703703703703 0.37037037037037035 0.5509259259259259 0.3912037037037037 0.5393518518518519 0.4050925925925926 0.5370370370370371 0.4074074074074074 0.5347222222222222 0.4236111111111111 0.5347222222222222 0.42592592592592593 0.5324074074074074 0.42824074074074076 0.5347222222222222 0.43287037037037035 0.5324074074074074 0.4375 0.5324074074074074 0.4398148148148148 0.5347222222222222 0.4583333333333333 0.5347222222222222 0.4652777777777778 0.5254629629629629 0.4652777777777778 0.5069444444444444 0.4675925925925926 0.5023148148148148 0.4722222222222222 0.49537037037037035 0.4861111111111111 0.4861111111111111 0.49074074074074076 0.4861111111111111 0.5 0.48148148148148145 0.5069444444444444 0.48148148148148145 0.5092592592592593 0.4791666666666667 0.5162037037037037 0.4791666666666667 0.5185185185185185 0.47685185185185186 0.5532407407407407 0.47685185185185186 0.5555555555555556 0.4791666666666667 0.5648148148148148 0.4791666666666667 0.5810185185185185 0.4861111111111111
11 0.043516875 0.38175 0.043072824074074076 0.44425 0.04751332175925926 0.54625 0.04618117129629629 0.558 0.04884546990740741 0.57475 0.04884546990740741 0.61875 0.04973356944444445 0.62525 0.05284191898148148 0.6307499999999999 0.04928952083333333 0.6475000000000001 0.05373001851851852 0.6775 0.05284191898148148 0.6892499999999999 0.05506216666666667 0.698 0.05461811805555556 0.7100000000000001 0.05728241666666666 0.72125 0.05106571990740741 0.777 0.04884546990740741 0.7792500000000001 0.0484014212962963 0.78375 0.051509768518518524 0.7925 0.05772646527777778 0.80175 0.0754884537037037 0.8035000000000001 0.10213143981481482 0.803 0.10523978703703704 0.802 0.123889875 0.8015 0.1287744236111111 0.8005 0.14253996527777776 0.802 0.15142095833333333 0.8015 0.15896980555555554 0.803 0.1731793958333333 0.802 0.4915630555555556 0.80025 0.49822380092592594 0.8 0.5 0.7985 0.5133214930555555 0.7979999999999999 0.5190941388888889 0.8 0.5301953819444445 0.79875 0.5919182939814815 0.7979999999999999 0.5981349907407407 0.79925 0.6056838356481481 0.79825 0.6123445833333334 0.79925 0.6190053287037037 0.79825 0.623001775462963 0.79925 0.8494671412037037 0.7975 0.8552397870370371 0.79625 0.8592362337962962 0.7967500000000001 0.8627886319444444 0.7945 0.8685612777777778 0.7935 0.873001775462963 0.79475 0.8761101250000001 0.7939999999999999 0.8796625231481481 0.795 0.893872113425926 0.7955 0.9107460046296296 0.79225 0.9236234467592593 0.7925 0.9471580810185185 0.79625 0.9631438726851852 0.79375 0.9840142106481481 0.7935 0.9880106574074075 0.7945 0.999555951388889 0.79175 0.999555951388889 0.291 0.9964476018518519 0.282 0.9875666064814815 0.2745 0.9809058611111111 0.2715 0.9684724699074074 0.26825 0.960479574074074 0.26675 0.9524866782407407 0.26675 0.9493783310185185 0.26525 0.9356127893518519 0.26425000000000004 0.7508880995370371 0.263 0.7451154537037037 0.264 0.7202486689814814 0.26375 0.7166962708333334 0.26525 0.7087033749999999 0.2655 0.7055950277777777 0.26699999999999996 0.6904973356481482 0.26325 0.6785079930555555 0.26325 0.6731793958333333 0.26425000000000004 0.6478685601851851 0.2625 0.6283303726851851 0.26375 0.6154529305555556 0.263 0.6003552407407406 0.26425000000000004 0.5714920069444445 0.264 0.5679396087962962 0.26325 0.5039964467592593 0.2635 0.49289520370370365 0.265 0.48001776157407405 0.2635 0.4560390763888889 0.263 0.45204262962962966 0.264 0.41119005324074076 0.26275 0.3978685601851852 0.264 0.38277087037037033 0.26275 0.3690053287037037 0.26425000000000004 0.35435168749999996 0.2645 0.3419182939814815 0.2625 0.33170515046296295 0.26225 0.29884546990740746 0.2645 0.2761989351851852 0.26275 0.2633214930555556 0.26375 0.24555950231481483 0.262 0.22380106481481482 0.262 0.2206927175925926 0.263 0.21669627083333334 0.262 0.2113676736111111 0.263 0.18960923611111113 0.2635 0.17539964583333334 0.2615 0.1651865 0.2625 0.16074600462962962 0.264 0.15452930787037036 0.262 0.14786856018518518 0.26125 0.13232682175925928 0.2625 0.11944937731481481 0.26175 0.10568383564814815 0.26225 0.08836589583333333 0.26525 0.06749556018518518 0.272 0.060390763888888886 0.276 0.05106571990740741 0.28400000000000003 0.04484902314814815 0.29225 0.04040852546296296 0.304 0.040852576388888895 0.33275 0.04262877546296297 0.33825 0.041740675925925924 0.37400000000000005 0.043516875 0.38175
12 1 0.7205024999999999 0.02183836574074074 0.7205024999999999 0.02183836574074074 0.7998425 1 0.7998425 1 0.7205024999999999
13 0.4147424513888889 0.35625 0.42451154629629634 0.3575 0.43827708796296294 0.35675 0.44582593287037037 0.354 0.4507104791666667 0.3505 0.4538188287037037 0.34474999999999995 0.4538188287037037 0.33599999999999997 0.44804618055555556 0.32825 0.43960923611111113 0.3245 0.4258436944444444 0.32275 0.41785079861111113 0.32325000000000004 0.4067495555555556 0.32775 0.4005328587962963 0.33425 0.4000888101851852 0.34275000000000005 0.4023090578703704 0.34800000000000003 0.4076376550925926 0.35275 0.4147424513888889 0.35625
13 0.623001775462963 0.35625 0.6327708703703704 0.35800000000000004 0.643872113425926 0.35725 0.6540852569444445 0.354 0.6594138541666666 0.35075 0.6634103009259259 0.342 0.6625222013888888 0.335 0.6571936064814815 0.32899999999999996 0.646980462962963 0.32399999999999995 0.6376554166666666 0.32275 0.6247779745370371 0.32375000000000004 0.6136767314814814 0.32949999999999996 0.6092362337962962 0.33475 0.6087921851851852 0.3425 0.6110124328703704 0.34800000000000003 0.6150088819444444 0.3525 0.623001775462963 0.35625
13 0.7309058611111111 0.4145 0.7460035532407407 0.41525 0.7548845462962963 0.41325 0.7633214930555555 0.40775 0.7668738888888889 0.40125 0.7650976898148149 0.39349999999999996 0.7571047962962963 0.3875 0.7477797523148149 0.3845 0.7340142106481481 0.384 0.7242451157407408 0.38625000000000004 0.7180284189814815 0.39025 0.7135879212962963 0.39625 0.7131438726851852 0.40475 0.7158081712962963 0.40850000000000003 0.7202486689814814 0.41175 0.7309058611111111 0.4145
13 0.522646537037037 0.41575 0.5377442268518519 0.41575 0.5466252222222222 0.41350000000000003 0.5555062175925927 0.408 0.5581705162037037 0.40249999999999997 0.5577264652777778 0.3945 0.5492895208333333 0.38675 0.5399644768518519 0.3845 0.5195381875 0.385 0.5106571944444445 0.38925000000000004 0.5062166967592593 0.39425 0.5048845462962963 0.4045 0.5071047962962963 0.40775 0.5119893425925925 0.4125 0.522646537037037 0.41575
13 0.3134991111111111 0.41550000000000004 0.32682060416666664 0.416 0.33792184722222224 0.4125 0.3459147430555556 0.40700000000000003 0.3481349907407407 0.40125 0.3468028425925926 0.39499999999999996 0.3383658958333334 0.38775000000000004 0.3312611018518518 0.3845 0.3188277083333333 0.38325 0.31039076388888887 0.3845 0.3001776203703703 0.389 0.2952930717592593 0.39575 0.29484902314814815 0.40199999999999997 0.29706927083333334 0.40650000000000003 0.30417406712962963 0.41275 0.3134991111111111 0.41550000000000004
13 0.2069271759259259 0.47425 0.21936056944444446 0.47525 0.22735346296296297 0.47425 0.2424511550925926 0.46675 0.2446714027777778 0.46299999999999997 0.2446714027777778 0.45725000000000005 0.2424511550925926 0.45175000000000004 0.23934280555555554 0.44875000000000004 0.2309058611111111 0.44549999999999995 0.21714031944444445 0.443 0.20959147453703703 0.44325000000000003 0.1993783310185185 0.446 0.19049733564814814 0.453 0.18916518750000003 0.45675 0.19227353472222222 0.46575 0.1993783310185185 0.47175 0.2069271759259259 0.47425
13 0.42095914814814817 0.475 0.4302841921296296 0.47525 0.43694493749999996 0.47425 0.45026643055555554 0.46799999999999997 0.4538188287037037 0.464 0.45426287731481485 0.45749999999999996 0.4507104791666667 0.45025000000000004 0.4462699814814815 0.447 0.43827708796296294 0.44475000000000003 0.4249555949074074 0.443 0.4138543518518518 0.44525000000000003 0.40630550694444445 0.44899999999999995 0.4009769097222222 0.4555 0.4005328587962963 0.4605 0.4049733564814815 0.467 0.4116341041666666 0.47225 0.42095914814814817 0.475
13 0.6301065717592592 0.475 0.6443161643518519 0.47425 0.6576376550925926 0.46799999999999997 0.6620781527777778 0.46325 0.6629662523148149 0.45675 0.6585257546296297 0.4495 0.6540852569444445 0.447 0.6407637662037038 0.44325000000000003 0.6332149189814814 0.44225 0.6265541736111111 0.443 0.6203374768518519 0.445 0.6123445833333334 0.45 0.6087921851851852 0.45425 0.6083481342592593 0.46099999999999997 0.6114564837962964 0.46575 0.623001775462963 0.4735 0.6301065717592592 0.475
13 0.83259325 0.47250000000000003 0.8383658958333333 0.474 0.8525754884259259 0.4735 0.8627886319444444 0.46950000000000003 0.8667850810185186 0.46675 0.8703374768518519 0.45975 0.8698934282407408 0.455 0.8667850810185186 0.4495 0.8610124328703704 0.44625 0.8490230902777779 0.4425 0.8414742453703703 0.4425 0.8263765532407407 0.44525000000000003 0.8161634097222221 0.453 0.8152753101851852 0.46099999999999997 0.8170515092592593 0.46499999999999997 0.8281527523148149 0.47125 0.83259325 0.47250000000000003
13 0.7269094143518517 0.5317500000000001 0.7388987569444445 0.533 0.7544404976851852 0.53 0.7593250439814815 0.52725 0.7633214930555555 0.52275 0.7646536412037037 0.5195 0.7637655416666667 0.51175 0.7593250439814815 0.5065 0.7544404976851852 0.5035 0.7420071041666667 0.5015 0.727353462962963 0.50225 0.7166962708333334 0.506 0.7118117222222222 0.5115 0.7113676736111111 0.519 0.7131438726851852 0.5225 0.7202486689814814 0.5295 0.7269094143518517 0.5317500000000001
13 0.5306394305555555 0.531 0.542628775462963 0.5305 0.5506216689814815 0.5275 0.5581705162037037 0.5195 0.5603907638888889 0.51325 0.5581705162037037 0.50825 0.5466252222222222 0.50175 0.541296625 0.501 0.5337477800925926 0.501 0.522646537037037 0.5027499999999999 0.5150976898148149 0.5055000000000001 0.5084369444444444 0.512 0.5075488449074074 0.5187499999999999 0.5137655416666667 0.5275 0.5195381875 0.53025 0.5306394305555555 0.531
13 0.3143872106481482 0.53325 0.3241563055555556 0.5345 0.3348135 0.5335 0.34147424537037036 0.5305 0.35035524074074076 0.52225 0.3516873888888889 0.51725 0.35035524074074076 0.5125000000000001 0.3445825925925926 0.50725 0.33747779861111116 0.5035 0.32460035416666666 0.5015 0.3108348125 0.503 0.30106571990740744 0.5075000000000001 0.29706927083333334 0.513 0.29662522222222226 0.51925 0.3001776203703703 0.526 0.3037300185185185 0.52975 0.3143872106481482 0.53325
13 0.2206927175925926 0.59275 0.2277975138888889 0.59175 0.23712255787037037 0.58925 0.24511545370370372 0.5835 0.24689165277777778 0.574 0.2446714027777778 0.569 0.2375666064814815 0.56325 0.23001776157407405 0.5615 0.2162522199074074 0.56025 0.20293072916666668 0.56175 0.19538188194444445 0.566 0.19138543518518517 0.57175 0.19094138657407406 0.57875 0.1940497337962963 0.58475 0.2069271759259259 0.592 0.2206927175925926 0.59275
13 0.4258436944444444 0.5910000000000001 0.4356127893518518 0.59075 0.44937833101851854 0.586 0.45337477777777774 0.58225 0.4560390763888889 0.57525 0.45293072916666666 0.5675 0.44937833101851854 0.5645 0.440053287037037 0.5599999999999999 0.4356127893518518 0.55925 0.42761989351851853 0.55925 0.4129662523148148 0.56225 0.4076376550925926 0.56575 0.4014209583333333 0.5735 0.4031971574074074 0.58075 0.40719360648148145 0.586 0.4147424513888889 0.5895 0.4258436944444444 0.5910000000000001
13 0.6265541736111111 0.5905 0.6403197152777778 0.5905 0.6474245115740741 0.58875 0.6567495555555555 0.58375 0.6607460046296296 0.5785 0.6603019537037037 0.57175 0.6554174074074074 0.56475 0.6505328587962963 0.5615 0.6425399652777778 0.5597500000000001 0.6345470694444444 0.5595 0.6194493773148148 0.56175 0.6154529305555556 0.56375 0.6087921851851852 0.5715 0.6079040856481482 0.57675 0.6114564837962964 0.58325 0.6190053287037037 0.58875 0.6265541736111111 0.5905
13 0.8312611018518519 0.59 0.8463587916666667 0.59025 0.8556838356481481 0.5885 0.8658969814814815 0.5825 0.8690053287037037 0.57775 0.8694493773148148 0.57325 0.8641207824074074 0.56475 0.8583481342592593 0.56125 0.8521314398148149 0.55925 0.8312611018518519 0.55875 0.8183836597222223 0.5650000000000001 0.8148312615740742 0.56975 0.8134991111111112 0.57425 0.8148312615740742 0.579 0.8223801064814815 0.5862499999999999 0.8312611018518519 0.59
13 0.7326820601851851 0.6477499999999999 0.7415630555555555 0.64825 0.7513321481481482 0.647 0.7584369444444445 0.64375 0.7637655416666667 0.63625 0.7642095925925927 0.63 0.7588809953703703 0.6222500000000001 0.7522202476851851 0.6192500000000001 0.7424511550925926 0.61775 0.7246891643518518 0.6185 0.7166962708333334 0.6215 0.7122557731481481 0.6265000000000001 0.7113676736111111 0.63425 0.7131438726851852 0.64 0.7180284189814815 0.6445 0.7326820601851851 0.6477499999999999
13 0.5341918287037037 0.6487499999999999 0.543516875 0.6477499999999999 0.5506216689814815 0.6447499999999999 0.5581705162037037 0.6375 0.5590586134259259 0.63125 0.5559502662037037 0.625 0.5523978680555556 0.62175 0.5430728240740741 0.61725 0.5222024861111111 0.617 0.5119893425925925 0.6195 0.5084369444444444 0.6230000000000001 0.5053285972222222 0.6295000000000001 0.5048845462962963 0.6337499999999999 0.5093250439814815 0.6425 0.5239786851851852 0.6479999999999999 0.5341918287037037 0.6487499999999999
13 0.31527531018518523 0.6495 0.32815275231481483 0.64975 0.3352575486111111 0.6485 0.3476909421296296 0.64225 0.3516873888888889 0.6385 0.3521314398148148 0.63 0.3499111898148148 0.6267499999999999 0.34280639351851855 0.6215 0.3330373009259259 0.619 0.31927175925925927 0.61825 0.30950266435185186 0.6195 0.30062166898148146 0.6244999999999999 0.29795737037037034 0.62975 0.29795737037037034 0.637 0.30062166898148146 0.64225 0.3108348125 0.64825 0.31527531018518523 0.6495
13 0.4356127893518518 0.707 0.44582593287037037 0.7045 0.45293072916666666 0.69975 0.4555950277777778 0.6962499999999999 0.4547069282407407 0.6890000000000001 0.4498223796296297 0.6817500000000001 0.44582593287037037 0.6789999999999999 0.440053287037037 0.67725 0.4289520416666666 0.67525 0.416074599537037 0.6765 0.4098579050925926 0.6792499999999999 0.4031971574074074 0.6859999999999999 0.4018650092592593 0.6960000000000001 0.41119005324074076 0.705 0.42451154629629634 0.7075 0.4356127893518518 0.707
13 0.6296625231481481 0.7065 0.6372113680555556 0.707 0.6474245115740741 0.70475 0.6540852569444445 0.7027500000000001 0.6607460046296296 0.6972499999999999 0.6625222013888888 0.69375 0.6616341041666667 0.68725 0.6585257546296297 0.6817500000000001 0.6540852569444445 0.67825 0.6380994675925926 0.6747500000000001 0.623001775462963 0.6747500000000001 0.6123445833333334 0.6795 0.6079040856481482 0.68525 0.6074600347222222 0.68975 0.6096802847222222 0.6962499999999999 0.6198934282407408 0.704 0.6296625231481481 0.7065