4 0.6828703703703703 0.3472222222222222 0.6851851851851852 0.34953703703703703 0.7013888888888888 0.35185185185185186 0.7106481481481481 0.35648148148148145 0.7245370370370371 0.3680555555555556 0.7268518518518519 0.3726851851851852 0.7268518518518519 0.3819444444444444 0.7291666666666666 0.38425925925925924 0.7291666666666666 0.3958333333333333 0.7314814814814815 0.39814814814814814 0.7523148148148148 0.39814814814814814 0.7546296296296297 0.40046296296296297 0.7777777777777778 0.40046296296296297 0.7800925925925926 0.4027777777777778 0.7893518518518519 0.4027777777777778 0.7962962962962963 0.4074074074074074 0.8009259259259259 0.4074074074074074 0.8148148148148148 0.4166666666666667 0.8217592592592593 0.42824074074074076 0.8217592592592593 0.44212962962962965 0.8125 0.4537037037037037 0.7916666666666666 0.4652777777777778 0.7731481481481481 0.4675925925925926 0.7708333333333334 0.4699074074074074 0.7453703703703703 0.4699074074074074 0.7430555555555556 0.4722222222222222 0.7314814814814815 0.4699074074074074 0.7268518518518519 0.4722222222222222 0.7245370370370371 0.47453703703703703 0.7245370370370371 0.49074074074074076 0.7152777777777778 0.5046296296296297 0.6944444444444444 0.5162037037037037 0.6759259259259259 0.5185185185185185 0.6736111111111112 0.5208333333333334 0.6574074074074074 0.5208333333333334 0.6574074074074074 0.5023148148148148 0.6759259259259259 0.5 0.6851851851851852 0.49074074074074076 0.6851851851851852 0.4861111111111111 0.6875 0.4837962962962963 0.6851851851851852 0.4791666666666667 0.6875 0.47685185185185186 0.6805555555555556 0.4699074074074074 0.6736111111111112 0.4722222222222222 0.6712962962962963 0.4699074074074074 0.6597222222222222 0.4699074074074074 0.6574074074074074 0.4675925925925926 0.6597222222222222 0.4652777777777778 0.6597222222222222 0.4537037037037037 0.6620370370370371 0.4513888888888889 0.6666666666666666 0.4513888888888889 0.6689814814814815 0.44907407407407407 0.6712962962962963 0.4513888888888889 0.6828703703703703 0.4513888888888889 0.6875 0.44675925925925924 0.6875 0.4212962962962963 0.6851851851851852 0.41898148148148145 0.6620370370370371 0.41898148148148145 0.6597222222222222 0.4166666666666667 0.6597222222222222 0.4027777777777778 0.6620370370370371 0.40046296296296297 0.6851851851851852 0.40046296296296297 0.6898148148148148 0.39351851851851855 0.6898148148148148 0.38425925925925924 0.6805555555555556 0.3726851851851852 0.6736111111111112 0.3726851851851852 0.6620370370370371 0.3680555555555556 0.6597222222222222 0.3587962962962963 0.6643518518518519 0.3472222222222222 0.6805555555555556 0.3472222222222222
0 0.6527777777777778 0.4513888888888889 0.6550925925925926 0.4537037037037037 0.6550925925925926 0.4652777777777778 0.6527777777777778 0.4699074074074074 0.6319444444444444 0.47453703703703703 0.6273148148148148 0.4791666666666667 0.6273148148148148 0.4861111111111111 0.625 0.48842592592592593 0.6273148148148148 0.4930555555555556 0.625 0.4976851851851852 0.6296296296296297 0.5023148148148148 0.6527777777777778 0.5023148148148148 0.6550925925925926 0.5046296296296297 0.6550925925925926 0.5185185185185185 0.6458333333333334 0.5231481481481481 0.6412037037037037 0.5208333333333334 0.6388888888888888 0.5231481481481481 0.6273148148148148 0.5231481481481481 0.625 0.5254629629629629 0.6273148148148148 0.5300925925925926 0.625 0.5462962962962963 0.6226851851851852 0.5509259259259259 0.6064814814814815 0.5648148148148148 0.6018518518518519 0.5648148148148148 0.5949074074074074 0.5694444444444444 0.5879629629629629 0.5694444444444444 0.5856481481481481 0.5717592592592593 0.5671296296296297 0.5717592592592593 0.5648148148148148 0.5740740740740741 0.5416666666666666 0.5740740740740741 0.5393518518518519 0.5717592592592593 0.5347222222222222 0.5763888888888888 0.5324074074074074 0.5879629629629629 0.5208333333333334 0.5879629629629629 0.5185185185185185 0.5902777777777778 0.5023148148148148 0.5902777777777778 0.4976851851851852 0.5833333333333334 0.4976851851851852 0.5763888888888888 0.4930555555555556 0.5717592592592593 0.48842592592592593 0.5740740740740741 0.4861111111111111 0.5717592592592593 0.4652777777777778 0.5717592592592593 0.46296296296296297 0.5740740740740741 0.45601851851851855 0.5740740740740741 0.4513888888888889 0.5763888888888888 0.44212962962962965 0.5879629629629629 0.4375 0.5879629629629629 0.4351851851851852 0.5902777777777778 0.4074074074074074 0.5902777777777778 0.4097222222222222 0.5787037037037037 0.42824074074074076 0.5625 0.43287037037037035 0.5625 0.44212962962962965 0.5578703703703703 0.44907407407407407 0.5578703703703703 0.4513888888888889 0.5555555555555556 0.49537037037037035 0.5555555555555556 0.4976851851851852 0.5532407407407407 0.4976851851851852 0.5324074074074074 0.5069444444444444 0.5185185185185185 0.5231481481481481 0.5092592592592593 0.5277777777777778 0.5092592592592593 0.5370370370370371 0.5046296296296297 0.5509259259259259 0.5046296296296297 0.5532407407407407 0.5023148148148148 0.5856481481481481 0.5023148148148148 0.5902777777777778 0.4976851851851852 0.5902777777777778 0.48148148148148145 0.5925925925925926 0.47685185185185186 0.6064814814814815 0.46296296296296297 0.6226851851851852 0.45601851851851855 0.6504629629629629 0.4513888888888889
9 0.5324074074074074 0.5925925925925926 0.5324074074074074 0.6041666666666666 0.5370370370370371 0.6111111111111112 0.5416666666666666 0.6087962962962963 0.5810185185185185 0.6087962962962963 0.5833333333333334 0.6111111111111112 0.5995370370370371 0.6134259259259259 0.6134259259259259 0.6203703703703703 0.6296296296296297 0.6388888888888888 0.6296296296296297 0.6550925925925926 0.6180555555555556 0.6666666666666666 0.6180555555555556 0.6689814814814815 0.5902777777777778 0.6805555555555556 0.5717592592592593 0.6805555555555556 0.5694444444444444 0.6828703703703703 0.5416666666666666 0.6805555555555556 0.5185185185185185 0.6712962962962963 0.5046296296296297 0.6574074074074074 0.5 0.6458333333333334 0.5 0.6319444444444444 0.4976851851851852 0.6296296296296297 0.4537037037037037 0.6296296296296297 0.4513888888888889 0.6273148148148148 0.4398148148148148 0.6273148148148148 0.4166666666666667 0.6157407407407407 0.4074074074074074 0.6041666666666666 0.4074074074074074 0.5949074074074074 0.4398148148148148 0.5949074074074074 0.4444444444444444 0.5972222222222222 0.44675925925925924 0.6041666666666666 0.4513888888888889 0.6087962962962963 0.45601851851851855 0.6087962962962963 0.4583333333333333 0.6111111111111112 0.4861111111111111 0.6111111111111112 0.48842592592592593 0.6087962962962963 0.49537037037037035 0.6111111111111112 0.4976851851851852 0.6087962962962963 0.4976851851851852 0.5949074074074074 0.5 0.5925925925925926 0.5300925925925926 0.5925925925925926
11 0.04262877546296297 0.6894999999999999 0.03863232638888889 0.70525 0.03774422685185185 0.7165 0.041296625 0.7302500000000001 0.045293071759259264 0.7342500000000001 0.05683836574074074 0.7372500000000001 0.22158081712962965 0.738 0.24733570138888888 0.737 0.26065719444444446 0.7384999999999999 0.2895204259259259 0.7372500000000001 0.32904085185185183 0.7372500000000001 0.33747779861111116 0.7384999999999999 0.4444937824074074 0.73875 0.4560390763888889 0.73975 0.46847246990740743 0.7384999999999999 0.47424511574074074 0.74 0.4955595023148148 0.7384999999999999 0.501776199074074 0.7402500000000001 0.5155417407407408 0.7414999999999999 0.5674955601851852 0.7402500000000001 0.5710479583333333 0.7417499999999999 0.5865896990740741 0.7414999999999999 0.5994671412037037 0.7424999999999999 0.6309946712962963 0.742 0.6576376550925926 0.74325 0.6841327708333333 0.7424999999999999 0.6958259328703704 0.7435 0.7753108356481482 0.745 0.7868561273148148 0.744 0.8032859675925926 0.7454999999999999 0.893872113425926 0.74625 0.9009769097222221 0.74525 0.9094138541666666 0.7342500000000001 0.9098579050925926 0.7225 0.9147424513888889 0.7102499999999999 0.9036412083333333 0.69275 0.9005328587962963 0.681 0.9054174074074074 0.6717500000000001 0.9063055069444445 0.6425 0.9076376550925926 0.6405000000000001 0.9054174074074074 0.5515 0.9067495555555555 0.498 0.9054174074074074 0.30275 0.9031971574074075 0.293 0.8987566597222222 0.28675 0.8872113680555556 0.276 0.8796625231481481 0.27175 0.8654529305555556 0.2675 0.8521314398148149 0.266 0.8494671412037037 0.26675 0.8454706921296297 0.265 0.7992895208333333 0.26525 0.7770870347222222 0.26375 0.7619893425925925 0.26525 0.7588809953703703 0.26699999999999996 0.7415630555555555 0.26425000000000004 0.7189165185185185 0.264 0.3485790416666667 0.2665 0.32682060416666664 0.2685 0.3112788634259259 0.26725 0.12566607407407407 0.268 0.10746003472222222 0.2695 0.0945825925925926 0.27225 0.07815275231481482 0.279 0.06749556018518518 0.28625 0.06216696296296296 0.293 0.05950266435185186 0.29925 0.05728241666666666 0.3175 0.058170516203703705 0.34625 0.05639431712962963 0.35850000000000004 0.04484902314814815 0.6862499999999999 0.04262877546296297 0.6894999999999999
12 0.9447135879629629 0.6763862500000001 0.021067939814814814 0.6763862500000001 0.021067939814814814 0.75658375 0.9447135879629629 0.75658375 0.9447135879629629 0.6763862500000001
13 0.3730017754629629 0.34800000000000003 0.3872113680555555 0.349 0.3903197152777778 0.347 0.39520426388888885 0.34600000000000003 0.4049733564814815 0.33925000000000005 0.40630550694444445 0.3335 0.4036412083333334 0.325 0.39920071064814816 0.32175000000000004 0.39431616435185185 0.32025000000000003 0.3841030185185185 0.3195 0.36944937731481486 0.32075 0.3627886319444445 0.3245 0.3605683842592593 0.32875000000000004 0.3601243333333333 0.33575000000000005 0.36234458333333336 0.341 0.3658969814814815 0.34474999999999995 0.3730017754629629 0.34800000000000003
13 0.5568383657407407 0.34600000000000003 0.5603907638888889 0.349 0.5674955601851852 0.34925 0.5746003541666667 0.34775 0.5861456481481482 0.34175 0.5896980462962963 0.33799999999999997 0.5914742453703704 0.3315 0.5883658958333333 0.325 0.581705150462963 0.32049999999999995 0.5777087037037036 0.31925 0.5657193611111111 0.31725 0.5572824166666667 0.3175 0.5466252222222222 0.3215 0.542184724537037 0.32625 0.541296625 0.33075 0.5430728240740741 0.33999999999999997 0.5501776203703703 0.3455 0.5568383657407407 0.34600000000000003
13 0.6443161643518519 0.39525 0.6540852569444445 0.39825000000000005 0.6598579050925926 0.398 0.6798401412037037 0.3905 0.6798401412037037 0.37675 0.6740674953703704 0.37325 0.6611900532407406 0.3695 0.6509769097222221 0.369 0.643872113425926 0.37074999999999997 0.6372113680555556 0.37599999999999995 0.6336589699074074 0.38 0.6349911180555556 0.38675 0.6372113680555556 0.391 0.6443161643518519 0.39525
13 0.47912966203703705 0.39899999999999997 0.4880106574074074 0.39699999999999996 0.49422735416666663 0.39349999999999996 0.4973357013888889 0.38675 0.4964476018518518 0.37975 0.49200710416666665 0.37525000000000003 0.4875666064814815 0.37325 0.4702486689814815 0.37050000000000005 0.4595914745370371 0.37274999999999997 0.45426287731481485 0.3755 0.4507104791666667 0.37949999999999995 0.45026643055555554 0.3845 0.45337477777777774 0.39199999999999996 0.46714031944444445 0.398 0.47912966203703705 0.39899999999999997
13 0.3001776203703703 0.39899999999999997 0.30728241666666667 0.396 0.312166962962963 0.39149999999999996 0.31394316203703704 0.38725 0.31305506250000004 0.37975 0.3108348125 0.37675 0.3001776203703703 0.372 0.2895204259259259 0.371 0.27930728240740743 0.37225 0.2713143865740741 0.37675 0.26865008796296297 0.37975 0.26865008796296297 0.38725 0.2717584375 0.39325 0.2859680277777778 0.4 0.3001776203703703 0.39899999999999997
13 0.18916518750000003 0.44875000000000004 0.20026643055555554 0.44975 0.2140319722222222 0.44725 0.22202486574074076 0.43925 0.22246891666666666 0.43475 0.2184724699074074 0.42725 0.2140319722222222 0.4245 0.2055950277777778 0.42175 0.18916518750000003 0.42175 0.18206039120370368 0.425 0.17539964583333334 0.432 0.1749555949074074 0.43625 0.1771758425925926 0.44025 0.18516873842592593 0.44725 0.18916518750000003 0.44875000000000004
13 0.36989342824074073 0.448 0.3841030185185185 0.44975 0.39387211342592593 0.44725 0.4000888101851852 0.444 0.4040852569444444 0.43875 0.4031971574074074 0.43174999999999997 0.39920071064814816 0.42575 0.3907637662037037 0.4215 0.3756660740740741 0.42175 0.36989342824074073 0.42274999999999996 0.36545293055555556 0.42425 0.3610124328703704 0.42775 0.35834813425925927 0.43174999999999997 0.3592362337962963 0.439 0.3658969814814815 0.446 0.36989342824074073 0.448
13 0.5510657199074074 0.4475 0.5617229120370371 0.45 0.5666074606481482 0.45 0.5781527523148148 0.44725 0.5865896990740741 0.44275 0.5883658958333333 0.43975000000000003 0.5883658958333333 0.43174999999999997 0.5777087037037036 0.42124999999999996 0.5674955601851852 0.42 0.5501776203703703 0.42175 0.542184724537037 0.42725 0.539520425925926 0.43225 0.5408525763888888 0.43875 0.5466252222222222 0.44525000000000003 0.5510657199074074 0.4475
13 0.7584369444444445 0.45 0.7686500879629631 0.448 0.7735346365740741 0.446 0.7784191828703704 0.44075 0.7797513310185186 0.43524999999999997 0.7770870347222222 0.43 0.7722024861111111 0.42525 0.7615452939814815 0.42175 0.7446714027777778 0.42050000000000004 0.7322380115740741 0.42124999999999996 0.729129662037037 0.42425 0.729129662037037 0.44199999999999995 0.7304618125 0.44625 0.7331261111111111 0.44825000000000004 0.7584369444444445 0.45
13 0.643872113425926 0.49974999999999997 0.6571936064814815 0.50125 0.668294849537037 0.49974999999999997 0.6745115462962963 0.498 0.6833925393518518 0.49125 0.6829484907407407 0.47725 0.6785079930555555 0.474 0.6749555949074074 0.47425 0.666962699074074 0.47225 0.6540852569444445 0.472 0.6372113680555556 0.4755 0.6327708703703704 0.4775 0.6287744236111111 0.48150000000000004 0.6283303726851851 0.49624999999999997 0.6296625231481481 0.4985 0.6327708703703704 0.49974999999999997 0.643872113425926 0.49974999999999997
13 0.4635879212962963 0.50025 0.477353462962963 0.501 0.48179396064814817 0.5 0.49200710416666665 0.49574999999999997 0.49600355324074075 0.4915 0.4964476018518518 0.48350000000000004 0.4915630555555556 0.47725 0.47779751388888886 0.47324999999999995 0.46714031944444445 0.47300000000000003 0.456483125 0.47525 0.45293072916666666 0.477 0.44893428009259256 0.48350000000000004 0.4484902314814815 0.48775 0.4507104791666667 0.4925 0.45515097685185185 0.4965 0.4635879212962963 0.50025
13 0.28285968055555555 0.50025 0.29706927083333334 0.501 0.3090586134259259 0.49675 0.3143872106481482 0.49175 0.3143872106481482 0.48425 0.3108348125 0.47875 0.30817051620370367 0.47674999999999995 0.29751332175925926 0.4735 0.2859680277777778 0.47300000000000003 0.2761989351851852 0.47425 0.2713143865740741 0.477 0.26731793981481483 0.4825 0.26687388888888885 0.48825 0.27087033796296295 0.49525 0.2744227361111111 0.498 0.28285968055555555 0.50025
13 0.20293072916666668 0.55175 0.20959147453703703 0.55075 0.21669627083333334 0.5475 0.21980461805555557 0.54325 0.22158081712962965 0.53575 0.21714031944444445 0.529 0.21003552314814816 0.52475 0.19760213194444443 0.52325 0.18339253935185185 0.5255 0.17673179398148148 0.529 0.1731793958333333 0.53325 0.1727353472222222 0.538 0.1749555949074074 0.543 0.18605683796296296 0.5505 0.20293072916666668 0.55175
13 0.38232682175925925 0.5527500000000001 0.3903197152777778 0.55225 0.394760212962963 0.5505 0.4018650092592593 0.545 0.4036412083333334 0.5405 0.4023090578703704 0.53325 0.39698046296296297 0.528 0.3898756666666667 0.525 0.37966252314814813 0.52425 0.3690053287037037 0.5255 0.36234458333333336 0.52825 0.35790408564814813 0.533 0.35834813425925927 0.5435 0.3645648310185185 0.54875 0.3712255763888889 0.5515 0.38232682175925925 0.5527500000000001
13 0.5461811712962963 0.551 0.559946712962963 0.5535 0.5728241574074074 0.5525 0.58259325 0.5485 0.5892539953703704 0.54025 0.5883658958333333 0.53025 0.5848135 0.5257499999999999 0.5674955601851852 0.52275 0.5563943171296296 0.523 0.5448490231481481 0.526 0.5364120787037037 0.5317500000000001 0.5350799282407407 0.53525 0.5359680277777777 0.54775 0.5373001782407407 0.5505 0.5399644768518519 0.55175 0.5461811712962963 0.551
13 0.7442273541666666 0.55425 0.7553285972222222 0.5545 0.7664298402777777 0.552 0.7735346365740741 0.54775 0.7761989351851852 0.5437500000000001 0.7766429837962963 0.53925 0.7739786851851852 0.532 0.7699822384259258 0.52825 0.7615452939814815 0.5245 0.7477797523148149 0.5245 0.7380106574074075 0.5265 0.7295737129629629 0.531 0.725577263888889 0.53625 0.725577263888889 0.5435 0.729129662037037 0.54775 0.7344582592592593 0.551 0.7442273541666666 0.55425
13 0.643872113425926 0.6034999999999999 0.6540852569444445 0.606 0.6647424513888889 0.606 0.6745115462962963 0.6020000000000001 0.6780639421296297 0.59925 0.6811722916666667 0.594 0.6816163402777777 0.5882499999999999 0.6758436944444445 0.581 0.6656305509259259 0.57725 0.6536412083333333 0.576 0.643872113425926 0.5775 0.6380994675925926 0.57975 0.6318827708333333 0.5855 0.6309946712962963 0.5895 0.6332149189814814 0.596 0.6363232685185186 0.59975 0.643872113425926 0.6034999999999999
13 0.4635879212962963 0.6020000000000001 0.4702486689814815 0.603 0.48046181250000003 0.6012500000000001 0.4875666064814815 0.5994999999999999 0.49200710416666665 0.5954999999999999 0.49378330324074077 0.59225 0.49289520370370365 0.58475 0.4853463587962963 0.57725 0.4822380115740741 0.576 0.4733570162037037 0.5745 0.4600355231481481 0.5755 0.45337477777777774 0.578 0.44893428009259256 0.585 0.44804618055555556 0.58925 0.45026643055555554 0.5950000000000001 0.4560390763888889 0.5994999999999999 0.4635879212962963 0.6020000000000001
13 0.28285968055555555 0.60325 0.3001776203703703 0.6022500000000001 0.3090586134259259 0.5964999999999999 0.31172291203703706 0.59225 0.3112788634259259 0.58475 0.3077264652777778 0.5805 0.30328596759259263 0.57775 0.2930728240740741 0.57475 0.27930728240740743 0.5755 0.27397868518518514 0.5770000000000001 0.26731793981481483 0.5812499999999999 0.2642095925925926 0.58675 0.2646536412037037 0.59175 0.26865008796296297 0.5985 0.27309058564814814 0.601 0.28285968055555555 0.60325
13 0.37833037268518516 0.65625 0.3872113680555555 0.6555 0.3960923634259259 0.6517499999999999 0.4009769097222222 0.6472500000000001 0.4018650092592593 0.64 0.39964475925925924 0.63575 0.39564831250000004 0.63175 0.3880994675925926 0.62875 0.37744227314814816 0.628 0.36678508101851853 0.629 0.3601243333333333 0.63175 0.355239787037037 0.637 0.35479573611111115 0.642 0.3570159861111111 0.6477499999999999 0.36678508101851853 0.6545000000000001 0.37833037268518516 0.65625
13 0.5643872106481482 0.6585 0.5772646527777778 0.6567500000000001 0.5852575486111111 0.6535000000000001 0.5919182939814815 0.6479999999999999 0.5923623449074074 0.644 0.5905861458333334 0.6402500000000001 0.585701599537037 0.6355 0.5781527523148148 0.6315 0.5652753101851852 0.63 0.5497335694444444 0.6307499999999999 0.543516875 0.632 0.541296625 0.63525 0.5417406759259259 0.647 0.5470692708333333 0.65375 0.5572824166666667 0.6575000000000001 0.5643872106481482 0.6585