8 0.36574074074074076 0.4699074074074074 0.3726851851851852 0.47453703703703703 0.38425925925925924 0.47685185185185186 0.39814814814814814 0.48842592592592593 0.4027777777777778 0.4976851851851852 0.4027777777777778 0.5185185185185185 0.4050925925925926 0.5208333333333334 0.43287037037037035 0.5208333333333334 0.4351851851851852 0.5231481481481481 0.4513888888888889 0.5231481481481481 0.4537037037037037 0.5254629629629629 0.4652777777777778 0.5277777777777778 0.48148148148148145 0.5370370370370371 0.48842592592592593 0.5439814814814815 0.49074074074074076 0.5486111111111112 0.49074074074074076 0.5740740740740741 0.4930555555555556 0.5763888888888888 0.5162037037037037 0.5763888888888888 0.5185185185185185 0.5810185185185185 0.5162037037037037 0.5972222222222222 0.49074074074074076 0.5972222222222222 0.48842592592592593 0.5995370370370371 0.48842592592592593 0.6180555555555556 0.4976851851851852 0.625 0.5069444444444444 0.625 0.5115740740740741 0.6273148148148148 0.5138888888888888 0.6319444444444444 0.5138888888888888 0.6481481481481481 0.5115740740740741 0.6504629629629629 0.49537037037037035 0.6504629629629629 0.4930555555555556 0.6481481481481481 0.4861111111111111 0.6481481481481481 0.4675925925925926 0.6412037037037037 0.4513888888888889 0.6226851851851852 0.4513888888888889 0.5995370370370371 0.44675925925925924 0.5949074074074074 0.4097222222222222 0.5949074074074074 0.4074074074074074 0.5925925925925926 0.3958333333333333 0.5925925925925926 0.375 0.5833333333333334 0.36574074074074076 0.5740740740740741 0.3611111111111111 0.5625 0.3611111111111111 0.5509259259259259 0.36342592592592593 0.5486111111111112 0.36342592592592593 0.5439814814814815 0.3587962962962963 0.5393518518518519 0.33796296296296297 0.5393518518518519 0.33564814814814814 0.5370370370370371 0.33564814814814814 0.5231481481481481 0.3402777777777778 0.5185185185185185 0.3587962962962963 0.5208333333333334 0.36574074074074076 0.5162037037037037 0.36574074074074076 0.5092592592592593 0.3680555555555556 0.5069444444444444 0.36574074074074076 0.4976851851851852 0.3587962962962963 0.49074074074074076 0.3472222222222222 0.4861111111111111 0.3402777777777778 0.4861111111111111 0.33796296296296297 0.4837962962962963 0.33796296296296297 0.4699074074074074 0.3402777777777778 0.4675925925925926 0.35648148148148145 0.4675925925925926 0.3587962962962963 0.4699074074074074 0.36342592592592593 0.4699074074074074
3 0.2361111111111111 0.5208333333333334 0.24074074074074073 0.5185185185185185 0.2638888888888889 0.5208333333333334 0.26851851851851855 0.5162037037037037 0.26851851851851855 0.4976851851851852 0.2824074074074074 0.48148148148148145 0.30324074074074076 0.4722222222222222 0.3287037037037037 0.4699074074074074 0.3333333333333333 0.4675925925925926 0.33564814814814814 0.4699074074074074 0.3333333333333333 0.47453703703703703 0.3333333333333333 0.4837962962962963 0.32407407407407407 0.48842592592592593 0.3101851851851852 0.49074074074074076 0.3055555555555556 0.49537037037037035 0.3055555555555556 0.5 0.30324074074074076 0.5023148148148148 0.30324074074074076 0.5162037037037037 0.30787037037037035 0.5208333333333334 0.3125 0.5231481481481481 0.31712962962962965 0.5231481481481481 0.3194444444444444 0.5208333333333334 0.33101851851851855 0.5208333333333334 0.33101851851851855 0.5370370370370371 0.3287037037037037 0.5393518518518519 0.30787037037037035 0.5393518518518519 0.30092592592592593 0.5439814814814815 0.30324074074074076 0.5462962962962963 0.30324074074074076 0.5509259259259259 0.30092592592592593 0.5532407407407407 0.30324074074074076 0.5555555555555556 0.30092592592592593 0.5601851851851852 0.30092592592592593 0.5694444444444444 0.3055555555555556 0.5740740740740741 0.3472222222222222 0.5740740740740741 0.34953703703703703 0.5763888888888888 0.3587962962962963 0.5763888888888888 0.36342592592592593 0.5810185185185185 0.38657407407407407 0.5925925925925926 0.38657407407407407 0.5949074074074074 0.3912037037037037 0.5972222222222222 0.3912037037037037 0.6018518518518519 0.39351851851851855 0.6041666666666666 0.39351851851851855 0.6134259259259259 0.38657407407407407 0.6273148148148148 0.37037037037037035 0.6388888888888888 0.35185185185185186 0.6458333333333334 0.3425925925925926 0.6458333333333334 0.3402777777777778 0.6481481481481481 0.31712962962962965 0.6481481481481481 0.3148148148148148 0.6458333333333334 0.29398148148148145 0.6435185185185185 0.2777777777777778 0.6365740740740741 0.26157407407407407 0.6180555555555556 0.26157407407407407 0.5949074074074074 0.25925925925925924 0.5925925925925926 0.2337962962962963 0.5925925925925926 0.23148148148148148 0.5879629629629629 0.23148148148148148 0.5787037037037037 0.2337962962962963 0.5740740740740741 0.23842592592592593 0.5717592592592593 0.2569444444444444 0.5740740740740741 0.2638888888888889 0.5694444444444444 0.2638888888888889 0.5416666666666666 0.25462962962962965 0.5370370370370371 0.2523148148148148 0.5393518518518519 0.25 0.5370370370370371 0.23842592592592593 0.5393518518518519 0.2337962962962963 0.5324074074074074 0.2361111111111111 0.5231481481481481
9 0.1574074074074074 0.46296296296296297 0.1597222222222222 0.4652777777777778 0.1736111111111111 0.4652777777777778 0.2013888888888889 0.4791666666666667 0.21064814814814814 0.4930555555555556 0.20833333333333334 0.5162037037037037 0.21064814814814814 0.5185185185185185 0.23148148148148148 0.5185185185185185 0.2337962962962963 0.5208333333333334 0.23148148148148148 0.5254629629629629 0.23148148148148148 0.5370370370370371 0.22685185185185186 0.5393518518518519 0.20601851851851852 0.5393518518518519 0.2037037037037037 0.5416666666666666 0.2037037037037037 0.5555555555555556 0.20601851851851852 0.5601851851851852 0.22453703703703703 0.5740740740740741 0.2222222222222222 0.5787037037037037 0.2222222222222222 0.5902777777777778 0.2037037037037037 0.5902777777777778 0.2013888888888889 0.5879629629629629 0.1875 0.5856481481481481 0.1736111111111111 0.5787037037037037 0.16203703703703703 0.5671296296296297 0.16203703703703703 0.5625 0.1597222222222222 0.5601851851851852 0.1597222222222222 0.5439814814814815 0.16203703703703703 0.5416666666666666 0.1550925925925926 0.5347222222222222 0.12037037037037036 0.5347222222222222 0.11805555555555555 0.5324074074074074 0.10185185185185185 0.5300925925925926 0.08333333333333333 0.5208333333333334 0.07407407407407407 0.5115740740740741 0.06944444444444445 0.4976851851851852 0.07407407407407407 0.4861111111111111 0.08564814814814815 0.47453703703703703 0.09953703703703703 0.4675925925925926 0.11342592592592593 0.4652777777777778 0.11574074074074074 0.46296296296296297 0.1550925925925926 0.46296296296296297
11 0 0.57525 0.002220247685185185 0.5755 0.003552398148148148 0.68275 0.009325043981481483 0.6894999999999999 0.011989342592592591 0.69075 0.5728241574074074 0.7002499999999999 0.6021314398148149 0.6995 0.6327708703703704 0.70125 0.6687388981481481 0.70075 0.749555951388889 0.7027500000000001 0.7753108356481482 0.70075 0.7966252222222222 0.6955 0.8130550624999999 0.6855000000000001 0.8170515092592593 0.6775 0.8210479583333333 0.6755 0.8232682060185185 0.6717500000000001 0.8254884537037037 0.66575 0.8259325046296296 0.6425 0.8281527523148149 0.63 0.8294849027777778 0.5695 0.8414742453703703 0.38725 0.8405861458333334 0.38299999999999995 0.8423623449074074 0.3805 0.8410301944444444 0.37825 0.8436944930555555 0.3375 0.8410301944444444 0.333625 0.8405861458333334 0.32825 0.8432504444444445 0.32475 0.8423623449074074 0.31325000000000003 0.8441385439814815 0.30725 0.8428063935185185 0.30174999999999996 0.8459147430555555 0.29375 0.8445825925925926 0.2615 0.8476909421296297 0.25175 0.8454706921296297 0.2485 0.8459147430555555 0.24475 0.8383658958333333 0.233 0.8365896990740741 0.23275 0.8312611018518519 0.22775 0.8294849027777778 0.22375 0.8241563055555555 0.2205 0.8197158078703703 0.22075 0.8174955601851851 0.218 0.7899644768518519 0.2135 0.7770870347222222 0.214 0.7655417407407407 0.21300000000000002 0.7606571944444445 0.214 0.7451154537037037 0.2125 0.707371224537037 0.21125000000000002 0.6860568379629629 0.21300000000000002 0.6776198935185185 0.21175 0.6718472476851851 0.20950000000000002 0.6594138541666666 0.209 0.6545293078703703 0.21 0.6301065717592592 0.209 0.6198934282407408 0.21125000000000002 0.6096802847222222 0.209 0.6039076365740741 0.20950000000000002 0.6025754884259259 0.20850000000000002 0.5985790416666666 0.20975 0.5879218472222222 0.208 0.5799289513888889 0.21025000000000002 0.5763765532407408 0.21025000000000002 0.5603907638888889 0.20825 0.5572824166666667 0.209 0.5537300185185186 0.20850000000000002 0.5501776203703703 0.21075 0.5466252222222222 0.20975 0.5350799282407407 0.21050000000000002 0.5328596805555555 0.20875000000000002 0.5288632337962963 0.21025000000000002 0.5222024861111111 0.20700000000000002 0.5155417407407408 0.20825 0.477353462962963 0.20625 0.47424511574074074 0.2075 0.46714031944444445 0.2075 0.46447602083333334 0.2065 0.458703375 0.20725 0.4147424513888889 0.20575 0.39920071064814816 0.20675000000000002 0.3765541736111111 0.20325000000000001 0.37255772685185184 0.20500000000000002 0.36412078240740736 0.20500000000000002 0.3592362337962963 0.20350000000000001 0.28285968055555555 0.20225 0.2753108356481481 0.20225 0.27220248611111114 0.20350000000000001 0.2562166967592593 0.20075 0.2477797523148148 0.20099999999999998 0.24511545370370372 0.2025 0.24111900462962962 0.20199999999999999 0.2304618125 0.20350000000000001 0.22735346296296297 0.20199999999999999 0.1727353472222222 0.19924999999999998 0.1651865 0.20024999999999998 0.13232682175925928 0.19924999999999998 0.11944937731481481 0.20199999999999999 0.11101243287037038 0.2015 0.1092362337962963 0.19975 0.10301953703703705 0.20299999999999999 0.06127886342592593 0.19674999999999998 0.060390763888888886 0.1925 0.055950266203703705 0.19375 0.054174067129629626 0.19275 0.04928952083333333 0.19324999999999998 0.04662522222222222 0.19125 0.03152753009259259 0.189 0.023534636574074078 0.19025 0.008436944444444445 0.18974999999999997 0.003552398148148148 0.1925 0.003108347222222222 0.19574999999999998 0 0.2265 0 0.57525
12 0.08653419212962962 0.19032625 0.0000022199074074074076 0.19032625 0.0000022199074074074076 0.7063437499999999 0.08653419212962962 0.7063437499999999 0.08653419212962962 0.19032625
13 0.34147424537037036 0.30450000000000005 0.355239787037037 0.304 0.36234458333333336 0.302 0.37078152777777773 0.297 0.3730017754629629 0.29325 0.36811722916666667 0.282 0.3658969814814815 0.2795 0.35568383564814815 0.27499999999999997 0.3445825925925926 0.2745 0.33436944907407407 0.276 0.3277087037037037 0.279 0.3228241574074074 0.28525 0.3228241574074074 0.29225 0.32593250462962964 0.29725 0.33170515046296295 0.30174999999999996 0.34147424537037036 0.30450000000000005
13 0.5466252222222222 0.30824999999999997 0.5586145648148149 0.3005 0.5603907638888889 0.297 0.5590586134259259 0.28875 0.5546181180555555 0.28375 0.5466252222222222 0.27999999999999997 0.5337477800925926 0.279 0.520426287037037 0.28125 0.5155417407407408 0.28475 0.5124333935185186 0.29 0.5137655416666667 0.29824999999999996 0.5257548842592593 0.3075 0.5359680277777777 0.30925 0.5466252222222222 0.30824999999999997
13 0.6265541736111111 0.36574999999999996 0.6327708703703704 0.36525 0.643872113425926 0.36074999999999996 0.6500888101851852 0.35524999999999995 0.6514209583333334 0.35275 0.6500888101851852 0.34275000000000005 0.6443161643518519 0.337 0.6376554166666666 0.33475 0.626998224537037 0.3335 0.6163410300925926 0.33449999999999996 0.6056838356481481 0.3385 0.6025754884259259 0.345 0.6021314398148149 0.34950000000000003 0.6056838356481481 0.356 0.6198934282407408 0.3645 0.6265541736111111 0.36574999999999996
13 0.4387211365740741 0.361 0.44360568287037033 0.36074999999999996 0.45248667824074074 0.35825 0.4604795740740741 0.35325 0.46314387268518514 0.347 0.4613676736111111 0.3385 0.4538188287037037 0.334 0.4462699814814815 0.3315 0.4320603912037037 0.33099999999999996 0.42451154629629634 0.33299999999999996 0.42095914814814817 0.33449999999999996 0.41429840046296296 0.34125 0.4151865 0.349 0.42451154629629634 0.357 0.4316163402777778 0.35975 0.4387211365740741 0.361
13 0.23445825925925926 0.35375 0.24111900462962962 0.35575 0.2548845462962963 0.35575 0.26376554166666666 0.35300000000000004 0.26953818749999997 0.34950000000000003 0.27264653703703706 0.345 0.27264653703703706 0.337 0.26998223842592595 0.33299999999999996 0.2593250439814815 0.328 0.24911190046296297 0.32625 0.2375666064814815 0.32749999999999996 0.22957371296296294 0.33099999999999996 0.22557726388888888 0.33449999999999996 0.22335701620370368 0.33825 0.22557726388888888 0.34750000000000003 0.22735346296296297 0.35 0.23445825925925926 0.35375
13 0.14209591435185184 0.4075 0.14653641203703704 0.40825 0.16119005324074073 0.4075 0.1731793958333333 0.398 0.1749555949074074 0.39475000000000005 0.1731793958333333 0.387 0.16651865046296296 0.38225000000000003 0.15852575462962962 0.37925000000000003 0.15230905787037036 0.3785 0.14031971527777778 0.37925000000000003 0.1309946712962963 0.3825 0.126110125 0.387 0.12477797453703704 0.39025 0.126110125 0.3965 0.13143872222222222 0.40275 0.14209591435185184 0.4075
13 0.3312611018518518 0.4115 0.3423623449074074 0.41325 0.3494671412037037 0.41200000000000003 0.3610124328703704 0.4075 0.36545293055555556 0.401 0.36545293055555556 0.39349999999999996 0.3619005324074074 0.38925000000000004 0.3516873888888889 0.38375 0.3423623449074074 0.3825 0.33081705092592595 0.3835 0.3210479583333334 0.388 0.31705150925925923 0.394 0.31660746064814815 0.39849999999999997 0.31927175925925927 0.4045 0.3228241574074074 0.4075 0.3312611018518518 0.4115
13 0.5222024861111111 0.415 0.5359680277777777 0.415 0.5439609236111111 0.41325 0.5510657199074074 0.40875 0.5537300185185186 0.40475 0.5537300185185186 0.39875 0.5510657199074074 0.393 0.5461811712962963 0.3895 0.5364120787037037 0.38675 0.5288632337962963 0.38625000000000004 0.5164298402777777 0.38825 0.5079928958333334 0.39325 0.5053285972222222 0.39849999999999997 0.5048845462962963 0.40425 0.5079928958333334 0.40850000000000003 0.5119893425925925 0.4115 0.5222024861111111 0.415
13 0.7131438726851852 0.41825 0.7211367662037037 0.4185 0.7300177615740742 0.41675 0.7380106574074075 0.413 0.7428952037037037 0.4075 0.7437833032407407 0.4 0.7424511550925926 0.39699999999999996 0.7375666064814815 0.39275 0.7277975138888889 0.38999999999999996 0.7144760208333333 0.3895 0.7002664305555556 0.3925 0.6936056828703704 0.4 0.6927175833333332 0.40525000000000005 0.6949378333333334 0.4095 0.7033747777777778 0.41575 0.7131438726851852 0.41825
13 0.6096802847222222 0.46849999999999997 0.6198934282407408 0.47 0.6301065717592592 0.46825 0.6398756666666666 0.464 0.6443161643518519 0.46 0.6456483125 0.45599999999999996 0.6416518657407407 0.44725 0.6336589699074074 0.44375 0.6301065717592592 0.44375 0.6225577268518518 0.44125000000000003 0.6127886319444444 0.4415 0.6056838356481481 0.44325000000000003 0.5963587916666667 0.451 0.5950266435185185 0.45275 0.5963587916666667 0.45975 0.6007992893518519 0.464 0.6096802847222222 0.46849999999999997
13 0.42850799305555554 0.46625 0.43960923611111113 0.46625 0.44538188194444445 0.46575 0.45293072916666666 0.4635 0.4555950277777778 0.45975 0.45737122453703705 0.452 0.45248667824074074 0.4435 0.4462699814814815 0.44 0.4320603912037037 0.43724999999999997 0.4222912962962963 0.43825000000000003 0.41207815277777776 0.4435 0.40896980555555557 0.44825000000000004 0.4098579050925926 0.45825 0.4138543518518518 0.46125 0.4222912962962963 0.46475 0.42850799305555554 0.46625
13 0.2442273541666667 0.4625 0.2562166967592593 0.46125 0.26687388888888885 0.45399999999999996 0.26820603935185183 0.4505 0.26687388888888885 0.4425 0.2633214930555556 0.439 0.2548845462962963 0.435 0.24600355324074072 0.43425 0.2304618125 0.43475 0.22335701620370368 0.43825000000000003 0.21936056944444446 0.44375 0.21936056944444446 0.453 0.22646536342592594 0.45875 0.23312611111111112 0.46125 0.2442273541666667 0.4625
13 0.13454706944444444 0.51375 0.15230905787037036 0.51425 0.16163410416666668 0.51275 0.16429840046296298 0.50625 0.16429840046296298 0.49475 0.16163410416666668 0.49074999999999996 0.1571936064814815 0.48775 0.14742451157407407 0.48500000000000004 0.1327708703703704 0.48475 0.12300177546296297 0.489 0.11634103009259258 0.495 0.11589698148148148 0.502 0.12166962731481482 0.50825 0.12966252314814813 0.5125000000000001 0.13454706944444444 0.51375
13 0.33170515046296295 0.519 0.3472468912037037 0.5165 0.35435168749999996 0.51375 0.3605683842592593 0.50575 0.35834813425925927 0.49574999999999997 0.3490230902777778 0.491 0.3383658958333334 0.48874999999999996 0.3312611018518518 0.489 0.32015985879629627 0.4915 0.3112788634259259 0.49550000000000005 0.3086145648148148 0.5005000000000001 0.30817051620370367 0.50525 0.3134991111111111 0.5115 0.3210479583333334 0.5165 0.33170515046296295 0.519
13 0.5257548842592593 0.521 0.5328596805555555 0.51975 0.5461811712962963 0.51175 0.5479573703703703 0.50675 0.5466252222222222 0.501 0.543516875 0.49774999999999997 0.5341918287037037 0.49375 0.5235346365740741 0.4925 0.5115452939814815 0.494 0.5031083472222222 0.498 0.5004440486111111 0.50125 0.5004440486111111 0.509 0.5048845462962963 0.516 0.5190941388888889 0.5205 0.5257548842592593 0.521
13 0.7118117222222222 0.524 0.7238010648148148 0.523 0.7317939606481482 0.519 0.7349023101851851 0.51575 0.7366785069444445 0.50925 0.7353463587962963 0.50475 0.7309058611111111 0.5 0.7211367662037037 0.496 0.7100355231481481 0.49550000000000005 0.6993783310185185 0.497 0.6922735347222222 0.50075 0.6873889884259259 0.507 0.6869449375000001 0.51325 0.6891651875 0.518 0.7029307291666667 0.523 0.7118117222222222 0.524
13 0.6136767314814814 0.57525 0.6198934282407408 0.5750000000000001 0.6296625231481481 0.5722499999999999 0.6341030185185185 0.5695 0.6380994675925926 0.5645 0.6389875671296296 0.5605 0.6349911180555556 0.55325 0.6252220254629629 0.5475 0.6056838356481481 0.54675 0.5945825925925926 0.55025 0.5901420949074074 0.5565 0.5905861458333334 0.56475 0.5954706921296297 0.5705 0.6021314398148149 0.573 0.6136767314814814 0.57525
13 0.42317939583333336 0.57275 0.4462699814814815 0.5725 0.45115453009259254 0.571 0.45337477777777774 0.5625 0.45293072916666666 0.55475 0.44937833101851854 0.5499999999999999 0.44271758333333333 0.54625 0.42850799305555554 0.5435 0.4138543518518518 0.54425 0.4045293078703704 0.546 0.4009769097222222 0.5499999999999999 0.4018650092592593 0.5615 0.4049733564814815 0.5655 0.41119005324074076 0.5695 0.42317939583333336 0.57275
13 0.23401421064814815 0.569 0.24511545370370372 0.56825 0.2557726458333333 0.564 0.25888099537037035 0.5535 0.2548845462962963 0.5457500000000001 0.2477797523148148 0.5425 0.2349023101851852 0.5409999999999999 0.22735346296296297 0.54225 0.2158081712962963 0.54725 0.21003552314814816 0.5527500000000001 0.21225577314814817 0.5615 0.21758437037037037 0.5650000000000001 0.22513321527777777 0.5675 0.23401421064814815 0.569
13 0.3179396087962963 0.6234999999999999 0.32593250462962964 0.6244999999999999 0.3419182939814815 0.6234999999999999 0.35124334027777776 0.6192500000000001 0.35435168749999996 0.6162500000000001 0.35568383564814815 0.61125 0.35346358796296296 0.60575 0.3468028425925926 0.60025 0.33880994675925924 0.5964999999999999 0.32859680324074075 0.5954999999999999 0.3143872106481482 0.5964999999999999 0.3050621666666667 0.6012500000000001 0.3028419189814815 0.6045 0.3028419189814815 0.613 0.3055062175925926 0.6167499999999999 0.3108348125 0.62125 0.3179396087962963 0.6234999999999999
13 0.5297513310185186 0.624 0.5381882777777778 0.6192500000000001 0.5408525763888888 0.6155 0.541296625 0.6090000000000001 0.5390763773148148 0.605 0.5328596805555555 0.60075 0.518650087962963 0.5982500000000001 0.5004440486111111 0.60175 0.4951154537037037 0.6064999999999999 0.49467140277777777 0.6167499999999999 0.5022202476851851 0.622 0.5155417407407408 0.6267499999999999 0.5297513310185186 0.624