7 0.4699074074074074 0.4537037037037037 0.4699074074074074 0.4675925925925926 0.4722222222222222 0.4699074074074074 0.5300925925925926 0.4699074074074074 0.5324074074074074 0.4675925925925926 0.5324074074074074 0.4537037037037037 0.5370370370370371 0.4513888888888889 0.5671296296296297 0.4513888888888889 0.5717592592592593 0.4583333333333333 0.5694444444444444 0.4652777777777778 0.5740740740740741 0.4699074074074074 0.5995370370370371 0.4699074074074074 0.5995370370370371 0.48842592592592593 0.5879629629629629 0.48842592592592593 0.5856481481481481 0.49074074074074076 0.5740740740740741 0.48842592592592593 0.5694444444444444 0.4930555555555556 0.5694444444444444 0.5092592592592593 0.5787037037037037 0.5208333333333334 0.5902777777777778 0.5254629629629629 0.5972222222222222 0.5254629629629629 0.6018518518518519 0.5300925925925926 0.6018518518518519 0.5416666666666666 0.6041666666666666 0.5439814814814815 0.6018518518518519 0.5462962962962963 0.5833333333333334 0.5462962962962963 0.5810185185185185 0.5439814814814815 0.5717592592592593 0.5439814814814815 0.5462962962962963 0.5324074074074074 0.5324074074074074 0.5162037037037037 0.5324074074074074 0.49537037037037035 0.5277777777777778 0.49074074074074076 0.48842592592592593 0.49074074074074076 0.4861111111111111 0.48842592592592593 0.47685185185185186 0.48842592592592593 0.4699074074074074 0.4930555555555556 0.4699074074074074 0.5046296296296297 0.4675925925925926 0.5069444444444444 0.4305555555555556 0.5069444444444444 0.42824074074074076 0.5046296296296297 0.42824074074074076 0.4930555555555556 0.42592592592592593 0.49074074074074076 0.38657407407407407 0.49074074074074076 0.3819444444444444 0.4930555555555556 0.3773148148148148 0.4976851851851852 0.375 0.5046296296296297 0.37037037037037035 0.5069444444444444 0.33101851851851855 0.5069444444444444 0.3287037037037037 0.5046296296296297 0.33101851851851855 0.5023148148148148 0.33101851851851855 0.4976851851851852 0.33796296296296297 0.48842592592592593 0.34953703703703703 0.4791666666666667 0.3541666666666667 0.4791666666666667 0.3611111111111111 0.47453703703703703 0.37962962962962965 0.4722222222222222 0.3819444444444444 0.4699074074074074 0.42592592592592593 0.4699074074074074 0.42824074074074076 0.4675925925925926 0.42824074074074076 0.45601851851851855 0.43287037037037035 0.4513888888888889 0.4375 0.4537037037037037 0.4398148148148148 0.4513888888888889 0.4652777777777778 0.4513888888888889 0.4675925925925926 0.4537037037037037
11 0 0.19924999999999998 0.001332148148148148 0.19924999999999998 0.0026642986111111108 0.20975 0.0026642986111111108 0.2905 0.0053285972222222215 0.29550000000000004 0.004440497685185185 0.319 0.0062166967592592595 0.33299999999999996 0.0053285972222222215 0.3655 0.007104796296296296 0.40791675 0.005772645833333334 0.45175000000000004 0.00666074537037037 0.48125 0.00888099537037037 0.491 0.00666074537037037 0.5015 0.008436944444444445 0.5265 0.007104796296296296 0.5335 0.010657194444444443 0.60425 0.00888099537037037 0.6122500000000001 0.010657194444444443 0.6345 0.003108347222222222 0.68225 0.004884546296296296 0.68825 0.003108347222222222 0.6962499999999999 0.010213143518518519 0.715 0.014209592592592591 0.71875 0.03197158101851852 0.7225 0.039520425925925924 0.72125 0.041740675925925924 0.7225 0.047069270833333336 0.7225 0.05373001851851852 0.724 0.06349911111111112 0.7225 0.08126110185185186 0.72275 0.09236234490740741 0.7204999999999999 0.10568383564814815 0.721 0.10879218518518519 0.7195 0.11323268287037037 0.71975 0.12344582638888889 0.7172499999999999 0.1327708703703704 0.7165 0.13676731712962964 0.71525 0.1407637662037037 0.7112499999999999 0.15763765509259262 0.7090000000000001 0.1647424513888889 0.7104999999999999 0.206483125 0.7095 0.21980461805555557 0.7095 0.22646536342592594 0.7104999999999999 0.24511545370370372 0.7095 0.2526642986111111 0.7104999999999999 0.27264653703703706 0.7095 0.2753108356481481 0.71075 0.30639431712962967 0.71075 0.3108348125 0.7115 0.32326820601851847 0.7095 0.3419182939814815 0.7097500000000001 0.3450266435185185 0.71075 0.38587921759259264 0.7095 0.4009769097222222 0.71075 0.4067495555555556 0.70875 0.4147424513888889 0.70925 0.4316163402777778 0.7075 0.44271758333333333 0.7100000000000001 0.458703375 0.70825 0.46536412037037034 0.70925 0.48179396064814817 0.7090000000000001 0.49111900462962965 0.7102499999999999 0.5022202476851851 0.7095 0.5155417407407408 0.7100000000000001 0.5190941388888889 0.711 0.5222024861111111 0.7100000000000001 0.5257548842592593 0.71175 0.5328596805555555 0.71275 0.5470692708333333 0.71225 0.5501776203703703 0.71075 0.559946712962963 0.7125 0.5746003541666667 0.712 0.5781527523148148 0.7102499999999999 0.583037300925926 0.71075 0.5919182939814815 0.7090000000000001 0.6021314398148149 0.712 0.606127886574074 0.7112499999999999 0.6158969814814815 0.71225 0.6194493773148148 0.71075 0.6225577268518518 0.7115 0.6341030185185185 0.711 0.6367673171296296 0.712 0.6487566597222222 0.71275 0.7655417407407407 0.711 0.7753108356481482 0.7125 0.7819715810185185 0.7112499999999999 0.7961811712962963 0.71275 0.7992895208333333 0.71225 0.8059502662037038 0.71375 0.8134991111111112 0.71225 0.8312611018518519 0.7125 0.8348135 0.7112499999999999 0.8472468912037037 0.71275 0.8596802847222222 0.712 0.8658969814814815 0.70925 0.8716696273148149 0.7102499999999999 0.873001775462963 0.71325 0.8747779745370371 0.71075 0.8872113680555556 0.711 0.9040852569444445 0.70925 0.9129662523148149 0.7045 0.9245115462962963 0.701 0.9320603912037037 0.6962499999999999 0.9338365902777779 0.69275 0.940053287037037 0.68725 0.9462699814814814 0.6689999999999999 0.9480461805555556 0.58325 0.9493783310185185 0.216 0.9458259328703704 0.2055 0.9325044398148149 0.19125 0.918294849537037 0.1845 0.8983126111111112 0.17775 0.8774422731481482 0.176 0.8706336597222223 0.17675 0.8525754884259259 0.17550000000000002 0.8405861458333334 0.177 0.8157193611111111 0.17750000000000002 0.812166962962963 0.1785 0.8072824166666668 0.17725000000000002 0.7944049722222223 0.178 0.7162522199074074 0.178 0.7029307291666667 0.1805 0.688277087962963 0.17825000000000002 0.6807282407407407 0.17975 0.664298400462963 0.17975 0.6616341041666667 0.17900000000000002 0.6363232685185186 0.17975 0.6154529305555556 0.17875 0.6074600347222222 0.1805 0.5870337476851852 0.17925000000000002 0.5670515092592593 0.18075 0.5497335694444444 0.18025 0.543516875 0.18125 0.5213143865740741 0.1805 0.4733570162037037 0.181 0.4675843703703703 0.1825 0.4635879212962963 0.18175000000000002 0.41429840046296296 0.18125 0.4116341041666666 0.1825 0.4076376550925926 0.18175000000000002 0.4023090578703704 0.18325 0.3929840138888889 0.18350000000000002 0.38055062268518514 0.182 0.35301953703703703 0.18325 0.3383658958333334 0.18175000000000002 0.3348135 0.18325 0.32460035416666666 0.18275 0.30728241666666667 0.184 0.28197158101851855 0.183 0.25888099537037035 0.18425 0.24111900462962962 0.18325 0.23801065740740743 0.18425 0.22957371296296294 0.184 0.22158081712962965 0.1855 0.2011545300925926 0.18375 0.18650088888888888 0.18525000000000003 0.1749555949074074 0.1845 0.16119005324074073 0.18825 0.1505328587962963 0.18825 0.14698046296296297 0.18974999999999997 0.13898756712962962 0.189 0.13765541666666667 0.1855 0.1305506226851852 0.1845 0.11989342824074074 0.17775 0.10213143981481482 0.17400000000000002 0.09857904166666666 0.17225000000000001 0.09547069212962962 0.1725 0.09191829398148148 0.17025 0.060390763888888886 0.16875 0.0217584375 0.16999999999999998 0.015097689814814816 0.17074999999999999 0.004884546296296296 0.17575000000000002 0.0026642986111111108 0.17825000000000002 0 0.18475 0 0.19924999999999998
12 0.12994005324074076 0.17373999999999998 0.004331706018518519 0.17373999999999998 0.004331706018518519 0.7168300000000001 0.12994005324074076 0.7168300000000001 0.12994005324074076 0.17373999999999998
13 0.39387211342592593 0.29225 0.4018650092592593 0.29325 0.41252220138888884 0.29125 0.41829484953703705 0.28875 0.4249555949074074 0.28275 0.4262877453703704 0.2745 0.42317939583333336 0.26825 0.4205150972222222 0.2655 0.4116341041666666 0.26075000000000004 0.39964475925925924 0.2605 0.3894316157407407 0.26175 0.37966252314814813 0.26575 0.37255772685185184 0.2725 0.37166962731481484 0.27925 0.37477797453703704 0.28375 0.38365896990740744 0.28925 0.39387211342592593 0.29225
13 0.6087921851851852 0.293 0.6163410300925926 0.29125 0.625666074074074 0.28475 0.6314387222222222 0.27649999999999997 0.6305506226851852 0.269 0.6265541736111111 0.2645 0.6203374768518519 0.261 0.6096802847222222 0.25825 0.6016873888888888 0.2585 0.5923623449074074 0.261 0.5799289513888889 0.26875 0.5785968032407408 0.27125 0.5777087037037036 0.276 0.581705150462963 0.2835 0.5945825925925926 0.29025 0.6087921851851852 0.293
13 0.6998223796296296 0.34800000000000003 0.7131438726851852 0.34875 0.7198046180555556 0.347 0.728685613425926 0.3425 0.7331261111111111 0.33825 0.7349023101851851 0.33099999999999996 0.7317939606481482 0.32399999999999995 0.727353462962963 0.32075 0.7171403194444445 0.31699999999999995 0.7091474236111112 0.31625000000000003 0.7024866782407407 0.31725 0.6887211365740741 0.323 0.6842806388888889 0.32725000000000004 0.6816163402777777 0.33125 0.6833925393518518 0.33799999999999997 0.688277087962963 0.34275000000000005 0.6998223796296296 0.34800000000000003
13 0.4973357013888889 0.34975 0.5057726458333334 0.35 0.5124333935185186 0.34925 0.5222024861111111 0.3455 0.5275310833333333 0.3385 0.5284191828703704 0.33125 0.5230905856481481 0.32399999999999995 0.5159857893518518 0.32025000000000003 0.5084369444444444 0.318 0.49467140277777777 0.3195 0.4831261111111111 0.3235 0.47690941435185186 0.32925 0.47690941435185186 0.3385 0.48046181250000003 0.34225 0.49111900462962965 0.34824999999999995 0.4973357013888889 0.34975
13 0.2873001782407407 0.34975 0.30195381944444444 0.35075 0.31039076388888887 0.34950000000000003 0.32149200694444446 0.34400000000000003 0.3241563055555556 0.34025 0.32548845370370366 0.33375 0.3237122546296296 0.3285 0.31660746064814815 0.323 0.3086145648148148 0.32049999999999995 0.29751332175925926 0.31975000000000003 0.28552397916666666 0.32125 0.2744227361111111 0.327 0.27087033796296295 0.33125 0.26998223842592595 0.335 0.27309058564814814 0.34225 0.28330372916666663 0.34875 0.2873001782407407 0.34975
13 0.8077264652777778 0.40599999999999997 0.8246003541666667 0.405 0.835701599537037 0.39925 0.8396980462962963 0.394 0.8396980462962963 0.3875 0.8374777986111112 0.38299999999999995 0.8290408518518518 0.3775 0.8210479583333333 0.375 0.8148312615740742 0.37424999999999997 0.8063943171296296 0.375 0.7890763773148147 0.382 0.7850799282407408 0.386 0.7846358796296296 0.39149999999999996 0.7881882777777778 0.39825000000000005 0.7970692708333333 0.40375 0.8077264652777778 0.40599999999999997
13 0.6003552407407406 0.40700000000000003 0.6194493773148148 0.40525000000000005 0.6283303726851851 0.39875 0.6309946712962963 0.39475000000000005 0.6309946712962963 0.389 0.6278863240740741 0.38375 0.6198934282407408 0.379 0.6096802847222222 0.3765 0.603019537037037 0.37675 0.5901420949074074 0.37949999999999995 0.581705150462963 0.38375 0.5781527523148148 0.38825 0.5777087037037036 0.39425 0.5799289513888889 0.398 0.5883658958333333 0.40475 0.6003552407407406 0.40700000000000003
13 0.3854351689814815 0.40549999999999997 0.39698046296296297 0.40775 0.4058614560185185 0.40825 0.41563055092592593 0.40599999999999997 0.42184724768518517 0.40275 0.4262877453703704 0.39625 0.42673179398148153 0.39025 0.42317939583333336 0.38375 0.41829484953703705 0.38 0.40852575462962964 0.3775 0.3894316157407407 0.379 0.38321491898148147 0.38075000000000003 0.376110125 0.38675 0.3743339259259259 0.3905 0.37522202546296296 0.39625 0.38010657175925927 0.40199999999999997 0.3854351689814815 0.40549999999999997
13 0.18916518750000003 0.40775 0.19982237962962962 0.40850000000000003 0.21003552314814816 0.40625 0.2162522199074074 0.40325 0.22246891666666666 0.39699999999999996 0.22380106481481482 0.39025 0.2189165185185185 0.38299999999999995 0.2131438726851852 0.37925000000000003 0.20026643055555554 0.378 0.18916518750000003 0.37875000000000003 0.17806394212962964 0.38225000000000003 0.1731793958333333 0.38675 0.17140319675925927 0.39525 0.17451154629629628 0.40049999999999997 0.1793960925925926 0.40425 0.18916518750000003 0.40775
13 0.30728241666666667 0.46525 0.31394316203703704 0.464 0.3241563055555556 0.45749999999999996 0.3272646527777778 0.4495 0.32593250462962964 0.44525000000000003 0.3210479583333334 0.4395 0.312166962962963 0.43524999999999997 0.3037300185185185 0.435 0.2864120787037037 0.43674999999999997 0.2784191828703704 0.441 0.2748667847222222 0.44575 0.2744227361111111 0.45399999999999996 0.2815275300925926 0.46125 0.2864120787037037 0.46375 0.30728241666666667 0.46525
13 0.49378330324074077 0.46375 0.5071047962962963 0.46449999999999997 0.5150976898148149 0.4635 0.5213143865740741 0.4605 0.5279751342592592 0.45375000000000004 0.5288632337962963 0.44525000000000003 0.5222024861111111 0.43875 0.5150976898148149 0.43524999999999997 0.5084369444444444 0.4345 0.4951154537037037 0.435 0.4840142106481482 0.43875 0.47912966203703705 0.44325000000000003 0.47779751388888886 0.45075 0.48001776157407405 0.4565 0.48623445833333334 0.46125 0.49378330324074077 0.46375
13 0.6967140324074074 0.4635 0.7113676736111111 0.464 0.7224689166666667 0.462 0.727353462962963 0.45975 0.7322380115740741 0.45425 0.7331261111111111 0.447 0.7277975138888889 0.43875 0.7238010648148148 0.43674999999999997 0.7135879212962963 0.4345 0.7033747777777778 0.43425 0.6887211365740741 0.43775000000000003 0.6838365902777779 0.44125000000000003 0.6807282407407407 0.44575 0.6807282407407407 0.452 0.6851687384259258 0.4585 0.6891651875 0.46149999999999997 0.6967140324074074 0.4635
13 0.812166962962963 0.5215000000000001 0.8241563055555555 0.52025 0.8343694490740741 0.5155 0.8379218472222222 0.512 0.8388099467592594 0.50575 0.8361456481481482 0.49875 0.8277087037037036 0.49325 0.8201598587962963 0.491 0.8063943171296296 0.491 0.7948490231481481 0.494 0.7899644768518519 0.496 0.7841918287037037 0.503 0.7841918287037037 0.50875 0.7886323263888889 0.5155 0.8037300185185186 0.521 0.812166962962963 0.5215000000000001
13 0.5874777986111112 0.52 0.6016873888888888 0.52275 0.6092362337962962 0.5225 0.6194493773148148 0.51975 0.6287744236111111 0.5135 0.6305506226851852 0.509 0.6292184722222223 0.50025 0.6265541736111111 0.49675 0.6185612777777778 0.49274999999999997 0.6119005324074074 0.49125 0.5981349907407407 0.49224999999999997 0.5870337476851852 0.49550000000000005 0.5799289513888889 0.50125 0.5781527523148148 0.50625 0.5803730023148148 0.5145000000000001 0.5843694490740741 0.519 0.5874777986111112 0.52
13 0.394760212962963 0.52075 0.4045293078703704 0.5215000000000001 0.41341030092592596 0.52 0.4227353472222222 0.5165 0.42673179398148153 0.51225 0.42761989351851853 0.50825 0.42317939583333336 0.49900000000000005 0.42007104861111116 0.49525 0.41563055092592593 0.49375 0.4036412083333334 0.4925 0.3903197152777778 0.494 0.38321491898148147 0.4975 0.3769982245370371 0.50525 0.3765541736111111 0.50875 0.38010657175925927 0.514 0.3849911180555555 0.5175 0.394760212962963 0.52075
13 0.206483125 0.5217499999999999 0.2162522199074074 0.5195 0.2211367662037037 0.5165 0.22468916435185185 0.51175 0.22380106481481482 0.50075 0.2184724699074074 0.49550000000000005 0.21003552314814816 0.49200000000000005 0.19582593287037037 0.4925 0.18561278935185185 0.49424999999999997 0.17673179398148148 0.49974999999999997 0.17406749537037036 0.50425 0.17362344675925925 0.5095000000000001 0.17806394212962964 0.516 0.19094138657407406 0.5225 0.206483125 0.5217499999999999
13 0.29662522222222226 0.579 0.3090586134259259 0.5785 0.3210479583333334 0.5750000000000001 0.3277087037037037 0.5680000000000001 0.3277087037037037 0.5605 0.32548845370370366 0.55575 0.3197158078703704 0.551 0.31039076388888887 0.5485 0.28996447685185184 0.55025 0.2841918287037037 0.55225 0.2797513310185185 0.55475 0.2753108356481481 0.56175 0.2766429837962963 0.5700000000000001 0.28063943055555557 0.574 0.2895204259259259 0.578 0.29662522222222226 0.579
13 0.4977797523148148 0.5785 0.5106571944444445 0.57825 0.5190941388888889 0.57625 0.5248667847222221 0.5720000000000001 0.5284191828703704 0.56725 0.5293072824074074 0.56225 0.5270870347222222 0.55725 0.522646537037037 0.5527500000000001 0.5150976898148149 0.54925 0.5084369444444444 0.54825 0.49467140277777777 0.54875 0.4857904074074074 0.55175 0.4782415625 0.55925 0.47779751388888886 0.56475 0.48179396064814817 0.5722499999999999 0.4915630555555556 0.57725 0.4977797523148148 0.5785
13 0.6922735347222222 0.57625 0.7135879212962963 0.579 0.7206927175925926 0.578 0.7264653634259259 0.5750000000000001 0.7326820601851851 0.5680000000000001 0.7331261111111111 0.56225 0.7300177615740742 0.55575 0.7242451157407408 0.55125 0.7113676736111111 0.5485 0.7029307291666667 0.549 0.6891651875 0.5527500000000001 0.6838365902777779 0.5575 0.6820603912037037 0.5599999999999999 0.6829484907407407 0.56775 0.6856127893518519 0.5722499999999999 0.6922735347222222 0.57625
13 0.6065719351851853 0.636 0.6163410300925926 0.635 0.6261101250000001 0.631 0.6309946712962963 0.6230000000000001 0.6305506226851852 0.6167499999999999 0.6278863240740741 0.6122500000000001 0.6203374768518519 0.60775 0.6119005324074074 0.6052500000000001 0.6021314398148149 0.605 0.5901420949074074 0.6082500000000001 0.583481349537037 0.61175 0.5790408518518518 0.61575 0.5803730023148148 0.6267499999999999 0.5905861458333334 0.6339999999999999 0.5990230902777779 0.63575 0.6065719351851853 0.636
13 0.39742451157407405 0.636 0.4023090578703704 0.636 0.42007104861111116 0.633 0.4249555949074074 0.62975 0.4280639421296296 0.6232500000000001 0.4271758425925926 0.61575 0.4236234467592592 0.6104999999999999 0.41785079861111113 0.60675 0.40852575462962964 0.6052500000000001 0.4000888101851852 0.6052500000000001 0.3903197152777778 0.60725 0.38188277083333333 0.611 0.37744227314814816 0.6167499999999999 0.37744227314814816 0.6225 0.37966252314814813 0.6277499999999999 0.3885435162037037 0.6337499999999999 0.39742451157407405 0.636