3 0.5300925925925926 0.2708333333333333 0.5509259259259259 0.2824074074074074 0.5601851851851852 0.2962962962962963 0.5601851851851852 0.3125 0.5532407407407407 0.32407407407407407 0.5324074074074074 0.33564814814814814 0.5231481481481481 0.3449074074074074 0.5 0.3472222222222222 0.4976851851851852 0.34953703703703703 0.47453703703703703 0.34953703703703703 0.4722222222222222 0.3472222222222222 0.4583333333333333 0.3472222222222222 0.45601851851851855 0.34953703703703703 0.45601851851851855 0.3680555555555556 0.4513888888888889 0.3726851851851852 0.4537037037037037 0.3773148148148148 0.4583333333333333 0.3819444444444444 0.47453703703703703 0.3819444444444444 0.47685185185185186 0.38425925925925924 0.4837962962962963 0.38425925925925924 0.4837962962962963 0.3888888888888889 0.4861111111111111 0.3912037037037037 0.4861111111111111 0.4050925925925926 0.4583333333333333 0.4050925925925926 0.4537037037037037 0.41203703703703703 0.4537037037037037 0.42592592592592593 0.4675925925925926 0.44212962962962965 0.4722222222222222 0.4444444444444444 0.4837962962962963 0.4444444444444444 0.4861111111111111 0.44675925925925924 0.4861111111111111 0.4583333333333333 0.48842592592592593 0.46064814814814814 0.4861111111111111 0.4652777777777778 0.4791666666666667 0.4652777777777778 0.47685185185185186 0.46296296296296297 0.46064814814814814 0.46296296296296297 0.4375 0.4537037037037037 0.4212962962962963 0.44212962962962965 0.4166666666666667 0.4351851851851852 0.4166666666666667 0.4305555555555556 0.41435185185185186 0.42824074074074076 0.41435185185185186 0.4097222222222222 0.41203703703703703 0.4074074074074074 0.3888888888888889 0.4074074074074074 0.38425925925925924 0.4050925925925926 0.38657407407407407 0.4027777777777778 0.38657407407407407 0.39814814814814814 0.3819444444444444 0.3912037037037037 0.38425925925925924 0.3819444444444444 0.41435185185185186 0.3819444444444444 0.4166666666666667 0.37962962962962965 0.41435185185185186 0.3773148148148148 0.41435185185185186 0.34953703703703703 0.41203703703703703 0.3472222222222222 0.4074074074074074 0.3472222222222222 0.4050925925925926 0.34953703703703703 0.4027777777777778 0.3472222222222222 0.39814814814814814 0.3472222222222222 0.3958333333333333 0.34953703703703703 0.38425925925925924 0.3472222222222222 0.3819444444444444 0.3425925925925926 0.3819444444444444 0.3263888888888889 0.38425925925925924 0.32407407407407407 0.41203703703703703 0.32407407407407407 0.4166666666666667 0.3194444444444444 0.41435185185185186 0.3148148148148148 0.41435185185185186 0.30092592592592593 0.4212962962962963 0.28703703703703703 0.4305555555555556 0.2777777777777778 0.44907407407407407 0.26851851851851855 0.4537037037037037 0.26851851851851855 0.46296296296296297 0.2638888888888889 0.5069444444444444 0.2638888888888889 0.5092592592592593 0.2662037037037037 0.5185185185185185 0.2662037037037037 0.5277777777777778 0.2708333333333333
8 0.6898148148148148 0.26157407407407407 0.6921296296296297 0.2638888888888889 0.7013888888888888 0.26157407407407407 0.7037037037037037 0.2777777777777778 0.6944444444444444 0.28703703703703703 0.6828703703703703 0.28935185185185186 0.6712962962962963 0.2962962962962963 0.6712962962962963 0.30787037037037035 0.6689814814814815 0.3101851851851852 0.6689814814814815 0.3148148148148148 0.6736111111111112 0.3194444444444444 0.7013888888888888 0.3194444444444444 0.7060185185185185 0.32175925925925924 0.7060185185185185 0.33564814814814814 0.7037037037037037 0.3402777777777778 0.6944444444444444 0.3472222222222222 0.6805555555555556 0.3472222222222222 0.6759259259259259 0.3449074074074074 0.6712962962962963 0.34953703703703703 0.6712962962962963 0.3680555555555556 0.6689814814814815 0.37037037037037035 0.6689814814814815 0.375 0.6550925925925926 0.3888888888888889 0.6435185185185185 0.39351851851851855 0.6342592592592593 0.40046296296296297 0.6273148148148148 0.40046296296296297 0.6157407407407407 0.4050925925925926 0.5925925925925926 0.4050925925925926 0.5902777777777778 0.4074074074074074 0.5740740740740741 0.4074074074074074 0.5717592592592593 0.4050925925925926 0.5671296296296297 0.4050925925925926 0.5648148148148148 0.4074074074074074 0.5648148148148148 0.4236111111111111 0.5625 0.42592592592592593 0.5648148148148148 0.42824074074074076 0.5601851851851852 0.4375 0.5393518518518519 0.4537037037037037 0.5300925925925926 0.4583333333333333 0.5231481481481481 0.4583333333333333 0.5115740740740741 0.46296296296296297 0.49537037037037035 0.46296296296296297 0.49074074074074076 0.45601851851851855 0.49074074074074076 0.44675925925925924 0.4930555555555556 0.4444444444444444 0.5023148148148148 0.4398148148148148 0.5092592592592593 0.4398148148148148 0.5254629629629629 0.42824074074074076 0.5254629629629629 0.4097222222222222 0.5208333333333334 0.4050925925925926 0.5138888888888888 0.4050925925925926 0.5115740740740741 0.4027777777777778 0.5092592592592593 0.4050925925925926 0.5 0.4050925925925926 0.4976851851851852 0.4027777777777778 0.49537037037037035 0.4050925925925926 0.49074074074074076 0.39814814814814814 0.49074074074074076 0.38425925925925924 0.4930555555555556 0.3819444444444444 0.5208333333333334 0.3819444444444444 0.5254629629629629 0.3773148148148148 0.5231481481481481 0.375 0.5231481481481481 0.3587962962962963 0.5254629629629629 0.35648148148148145 0.5254629629629629 0.34953703703703703 0.5393518518518519 0.33564814814814814 0.5555555555555556 0.3263888888888889 0.5625 0.3263888888888889 0.5740740740740741 0.32175925925925924 0.5879629629629629 0.32175925925925924 0.5902777777777778 0.3194444444444444 0.6273148148148148 0.3194444444444444 0.6296296296296297 0.31712962962962965 0.6296296296296297 0.2916666666666667 0.6342592592592593 0.28703703703703703 0.6597222222222222 0.26851851851851855 0.6759259259259259 0.2662037037037037 0.6782407407407407 0.2638888888888889 0.6875 0.2638888888888889
4 0.7083333333333334 0.26157407407407407 0.7291666666666666 0.26157407407407407 0.7314814814814815 0.2638888888888889 0.7476851851851852 0.2662037037037037 0.7685185185185185 0.2777777777777778 0.7800925925925926 0.2916666666666667 0.7800925925925926 0.2962962962962963 0.7824074074074074 0.2986111111111111 0.7824074074074074 0.3194444444444444 0.7847222222222222 0.32175925925925924 0.8379629629629629 0.32175925925925924 0.8402777777777778 0.32407407407407407 0.8495370370370371 0.32407407407407407 0.8634259259259259 0.33101851851851855 0.8680555555555556 0.33101851851851855 0.8842592592592593 0.3425925925925926 0.8912037037037037 0.35648148148148145 0.8888888888888888 0.3726851851851852 0.8680555555555556 0.3912037037037037 0.8379629629629629 0.4027777777777778 0.8217592592592593 0.4027777777777778 0.8194444444444444 0.4050925925925926 0.7847222222222222 0.4050925925925926 0.7800925925925926 0.4166666666666667 0.7800925925925926 0.42824074074074076 0.7708333333333334 0.44212962962962965 0.7453703703703703 0.45601851851851855 0.7083333333333334 0.46296296296296297 0.7060185185185185 0.46064814814814814 0.7060185185185185 0.4444444444444444 0.7175925925925926 0.4375 0.7222222222222222 0.4375 0.7314814814814815 0.43287037037037035 0.7361111111111112 0.42592592592592593 0.7361111111111112 0.4166666666666667 0.7314814814814815 0.4050925925925926 0.7083333333333334 0.4050925925925926 0.7037037037037037 0.40046296296296297 0.7060185185185185 0.39814814814814814 0.7060185185185185 0.3819444444444444 0.7083333333333334 0.37962962962962965 0.7337962962962963 0.37962962962962965 0.7361111111111112 0.3773148148148148 0.7361111111111112 0.34953703703703703 0.7337962962962963 0.3472222222222222 0.7060185185185185 0.3472222222222222 0.7037037037037037 0.3449074074074074 0.7083333333333334 0.33564814814814814 0.7083333333333334 0.32175925925925924 0.7129629629629629 0.3194444444444444 0.7268518518518519 0.3194444444444444 0.7291666666666666 0.32175925925925924 0.7337962962962963 0.32175925925925924 0.7361111111111112 0.3194444444444444 0.7361111111111112 0.3055555555555556 0.7291666666666666 0.2962962962962963 0.7222222222222222 0.2916666666666667 0.7037037037037037 0.28703703703703703 0.7083333333333334 0.2638888888888889
0 0.6967592592592593 0.3819444444444444 0.6990740740740741 0.38425925925925924 0.7037037037037037 0.38425925925925924 0.7037037037037037 0.3888888888888889 0.7013888888888888 0.3912037037037037 0.7037037037037037 0.39351851851851855 0.7013888888888888 0.39814814814814814 0.6921296296296297 0.4050925925925926 0.6782407407407407 0.4074074074074074 0.6689814814814815 0.41435185185185186 0.6666666666666666 0.4375 0.6736111111111112 0.44212962962962965 0.6990740740740741 0.44212962962962965 0.7037037037037037 0.44675925925925924 0.7037037037037037 0.45601851851851855 0.6990740740740741 0.46296296296296297 0.6944444444444444 0.46296296296296297 0.6921296296296297 0.4652777777777778 0.6712962962962963 0.4652777777777778 0.6689814814814815 0.4675925925925926 0.6689814814814815 0.49074074074074076 0.6620370370370371 0.5023148148148148 0.6597222222222222 0.5023148148148148 0.6504629629629629 0.5115740740740741 0.6412037037037037 0.5138888888888888 0.6342592592592593 0.5185185185185185 0.6273148148148148 0.5185185185185185 0.6157407407407407 0.5231481481481481 0.5671296296296297 0.5231481481481481 0.5625 0.5277777777777778 0.5625 0.5416666666666666 0.5231481481481481 0.5416666666666666 0.5208333333333334 0.5370370370370371 0.5208333333333334 0.5254629629629629 0.5185185185185185 0.5231481481481481 0.4861111111111111 0.5231481481481481 0.4837962962962963 0.5254629629629629 0.47453703703703703 0.5254629629629629 0.4699074074074074 0.5277777777777778 0.4583333333333333 0.5416666666666666 0.4537037037037037 0.5416666666666666 0.4513888888888889 0.5439814814814815 0.41898148148148145 0.5439814814814815 0.4166666666666667 0.5416666666666666 0.41898148148148145 0.5324074074074074 0.4305555555555556 0.5185185185185185 0.44212962962962965 0.5115740740740741 0.44675925925925924 0.5115740740740741 0.4537037037037037 0.5069444444444444 0.46064814814814814 0.5069444444444444 0.46296296296296297 0.5046296296296297 0.48148148148148145 0.5046296296296297 0.4837962962962963 0.5023148148148148 0.4930555555555556 0.5023148148148148 0.49537037037037035 0.5046296296296297 0.4976851851851852 0.5023148148148148 0.5185185185185185 0.5023148148148148 0.5208333333333334 0.5 0.5208333333333334 0.4791666666666667 0.5231481481481481 0.47685185185185186 0.5231481481481481 0.4722222222222222 0.5254629629629629 0.4675925925925926 0.5347222222222222 0.46064814814814814 0.5347222222222222 0.4583333333333333 0.5393518518518519 0.4583333333333333 0.5439814814814815 0.4537037037037037 0.5578703703703703 0.44675925925925924 0.5648148148148148 0.44675925925925924 0.5763888888888888 0.44212962962962965 0.6226851851851852 0.44212962962962965 0.6296296296296297 0.4351851851851852 0.6273148148148148 0.4305555555555556 0.6273148148148148 0.4212962962962963 0.6296296296296297 0.41898148148148145 0.6296296296296297 0.41203703703703703 0.6365740740740741 0.4027777777777778 0.6504629629629629 0.39351851851851855 0.6597222222222222 0.3912037037037037 0.6666666666666666 0.38657407407407407 0.6759259259259259 0.38657407407407407 0.6782407407407407 0.38425925925925924 0.6944444444444444 0.3819444444444444
9 0.5625 0.5462962962962963 0.5648148148148148 0.5509259259259259 0.5648148148148148 0.5625 0.5694444444444444 0.5671296296296297 0.5740740740740741 0.5648148148148148 0.6157407407407407 0.5648148148148148 0.6180555555555556 0.5671296296296297 0.6273148148148148 0.5671296296296297 0.6296296296296297 0.5694444444444444 0.6365740740740741 0.5694444444444444 0.6388888888888888 0.5717592592592593 0.6504629629629629 0.5740740740740741 0.6712962962962963 0.5902777777777778 0.6759259259259259 0.5995370370370371 0.6759259259259259 0.6134259259259259 0.6712962962962963 0.6226851851851852 0.6620370370370371 0.6319444444444444 0.6504629629629629 0.6365740740740741 0.6458333333333334 0.6412037037037037 0.6319444444444444 0.6435185185185185 0.6296296296296297 0.6458333333333334 0.6180555555555556 0.6458333333333334 0.6157407407407407 0.6481481481481481 0.5856481481481481 0.6481481481481481 0.5833333333333334 0.6458333333333334 0.5740740740740741 0.6458333333333334 0.5648148148148148 0.6412037037037037 0.5578703703703703 0.6412037037037037 0.5486111111111112 0.6342592592592593 0.5416666666666666 0.6319444444444444 0.5300925925925926 0.6180555555555556 0.5277777777777778 0.6064814814814815 0.5254629629629629 0.6041666666666666 0.5254629629629629 0.5902777777777778 0.5231481481481481 0.5879629629629629 0.5185185185185185 0.5856481481481481 0.5162037037037037 0.5879629629629629 0.47685185185185186 0.5879629629629629 0.47453703703703703 0.5856481481481481 0.46064814814814814 0.5856481481481481 0.44907407407407407 0.5787037037037037 0.44212962962962965 0.5787037037037037 0.42592592592592593 0.5671296296296297 0.4212962962962963 0.5601851851851852 0.41898148148148145 0.5555555555555556 0.41898148148148145 0.5486111111111112 0.4212962962962963 0.5462962962962963 0.44675925925925924 0.5462962962962963 0.44907407407407407 0.5486111111111112 0.4583333333333333 0.5486111111111112 0.4699074074074074 0.5625 0.48148148148148145 0.5671296296296297 0.5069444444444444 0.5671296296296297 0.5092592592592593 0.5648148148148148 0.5115740740740741 0.5671296296296297 0.5231481481481481 0.5625 0.5231481481481481 0.5486111111111112 0.5254629629629629 0.5462962962962963 0.5601851851851852 0.5462962962962963
11 0.00666074537037037 0.43975000000000003 0.0053285972222222215 0.446 0.007548844907407408 0.474 0.011101243055555555 0.477 0.011101243055555555 0.481 0.007992895833333333 0.48425 0.010657194444444443 0.48825 0.0039964467592592595 0.5 0.0039964467592592595 0.5027499999999999 0.0062166967592592595 0.506 0.0062166967592592595 0.5295 0.011989342592592591 0.53475 0.007104796296296296 0.5395 0.00888099537037037 0.54475 0.00666074537037037 0.5465 0.007104796296296296 0.55425 0.0053285972222222215 0.55725 0.007548844907407408 0.5599999999999999 0.007548844907407408 0.56425 0.0039964467592592595 0.5705 0.00666074537037037 0.57575 0.004440497685185185 0.5855 0.005772645833333334 0.5882499999999999 0.007104796296296296 0.62425 0.004884546296296296 0.62725 0.011101243055555555 0.6332500000000001 0.011545293981481483 0.63725 0.009769094907407407 0.6407499999999999 0.011545293981481483 0.647 0.011989342592592591 0.6685 0.0217584375 0.6655 0.0266429837962963 0.6715000000000001 0.02531083564814815 0.6777500000000001 0.0217584375 0.6787500000000001 0.024866784722222226 0.68025 0.024866784722222226 0.6845 0.021314386574074074 0.6855000000000001 0.025754884259259262 0.69 0.025754884259259262 0.7 0.023534636574074078 0.7005 0.023090585648148147 0.7032499999999999 0.01909413888888889 0.70625 0.025754884259259262 0.711 0.0266429837962963 0.7102499999999999 0.03996447685185185 0.71075 0.041740675925925924 0.708 0.06527531018518519 0.7085 0.06749556018518518 0.712 0.10124334027777777 0.7100000000000001 0.10213143981481482 0.7115 0.1065719351851852 0.7104999999999999 0.10879218518518519 0.7125 0.11190053240740741 0.7115 0.11678508101851852 0.712 0.11900532870370371 0.71075 0.12300177546296297 0.7112499999999999 0.123889875 0.707 0.12744227314814816 0.7045 0.13010657175925924 0.7065 0.13676731712962964 0.7072499999999999 0.1412078148148148 0.701 0.14831261111111113 0.7030000000000001 0.15008881018518516 0.7060000000000001 0.15674955555555556 0.7055 0.16163410416666668 0.7065 0.16429840046296298 0.70575 0.16829484953703702 0.70675 0.1696269976851852 0.7055 0.18738898842592594 0.7072499999999999 0.19227353472222222 0.71075 0.19316163425925925 0.7102499999999999 0.19760213194444443 0.712 0.19715808101851853 0.7135 0.19849023148148148 0.71375 0.22735346296296297 0.7130000000000001 0.2304618125 0.711 0.23445825925925926 0.7115 0.23623445833333334 0.7065 0.23934280555555554 0.705 0.24733570138888888 0.70775 0.2482238009259259 0.71075 0.2548845462962963 0.712 0.2562166967592593 0.7090000000000001 0.25888099537037035 0.7085 0.2650976898148148 0.71375 0.27575488425925926 0.7145 0.2824156296296296 0.7142499999999999 0.28552397916666666 0.7125 0.29218472453703703 0.712 0.37921847222222227 0.7125 0.38055062268518514 0.71325 0.38055062268518514 0.71225 0.38454706944444444 0.71075 0.3863232685185185 0.7125 0.3907637662037037 0.71325 0.39387211342592593 0.71275 0.39653641203703704 0.71075 0.4009769097222222 0.711 0.4031971574074074 0.7085 0.40719360648148145 0.7075 0.4147424513888889 0.711 0.42140319675925925 0.71225 0.4249555949074074 0.71175 0.4320603912037037 0.7135 0.5048845462962963 0.7135 0.5119893425925925 0.71225 0.5155417407407408 0.71325 0.5230905856481481 0.71075 0.5261989351851851 0.71175 0.5288632337962963 0.7102499999999999 0.5328596805555555 0.7130000000000001 0.5373001782407407 0.71175 0.5510657199074074 0.714 0.5603907638888889 0.714 0.562166962962963 0.7130000000000001 0.5714920069444445 0.7125 0.5723801064814814 0.7135 0.5812611018518519 0.7145 0.6252220254629629 0.715 0.6305506226851852 0.71375 0.6341030185185185 0.7115 0.6407637662037038 0.71375 0.6483126111111112 0.71275 0.6505328587962963 0.71375 0.6820603912037037 0.7145 0.687833037037037 0.7115 0.690053287037037 0.7115 0.6922735347222222 0.71325 0.6993783310185185 0.7145 0.7082593240740741 0.71375 0.728685613425926 0.7145 0.7406749560185185 0.71275 0.7650976898148149 0.7155 0.7748667847222223 0.7125 0.7815275300925926 0.71375 0.7966252222222222 0.7135 0.7988454699074075 0.7112499999999999 0.8010657199074074 0.7112499999999999 0.8032859675925926 0.71325 0.8063943171296296 0.712 0.8201598587962963 0.7112499999999999 0.8241563055555555 0.71375 0.8312611018518519 0.7135 0.8370337476851851 0.71475 0.8463587916666667 0.71475 0.854795736111111 0.71325 0.9151865 0.7135 0.916518650462963 0.712 0.9218472476851851 0.71275 0.9316163402777777 0.7115 0.9347246898148148 0.7135 0.939609236111111 0.71225 0.9427175833333332 0.714 0.9467140324074074 0.711 0.956483125 0.7115 0.957815275462963 0.7097500000000001 0.9675843703703704 0.7097500000000001 0.9702486689814814 0.71325 0.9715808171296296 0.7112499999999999 0.9835701597222223 0.7104999999999999 0.9875666064814815 0.714 0.9911190046296297 0.7135 0.9897868564814815 0.7097500000000001 0.9920071041666667 0.7027500000000001 0.9946714027777778 0.7 0.9911190046296297 0.6295000000000001 0.9880106574074075 0.62275 0.9849023101851851 0.61975 0.9897868564814815 0.6164999999999999 0.9915630555555555 0.60575 0.9915630555555555 0.5985 0.9893428055555555 0.5957499999999999 0.9888987569444445 0.5910000000000001 0.9915630555555555 0.571 0.9844582592592593 0.366 0.9813499120370369 0.33825 0.979129662037037 0.3355 0.9809058611111111 0.33175 0.979129662037037 0.32775 0.9813499120370369 0.32525000000000004 0.979129662037037 0.32175000000000004 0.9809058611111111 0.31825000000000003 0.9804618125 0.28250000000000003 0.9760213148148148 0.22025 0.9742451157407408 0.2175 0.9751332152777777 0.2065 0.9693605694444444 0.19774999999999998 0.9658081712962963 0.19599999999999998 0.9653641203703704 0.1935 0.9471580810185185 0.18175000000000002 0.9458259328703704 0.17875 0.9307282407407407 0.17575000000000002 0.9285079930555555 0.1735 0.9151865 0.17125 0.8992007106481481 0.1705 0.8623445833333334 0.171 0.8587921851851852 0.17200000000000001 0.856127886574074 0.17650000000000002 0.8534635879629631 0.17625 0.8463587916666667 0.17125 0.8410301944444444 0.17149999999999999 0.8383658958333333 0.1705 0.8277087037037036 0.17149999999999999 0.8174955601851851 0.17074999999999999 0.8015097685185185 0.17149999999999999 0.7544404976851852 0.17125 0.7402309050925925 0.17025 0.7309058611111111 0.17125 0.6856127893518519 0.17225000000000001 0.6714031967592592 0.17125 0.6341030185185185 0.17149999999999999 0.6261101250000001 0.17275 0.623001775462963 0.17225000000000001 0.6198934282407408 0.1735 0.6127886319444444 0.17174999999999999 0.5079928958333334 0.17174999999999999 0.48134991203703703 0.1735 0.4138543518518518 0.17225000000000001 0.3863232685185185 0.1745 0.38232682175925925 0.17575000000000002 0.3601243333333333 0.17375000000000002 0.33969804629629635 0.17475000000000002 0.27575488425925926 0.17475000000000002 0.2619893425925926 0.17575000000000002 0.2575488449074074 0.17750000000000002 0.250888099537037 0.17675 0.2482238009259259 0.175 0.2402309050925926 0.17475000000000002 0.08170515046296296 0.17825000000000002 0.07904085185185185 0.17925000000000002 0.05239786805555555 0.18175000000000002 0.024866784722222226 0.1945 0.017761988425925926 0.21025000000000002 0.01687388888888889 0.21125000000000002 0.011989342592592591 0.21 0.011989342592592591 0.21175 0.013765541666666667 0.21225 0.011545293981481483 0.21375 0.009769094907407407 0.22025 0.012877442129629631 0.22799999999999998 0.011545293981481483 0.23 0.008436944444444445 0.29375 0.015097689814814816 0.2985 0.014209592592592591 0.304 0.016429840277777778 0.30625 0.013765541666666667 0.31125 0.01687388888888889 0.3145 0.011101243055555555 0.32049999999999995 0.009769094907407407 0.3305 0.007104796296296296 0.335 0.007548844907407408 0.4325 0.009769094907407407 0.4345 0.009769094907407407 0.43674999999999997 0.00666074537037037 0.43975000000000003
12 0 0.732055 0.999555951388889 0.732055 0.999555951388889 0.63861 0 0.63861 0 0.732055
13 0.37255772685185184 0.26375 0.3872113680555555 0.26475 0.39431616435185185 0.26325 0.4031971574074074 0.25925 0.40896980555555557 0.25275000000000003 0.41030195370370365 0.2465 0.4076376550925926 0.23975000000000002 0.39742451157407405 0.23475000000000001 0.3903197152777778 0.2335 0.36944937731481486 0.23475000000000001 0.3610124328703704 0.23825000000000002 0.3570159861111111 0.24125 0.35612788657407407 0.24425000000000002 0.355239787037037 0.248 0.3605683842592593 0.2575 0.36856127777777775 0.26275 0.37255772685185184 0.26375
13 0.5777087037037036 0.26075000000000004 0.5865896990740741 0.26225 0.5883658958333333 0.264 0.5954706921296297 0.26475 0.6123445833333334 0.2595 0.6185612777777778 0.2555 0.6221136759259259 0.24825 0.6207815277777777 0.241 0.6167850810185186 0.236 0.6087921851851852 0.232 0.5954706921296297 0.22974999999999998 0.5812611018518519 0.23074999999999998 0.5719360578703704 0.23375 0.5670515092592593 0.23800000000000002 0.5652753101851852 0.24125 0.5666074606481482 0.25225 0.5697158078703703 0.25675 0.5777087037037036 0.26075000000000004
13 0.7211367662037037 0.3165 0.7260213148148148 0.31349999999999995 0.7269094143518517 0.31024999999999997 0.7295737129629629 0.3085 0.7309058611111111 0.303 0.7264653634259259 0.29675 0.7198046180555556 0.2925 0.7100355231481481 0.28925 0.7020426296296297 0.288 0.6887211365740741 0.29175 0.6811722916666667 0.29575 0.6771758425925926 0.305 0.6771758425925926 0.31075 0.6820603912037037 0.31625000000000003 0.7069271759259259 0.31925 0.7211367662037037 0.3165
13 0.2748667847222222 0.32225 0.27930728240740743 0.3245 0.28197158101851855 0.32425 0.28507992824074074 0.32275 0.28996447685185184 0.3225 0.3015097685185185 0.31775 0.3015097685185185 0.31575 0.3037300185185185 0.3145 0.3037300185185185 0.30025 0.29973356944444446 0.3005 0.29706927083333334 0.29625 0.2824156296296296 0.293 0.27353463657407406 0.295 0.2655417407407408 0.29525 0.2548845462962963 0.30124999999999996 0.25177619907407406 0.30375 0.2535523981481482 0.315 0.26820603935185183 0.32225 0.2748667847222222 0.32225
13 0.5088809953703703 0.3175 0.5159857893518518 0.31275000000000003 0.519982238425926 0.30775 0.5190941388888889 0.30100000000000005 0.5142095925925926 0.297 0.5075488449074074 0.29275 0.4955595023148148 0.29 0.4871225578703704 0.28975 0.4698046180555555 0.29325 0.4600355231481481 0.3 0.458703375 0.3035 0.4591474236111111 0.318 0.4835701597222222 0.32175000000000004 0.4968916527777778 0.32125 0.5088809953703703 0.3175
13 0.1727353472222222 0.38475 0.18072824074074076 0.38325 0.18872113657407408 0.38075000000000003 0.19760213194444443 0.37375 0.19982237962962962 0.36774999999999997 0.1993783310185185 0.36275 0.19227353472222222 0.35675 0.1798401412037037 0.35125 0.16918294907407408 0.35100000000000003 0.1598579050925926 0.3525 0.15186500925925925 0.356 0.14342806481481482 0.36350000000000005 0.1429840138888889 0.36975 0.14609236342592594 0.37525000000000003 0.15763765509259262 0.38375 0.1727353472222222 0.38475
13 0.37921847222222227 0.38175 0.4014209583333333 0.37825 0.40896980555555557 0.3715 0.41030195370370365 0.3645 0.4067495555555556 0.356 0.39520426388888885 0.35125 0.38365896990740744 0.35 0.36944937731481486 0.35174999999999995 0.3619005324074074 0.35524999999999995 0.3570159861111111 0.3605 0.35612788657407407 0.36625 0.3614564837962963 0.37474999999999997 0.3658969814814815 0.37775 0.37921847222222227 0.38175
13 0.580817050925926 0.378 0.6007992893518519 0.379 0.6092362337962962 0.37775 0.6154529305555556 0.37575000000000003 0.6234458263888889 0.36975 0.6247779745370371 0.3655 0.6221136759259259 0.35800000000000004 0.6181172291666667 0.35425 0.6092362337962962 0.34975 0.5959147430555555 0.34925 0.5905861458333334 0.35 0.5781527523148148 0.3525 0.5719360578703704 0.35575 0.5688277083333333 0.35925 0.5701598587962963 0.368 0.5741563055555555 0.375 0.580817050925926 0.378
13 0.8068383657407407 0.37925000000000003 0.8206039074074073 0.37925000000000003 0.8281527523148149 0.378 0.8352575486111111 0.3745 0.8392539953703704 0.3695 0.8374777986111112 0.35925 0.8343694490740741 0.3555 0.8246003541666667 0.34925 0.811722912037037 0.3465 0.7864120787037037 0.34824999999999995 0.7837477800925926 0.3535 0.7850799282407408 0.373 0.7864120787037037 0.37575000000000003 0.789520425925926 0.3775 0.8068383657407407 0.37925000000000003
13 0.7029307291666667 0.43975000000000003 0.7215808171296296 0.436 0.7309058611111111 0.4305 0.7326820601851851 0.42600000000000005 0.7309058611111111 0.413 0.729129662037037 0.40975 0.7246891643518518 0.408 0.7002664305555556 0.40575 0.6785079930555555 0.41025 0.6753996458333333 0.41200000000000003 0.6709591481481482 0.41774999999999995 0.6714031967592592 0.43425 0.6718472476851851 0.4355 0.6776198935185185 0.43775000000000003 0.7029307291666667 0.43975000000000003
13 0.4902309050925926 0.43975000000000003 0.5079928958333334 0.436 0.5142095925925926 0.4325 0.5190941388888889 0.42624999999999996 0.518650087962963 0.42124999999999996 0.5119893425925925 0.41325 0.5053285972222222 0.41050000000000003 0.4977797523148148 0.40925 0.4902309050925926 0.409 0.4733570162037037 0.41225 0.46847246990740743 0.41625 0.46625221990740745 0.42100000000000004 0.4658081712962963 0.42875 0.46847246990740743 0.43225 0.4751332152777778 0.43650000000000005 0.4902309050925926 0.43975000000000003
13 0.2717584375 0.44275 0.2846358796296296 0.44225 0.2952930717592593 0.44 0.30417406712962963 0.43275 0.3050621666666667 0.425 0.3028419189814815 0.41975 0.3001776203703703 0.41625 0.28996447685185184 0.41200000000000003 0.27930728240740743 0.41000000000000003 0.27220248611111114 0.41000000000000003 0.2655417407407408 0.41125 0.2575488449074074 0.415 0.25177619907407406 0.4215 0.25177619907407406 0.42925 0.2544404976851852 0.43475 0.2619893425925926 0.43975000000000003 0.2717584375 0.44275
13 0.17095914814814817 0.5025000000000001 0.17850799305555556 0.50175 0.18916518750000003 0.4975 0.1962699814814815 0.4925 0.1989342800925926 0.48825 0.1989342800925926 0.48425 0.19493783333333334 0.4775 0.18827708796296297 0.47300000000000003 0.17539964583333334 0.46925 0.16696269907407407 0.46950000000000003 0.15142095833333333 0.47375 0.1429840138888889 0.48075 0.14253996527777776 0.48775 0.14875665972222224 0.49550000000000005 0.1580817060185185 0.50025 0.17095914814814817 0.5025000000000001
13 0.38765541666666664 0.5005000000000001 0.39698046296296297 0.49924999999999997 0.40630550694444445 0.495 0.41119005324074076 0.48975 0.41207815277777776 0.48350000000000004 0.40896980555555557 0.477 0.39742451157407405 0.47025 0.38321491898148147 0.46925 0.37033747685185187 0.47100000000000003 0.3614564837962963 0.47525 0.3574600347222222 0.48075 0.35790408564814813 0.489 0.3650088819444445 0.49525 0.373889875 0.4995 0.38765541666666664 0.5005000000000001
13 0.5888099467592592 0.4995 0.5990230902777779 0.5 0.6110124328703704 0.498 0.6203374768518519 0.493 0.624333925925926 0.4875 0.625666074074074 0.4805 0.6198934282407408 0.47300000000000003 0.6096802847222222 0.46799999999999997 0.5932504444444445 0.46675 0.5812611018518519 0.46849999999999997 0.5732682060185185 0.47225 0.5692717592592592 0.477 0.5683836597222223 0.488 0.5732682060185185 0.49325 0.5803730023148148 0.497 0.5888099467592592 0.4995
13 0.8108348125 0.49924999999999997 0.8188277083333333 0.49900000000000005 0.8281527523148149 0.497 0.8361456481481482 0.4935 0.8405861458333334 0.4855 0.8396980462962963 0.47775 0.8348135 0.47225 0.8285968032407408 0.46900000000000003 0.8183836597222223 0.4675 0.8037300185185186 0.4675 0.7930728240740741 0.47 0.7886323263888889 0.47250000000000003 0.7846358796296296 0.477 0.7833037291666666 0.48775 0.7855239791666667 0.49125 0.7992895208333333 0.497 0.8108348125 0.49924999999999997
13 0.6971580810185185 0.5595 0.7144760208333333 0.55925 0.7269094143518517 0.5545 0.7317939606481482 0.549 0.7340142106481481 0.54325 0.7309058611111111 0.53575 0.7242451157407408 0.53025 0.7166962708333334 0.528 0.7109236226851853 0.5275 0.6927175833333332 0.52775 0.6865008888888888 0.5295 0.6767317939814815 0.5365 0.6758436944444445 0.54625 0.6780639421296297 0.55025 0.690941386574074 0.55825 0.6971580810185185 0.5595
13 0.4831261111111111 0.5575 0.49467140277777777 0.55825 0.5053285972222222 0.5569999999999999 0.5155417407407408 0.551 0.518650087962963 0.54675 0.5190941388888889 0.542 0.5164298402777777 0.53725 0.5111012430555556 0.5317500000000001 0.5013321481481482 0.52775 0.4840142106481482 0.52725 0.4755772638888889 0.5287499999999999 0.46714031944444445 0.5335 0.46314387268518514 0.5395 0.4626998217592593 0.54325 0.46802841898148145 0.55075 0.477353462962963 0.55625 0.4831261111111111 0.5575
13 0.2655417407407408 0.5599999999999999 0.27797513425925924 0.56175 0.2864120787037037 0.56125 0.29751332175925926 0.55675 0.3037300185185185 0.55025 0.3050621666666667 0.547 0.30417406712962963 0.54175 0.29662522222222226 0.532 0.2797513310185185 0.52925 0.26820603935185183 0.52975 0.2584369444444445 0.53275 0.25133214814814814 0.53975 0.2504440486111111 0.54775 0.2548845462962963 0.5549999999999999 0.2602131435185185 0.55875 0.2655417407407408 0.5599999999999999
13 0.37255772685185184 0.61875 0.38365896990740744 0.62 0.39431616435185185 0.61975 0.4036412083333334 0.6167499999999999 0.4107460046296296 0.6104999999999999 0.41207815277777776 0.605 0.40941385416666665 0.59775 0.4049733564814815 0.5932499999999999 0.39387211342592593 0.58875 0.3863232685185185 0.588 0.36989342824074073 0.58975 0.36234458333333336 0.594 0.35790408564814813 0.6 0.3574600347222222 0.606 0.3601243333333333 0.6122500000000001 0.36634103009259256 0.6167499999999999 0.37255772685185184 0.61875
13 0.5821492013888888 0.6162500000000001 0.5839254004629629 0.6195 0.5914742453703704 0.6215 0.6123445833333334 0.62175 0.6194493773148148 0.619 0.6261101250000001 0.613 0.6309946712962963 0.606 0.6296625231481481 0.59875 0.6234458263888889 0.593 0.6194493773148148 0.59075 0.6105683842592592 0.5882499999999999 0.6021314398148149 0.58725 0.5843694490740741 0.5885 0.5785968032407408 0.5895 0.5746003541666667 0.592 0.5728241574074074 0.6027499999999999 0.5750444050925926 0.61125 0.5781527523148148 0.6152500000000001 0.5821492013888888 0.6162500000000001