6 0.37037037037037035 0.37037037037037035 0.375 0.3726851851851852 0.38425925925925924 0.38425925925925924 0.3958333333333333 0.3888888888888889 0.43287037037037035 0.3888888888888889 0.4351851851851852 0.38657407407407407 0.4351851851851852 0.375 0.4375 0.3726851851851852 0.44212962962962965 0.37037037037037035 0.4699074074074074 0.37037037037037035 0.47453703703703703 0.3726851851851852 0.47453703703703703 0.38425925925925924 0.4791666666666667 0.3888888888888889 0.5208333333333334 0.3888888888888889 0.5231481481481481 0.3912037037037037 0.5324074074074074 0.3912037037037037 0.5347222222222222 0.39351851851851855 0.5486111111111112 0.3958333333333333 0.5578703703703703 0.4027777777777778 0.5648148148148148 0.4050925925925926 0.5648148148148148 0.4074074074074074 0.5740740740740741 0.4166666666666667 0.5763888888888888 0.4305555555555556 0.5717592592592593 0.44212962962962965 0.5625 0.4513888888888889 0.5555555555555556 0.4537037037037037 0.5462962962962963 0.46064814814814814 0.5300925925925926 0.46296296296296297 0.5277777777777778 0.4652777777777778 0.5138888888888888 0.4652777777777778 0.5115740740740741 0.4675925925925926 0.5 0.4675925925925926 0.4976851851851852 0.4652777777777778 0.49074074074074076 0.4675925925925926 0.4861111111111111 0.4652777777777778 0.4837962962962963 0.4675925925925926 0.4791666666666667 0.4675925925925926 0.47685185185185186 0.4699074074074074 0.47685185185185186 0.48148148148148145 0.4722222222222222 0.48148148148148145 0.4699074074074074 0.4837962962962963 0.4583333333333333 0.4837962962962963 0.45601851851851855 0.48148148148148145 0.4537037037037037 0.4837962962962963 0.44675925925925924 0.4837962962962963 0.4444444444444444 0.48148148148148145 0.4375 0.48148148148148145 0.4375 0.4722222222222222 0.43287037037037035 0.4675925925925926 0.41435185185185186 0.4675925925925926 0.41203703703703703 0.4652777777777778 0.4074074074074074 0.4675925925925926 0.39814814814814814 0.4675925925925926 0.3888888888888889 0.4722222222222222 0.3773148148148148 0.4837962962962963 0.33796296296296297 0.4837962962962963 0.3402777777777778 0.4722222222222222 0.35185185185185186 0.46064814814814814 0.36342592592592593 0.4537037037037037 0.3680555555555556 0.4537037037037037 0.3773148148148148 0.44907407407407407 0.38657407407407407 0.44907407407407407 0.3888888888888889 0.44675925925925924 0.43287037037037035 0.44675925925925924 0.4375 0.44212962962962965 0.4375 0.41435185185185186 0.43287037037037035 0.4097222222222222 0.4305555555555556 0.41203703703703703 0.3819444444444444 0.4097222222222222 0.37962962962962965 0.4074074074074074 0.3726851851851852 0.4074074074074074 0.34953703703703703 0.3958333333333333 0.3402777777777778 0.38657407407407407 0.33564814814814814 0.375 0.33796296296296297 0.37037037037037035 0.3680555555555556 0.37037037037037035
11 0.15364120833333333 0.7314999999999999 0.15630550694444445 0.7482500000000001 0.1603019537037037 0.75291675 0.16119005324074073 0.757 0.16341030092592593 0.75675 0.16873889814814816 0.7605 0.17406749537037036 0.762 0.18561278935185185 0.76175 0.18872113657407408 0.76075 0.19271758333333333 0.76175 0.20825932407407408 0.76025 0.2131438726851852 0.7615000000000001 0.22424511574074074 0.761 0.23445825925925926 0.762 0.25799289583333335 0.76 0.3521314398148148 0.7582500000000001 0.36678508101851853 0.75625 0.3743339259259259 0.75675 0.37966252314814813 0.7557499999999999 0.38676731712962964 0.7565 0.5781527523148148 0.75225 0.6585257546296297 0.7515000000000001 0.6714031967592592 0.75025 0.7002664305555556 0.7519999999999999 0.7300177615740742 0.7515000000000001 0.7437833032407407 0.75025 0.7628774421296297 0.751 0.7828596805555555 0.75 0.9071936064814815 0.7494999999999999 0.9271758425925926 0.7487499999999999 0.940941386574074 0.747 0.9702486689814814 0.7475 0.9751332152777777 0.745 0.979129662037037 0.74475 0.9871225578703703 0.7465 0.999555951388889 0.746 0.999555951388889 0.23775 0.9924511550925926 0.23675 0.9058614560185185 0.23650000000000002 0.8507992893518519 0.2375 0.8428063935185185 0.2385 0.8379218472222222 0.23725000000000002 0.831705150462963 0.24025 0.8241563055555555 0.2405 0.8206039074074073 0.23875 0.8183836597222223 0.2405 0.8130550624999999 0.24000000000000002 0.810390763888889 0.23825000000000002 0.8059502662037038 0.23900000000000002 0.8032859675925926 0.23775 0.7997335694444444 0.23900000000000002 0.7961811712962963 0.2375 0.7881882777777778 0.241 0.7690941388888889 0.23925 0.7597690949074075 0.2405 0.7477797523148149 0.23975000000000002 0.7411190046296297 0.23775 0.7331261111111111 0.2395 0.727353462962963 0.23800000000000002 0.6709591481481482 0.23925 0.66740675 0.24000000000000002 0.646980462962963 0.23925 0.643872113425926 0.23775 0.6425399652777778 0.2385 0.3516873888888889 0.23825000000000002 0.3450266435185185 0.23975000000000002 0.3383658958333334 0.2385 0.31039076388888887 0.23900000000000002 0.3055062175925926 0.24000000000000002 0.3037300185185185 0.24150000000000002 0.30062166898148146 0.2405 0.29662522222222226 0.241 0.2939609236111111 0.24000000000000002 0.2837477800925926 0.2395 0.2690941388888889 0.2395 0.26287744212962966 0.241 0.2526642986111111 0.23925 0.24156305555555554 0.23875 0.23134991203703703 0.2395 0.21269982175925928 0.23900000000000002 0.19760213194444443 0.24075000000000002 0.18827708796296297 0.24025 0.18206039120370368 0.241 0.16119005324074073 0.2465 0.1527531087962963 0.25325 0.15142095833333333 0.260625 0.1445381875 0.263 0.13721136805555556 0.26325 0.1332149189814815 0.26925 0.12966252314814813 0.27875 0.12966252314814813 0.295 0.14342806481481482 0.5655 0.15364120833333333 0.7314999999999999
12 0.9999977800925925 0.68050125 0.1474622546296296 0.68050125 0.1474622546296296 0.76696875 0.9999977800925925 0.76696875 0.9999977800925925 0.68050125
13 0.5062166967592593 0.33 0.5155417407407408 0.3285 0.520870337962963 0.32575 0.5279751342592592 0.318 0.5288632337962963 0.31 0.5270870347222222 0.306 0.520426287037037 0.3 0.5133214930555555 0.29725 0.5008880995370371 0.2965 0.4880106574074074 0.29875 0.4809058611111111 0.303 0.47690941435185186 0.30975 0.4764653634259259 0.3145 0.48134991203703703 0.32399999999999995 0.49422735416666663 0.32925 0.5062166967592593 0.33
13 0.6922735347222222 0.3265 0.7135879212962963 0.32725000000000004 0.7277975138888889 0.3195 0.7309058611111111 0.31150000000000005 0.7295737129629629 0.30625 0.7233570162037037 0.2995 0.7144760208333333 0.296 0.7020426296296297 0.29550000000000004 0.6936056828703704 0.2965 0.6851687384259258 0.30025 0.6785079930555555 0.30725 0.6785079930555555 0.3145 0.6816163402777777 0.31975000000000003 0.6851687384259258 0.32375000000000004 0.6922735347222222 0.3265
13 0.7961811712962963 0.38325 0.7997335694444444 0.38475 0.8112788634259259 0.3845 0.8201598587962963 0.38225000000000003 0.8254884537037037 0.37925000000000003 0.8299289513888889 0.373 0.8303730023148148 0.36574999999999996 0.8241563055555555 0.3575 0.8139431620370371 0.35300000000000004 0.8072824166666668 0.352 0.7997335694444444 0.35225 0.7899644768518519 0.35425 0.7841918287037037 0.35775 0.7788632337962963 0.3645 0.7784191828703704 0.368 0.7815275300925926 0.377 0.789520425925926 0.38275000000000003 0.7961811712962963 0.38325
13 0.6065719351851853 0.386 0.6158969814814815 0.38475 0.625666074074074 0.38 0.6301065717592592 0.37525000000000003 0.6309946712962963 0.3665 0.6287744236111111 0.36275 0.6221136759259259 0.35775 0.6158969814814815 0.35524999999999995 0.6083481342592593 0.35450000000000004 0.5919182939814815 0.35500000000000004 0.5848135 0.359 0.5794849027777778 0.3655 0.5790408518518518 0.37375 0.580817050925926 0.37775 0.5923623449074074 0.385 0.6065719351851853 0.386
13 0.4000888101851852 0.386 0.41119005324074076 0.38575000000000004 0.41785079861111113 0.38475 0.42406749537037036 0.3815 0.4289520416666666 0.37375 0.4289520416666666 0.36924999999999997 0.4258436944444444 0.36374999999999996 0.41829484953703705 0.35775 0.4018650092592593 0.3555 0.39387211342592593 0.35575 0.38321491898148147 0.361 0.37833037268518516 0.36675 0.37833037268518516 0.37424999999999997 0.38365896990740744 0.37975 0.3907637662037037 0.38375 0.4000888101851852 0.386
13 0.29751332175925926 0.44475000000000003 0.3134991111111111 0.4445 0.3241563055555556 0.4405 0.3303730023148148 0.43575 0.33170515046296295 0.42875 0.32859680324074075 0.42175 0.3237122546296296 0.41825 0.3068383657407407 0.41424999999999995 0.2930728240740741 0.41475 0.2864120787037037 0.41725 0.28019538194444443 0.42175 0.2784191828703704 0.425 0.2784191828703704 0.43275 0.28285968055555555 0.439 0.2868561273148148 0.44199999999999995 0.29751332175925926 0.44475000000000003
13 0.49422735416666663 0.44275 0.5159857893518518 0.443 0.5284191828703704 0.4375 0.5333037291666667 0.4325 0.5337477800925926 0.42624999999999996 0.5310834814814815 0.42175 0.5217584375 0.41525 0.5146536412037037 0.41325 0.501776199074074 0.41275 0.49378330324074077 0.41424999999999995 0.4880106574074074 0.41625 0.4809058611111111 0.42075 0.479573712962963 0.42375 0.47912966203703705 0.42875 0.48179396064814817 0.4345 0.4871225578703704 0.44 0.49422735416666663 0.44275
13 0.6922735347222222 0.44025 0.7033747777777778 0.4415 0.7144760208333333 0.441 0.7238010648148148 0.43825000000000003 0.729129662037037 0.4335 0.7313499120370369 0.429 0.7304618125 0.4215 0.7242451157407408 0.4145 0.7140319722222223 0.41125 0.7038188287037037 0.41025 0.6931616342592593 0.41125 0.6851687384259258 0.41575 0.6807282407407407 0.4215 0.6793960925925927 0.42525 0.6807282407407407 0.43225 0.6851687384259258 0.437 0.6922735347222222 0.44025
13 0.8872113680555556 0.43724999999999997 0.8974245115740741 0.43975000000000003 0.9049733564814815 0.44 0.918294849537037 0.438 0.9249555949074074 0.43425 0.9293960925925927 0.42674999999999996 0.9293960925925927 0.42075 0.9258436944444445 0.41475 0.916962699074074 0.41025 0.9058614560185185 0.40825 0.8903197152777778 0.40975 0.8827708703703704 0.41375 0.8792184722222223 0.4185 0.8783303726851851 0.42624999999999996 0.8801065717592592 0.43174999999999997 0.8832149189814814 0.4355 0.8872113680555556 0.43724999999999997
13 0.8015097685185185 0.49624999999999997 0.8130550624999999 0.49624999999999997 0.8210479583333333 0.49424999999999997 0.8281527523148149 0.489 0.8312611018518519 0.48125 0.8303730023148148 0.47725 0.8241563055555555 0.47025 0.8174955601851851 0.46775000000000005 0.811722912037037 0.46649999999999997 0.7899644768518519 0.46649999999999997 0.7833037291666666 0.472 0.7801953819444444 0.47725 0.7810834814814815 0.488 0.7841918287037037 0.4915 0.789520425925926 0.4945 0.8015097685185185 0.49624999999999997
13 0.625666074074074 0.49475 0.6323268217592592 0.488 0.6332149189814814 0.48425 0.6305506226851852 0.47625 0.6274422731481482 0.47324999999999995 0.6198934282407408 0.46950000000000003 0.6096802847222222 0.46799999999999997 0.5968028425925925 0.46875 0.5874777986111112 0.47275 0.580817050925926 0.48000000000000004 0.580817050925926 0.48775 0.5879218472222222 0.49475 0.6056838356481481 0.4985 0.625666074074074 0.49475
13 0.4014209583333333 0.50025 0.4076376550925926 0.50175 0.4147424513888889 0.50075 0.42539964583333334 0.496 0.4325044398148148 0.49125 0.43472468981481477 0.484 0.4262877453703704 0.47425 0.41785079861111113 0.47025 0.41119005324074076 0.46925 0.39920071064814816 0.47025 0.3880994675925926 0.47525 0.3841030185185185 0.47925 0.38055062268518514 0.48425 0.38321491898148147 0.491 0.3872113680555555 0.49525 0.4014209583333333 0.50025
13 0.5093250439814815 0.55375 0.5288632337962963 0.5499999999999999 0.5324156296296296 0.5479999999999999 0.5350799282407407 0.5415 0.5324156296296296 0.533 0.5261989351851851 0.5287499999999999 0.5155417407407408 0.52525 0.5013321481481482 0.525 0.49422735416666663 0.527 0.48623445833333334 0.532 0.4831261111111111 0.53625 0.4835701597222222 0.5437500000000001 0.49111900462962965 0.551 0.4955595023148148 0.5525 0.5093250439814815 0.55375
13 0.30328596759259263 0.55775 0.309946712962963 0.5585 0.3183836597222222 0.55775 0.33214920138888887 0.5505 0.3361456481481482 0.54625 0.33658969907407404 0.5407500000000001 0.333925400462963 0.5355 0.32815275231481483 0.5307499999999999 0.3206039074074074 0.52825 0.30639431712962967 0.5275 0.29662522222222226 0.5287499999999999 0.28907637731481484 0.5315 0.28285968055555555 0.53775 0.28197158101851855 0.544 0.2864120787037037 0.5515 0.290408525462963 0.55375 0.30328596759259263 0.55775
13 0.7024866782407407 0.55225 0.7135879212962963 0.552 0.7233570162037037 0.55025 0.728685613425926 0.547 0.7317939606481482 0.54275 0.7322380115740741 0.5345 0.728685613425926 0.5287499999999999 0.7238010648148148 0.5255 0.7113676736111111 0.52275 0.7060390763888889 0.52225 0.689609236111111 0.5255 0.6851687384259258 0.52925 0.6811722916666667 0.53575 0.6811722916666667 0.542 0.6856127893518519 0.54775 0.6927175833333332 0.55075 0.7024866782407407 0.55225
13 0.8867673171296296 0.5485 0.8974245115740741 0.55125 0.9085257546296297 0.551 0.9178507986111112 0.549 0.9249555949074074 0.54475 0.9289520416666667 0.53925 0.9298401412037037 0.53225 0.9253996458333333 0.5257499999999999 0.9160745995370371 0.5215000000000001 0.9040852569444445 0.51975 0.8872113680555556 0.522 0.8796625231481481 0.53 0.8787744236111111 0.53775 0.8801065717592592 0.54275 0.8827708703703704 0.54675 0.8867673171296296 0.5485
13 0.8077264652777778 0.607 0.8192717592592593 0.60575 0.8263765532407407 0.6022500000000001 0.8299289513888889 0.598 0.831705150462963 0.5912499999999999 0.8285968032407408 0.5840000000000001 0.8223801064814815 0.5792499999999999 0.8134991111111112 0.5770000000000001 0.8068383657407407 0.5770000000000001 0.8001776203703704 0.57875 0.7939609236111111 0.579 0.7859680277777777 0.582 0.7824156296296296 0.5865 0.7824156296296296 0.59925 0.789520425925926 0.60425 0.8001776203703704 0.60675 0.8077264652777778 0.607
13 0.604795736111111 0.608 0.6167850810185186 0.6075 0.6283303726851851 0.6052500000000001 0.6327708703703704 0.60175 0.6345470694444444 0.5975 0.6327708703703704 0.5882499999999999 0.626998224537037 0.5825 0.6198934282407408 0.5805 0.6087921851851852 0.57975 0.6025754884259259 0.581 0.5985790416666666 0.58075 0.5914742453703704 0.58275 0.5879218472222222 0.5855 0.5843694490740741 0.5915 0.5852575486111111 0.59975 0.5883658958333333 0.6034999999999999 0.5941385439814815 0.6064999999999999 0.604795736111111 0.608
13 0.4009769097222222 0.611 0.4076376550925926 0.6122500000000001 0.4147424513888889 0.6122500000000001 0.42184724768518517 0.61075 0.4320603912037037 0.60675 0.437833037037037 0.60175 0.4387211365740741 0.5950000000000001 0.4356127893518518 0.59 0.43383659027777777 0.58775 0.4249555949074074 0.583 0.4107460046296296 0.5815 0.39742451157407405 0.5835 0.3898756666666667 0.588 0.38587921759259264 0.592 0.38454706944444444 0.596 0.3872113680555555 0.6034999999999999 0.3929840138888889 0.60775 0.4009769097222222 0.611
13 0.5164298402777777 0.6652499999999999 0.5288632337962963 0.66275 0.5359680277777777 0.6582499999999999 0.5381882777777778 0.6545000000000001 0.5368561273148148 0.6472500000000001 0.5328596805555555 0.6415 0.5222024861111111 0.637 0.5079928958333334 0.6365000000000001 0.49600355324074075 0.639 0.4893428055555556 0.6445 0.4871225578703704 0.64925 0.4880106574074074 0.65525 0.49378330324074077 0.6615 0.5088809953703703 0.6655 0.5164298402777777 0.6652499999999999
13 0.7113676736111111 0.6635 0.7233570162037037 0.66175 0.7309058611111111 0.6577500000000001 0.7340142106481481 0.6545000000000001 0.7349023101851851 0.6472500000000001 0.7326820601851851 0.64275 0.7282415624999999 0.6377499999999999 0.7206927175925926 0.6345 0.7118117222222222 0.6337499999999999 0.6962699814814814 0.6355 0.6887211365740741 0.63875 0.6851687384259258 0.644 0.6869449375000001 0.65525 0.6891651875 0.6577500000000001 0.6993783310185185 0.66225 0.7113676736111111 0.6635