10 0.3472222222222222 0.4212962962962963 0.3819444444444444 0.4212962962962963 0.38657407407407407 0.4236111111111111 0.39351851851851855 0.43287037037037035 0.4050925925925926 0.4398148148148148 0.43287037037037035 0.4398148148148148 0.4351851851851852 0.4375 0.4398148148148148 0.4398148148148148 0.44212962962962965 0.4375 0.44212962962962965 0.4236111111111111 0.4444444444444444 0.4212962962962963 0.47685185185185186 0.4212962962962963 0.4791666666666667 0.4236111111111111 0.4791666666666667 0.43287037037037035 0.4837962962962963 0.4375 0.5046296296296297 0.4375 0.5069444444444444 0.4398148148148148 0.5069444444444444 0.4583333333333333 0.48148148148148145 0.4583333333333333 0.4791666666666667 0.46064814814814814 0.4791666666666667 0.47453703703703703 0.47685185185185186 0.47685185185185186 0.4791666666666667 0.49074074074074076 0.48148148148148145 0.4930555555555556 0.5069444444444444 0.4930555555555556 0.5092592592592593 0.49537037037037035 0.5092592592592593 0.5069444444444444 0.5069444444444444 0.5115740740740741 0.49074074074074076 0.5115740740740741 0.48842592592592593 0.5092592592592593 0.4837962962962963 0.5092592592592593 0.4791666666666667 0.5138888888888888 0.4791666666666667 0.5324074074074074 0.47685185185185186 0.5347222222222222 0.47685185185185186 0.5393518518518519 0.46296296296296297 0.5532407407407407 0.44907407407407407 0.5601851851851852 0.4351851851851852 0.5625 0.43287037037037035 0.5648148148148148 0.39814814814814814 0.5648148148148148 0.3958333333333333 0.5625 0.38425925925925924 0.5625 0.3819444444444444 0.5601851851851852 0.37037037037037035 0.5578703703703703 0.36574074074074076 0.5532407407407407 0.3587962962962963 0.5509259259259259 0.34953703703703703 0.5416666666666666 0.34953703703703703 0.5370370370370371 0.3472222222222222 0.5347222222222222 0.3472222222222222 0.5231481481481481 0.35185185185185186 0.5138888888888888 0.3611111111111111 0.5046296296296297 0.3819444444444444 0.49537037037037035 0.3912037037037037 0.49537037037037035 0.39351851851851855 0.4930555555555556 0.4351851851851852 0.4930555555555556 0.4398148148148148 0.49074074074074076 0.4444444444444444 0.4837962962962963 0.4444444444444444 0.47685185185185186 0.44212962962962965 0.47453703703703703 0.4444444444444444 0.4699074074074074 0.44212962962962965 0.4675925925925926 0.44212962962962965 0.46064814814814814 0.43287037037037035 0.45601851851851855 0.42824074074074076 0.45601851851851855 0.42592592592592593 0.4583333333333333 0.4074074074074074 0.4583333333333333 0.4050925925925926 0.45601851851851855 0.3912037037037037 0.45601851851851855 0.3888888888888889 0.4537037037037037 0.3819444444444444 0.4537037037037037 0.375 0.44907407407407407 0.37037037037037035 0.44907407407407407 0.3587962962962963 0.44212962962962965 0.34953703703703703 0.43287037037037035 0.3472222222222222 0.4236111111111111
11 0.03863232638888889 0.41175 0.037300178240740736 0.43125 0.03863232638888889 0.49525 0.04484902314814815 0.49924999999999997 0.04484902314814815 0.50475 0.04751332175925926 0.5115 0.045293071759259264 0.5145000000000001 0.040852576388888895 0.515 0.039520425925925924 0.514 0.03863232638888889 0.5187499999999999 0.04440497222222222 0.724 0.04662522222222222 0.7405 0.045737122685185184 0.7525 0.047069270833333336 0.75425 0.045293071759259264 0.76175 0.045293071759259264 0.78025 0.04662522222222222 0.7825000000000001 0.045737122685185184 0.8045 0.04751332175925926 0.8097500000000001 0.045737122685185184 0.81775 0.047069270833333336 0.82575 0.05062166898148148 0.8280000000000001 0.051953819444444445 0.83125 0.05106571990740741 0.8352499999999999 0.05373001851851852 0.8380000000000001 0.05728241666666666 0.8362499999999999 0.0630550625 0.8385 0.06749556018518518 0.8422499999999999 0.07193605787037037 0.8420000000000001 0.07415630555555557 0.8454999999999999 0.08126110185185186 0.84625 0.08525754861111111 0.8452500000000001 0.08880994675925925 0.846 0.09724689120370371 0.8415 0.1065719351851852 0.8417500000000001 0.1092362337962963 0.8432499999999999 0.11145648379629629 0.8405 0.11412078240740742 0.84025 0.11589698148148148 0.84275 0.12344582638888889 0.8420000000000001 0.1527531087962963 0.8305 0.15763765509259262 0.8315 0.1598579050925926 0.829 0.1647424513888889 0.8292499999999999 0.16740675 0.82725 0.1727353472222222 0.82575 0.1993783310185185 0.82875 0.2131438726851852 0.8277500000000001 0.21669627083333334 0.829 0.2304618125 0.83025 0.24156305555555554 0.82875 0.24911190046296297 0.82975 0.26820603935185183 0.8284999999999999 0.27930728240740743 0.83 0.29751332175925926 0.8292499999999999 0.3023978680555555 0.83025 0.3068383657407407 0.8295 0.3250444050925926 0.83025 0.3401420949074074 0.8295 0.35479573611111115 0.8305 0.3658969814814815 0.8305 0.36989342824074073 0.8295 0.38365896990740744 0.83 0.3929840138888889 0.8282499999999999 0.40719360648148145 0.83025 0.4258436944444444 0.83 0.4342806388888889 0.82875 0.4391651875 0.8295 0.44582593287037037 0.8282499999999999 0.4498223796296297 0.8282499999999999 0.456483125 0.83 0.4666962708333333 0.83 0.4764653634259259 0.8282499999999999 0.49422735416666663 0.8295 0.5026642986111112 0.8282499999999999 0.520870337962963 0.829 0.5328596805555555 0.8282499999999999 0.5457371226851851 0.8292499999999999 0.5923623449074074 0.8284999999999999 0.6141207824074074 0.8295 0.6194493773148148 0.8284999999999999 0.6385435162037036 0.829 0.645204263888889 0.8282499999999999 0.6589698055555556 0.8292499999999999 0.6762877453703703 0.82875 0.6860568379629629 0.8265 0.7029307291666667 0.8282499999999999 0.7202486689814814 0.8282499999999999 0.7238010648148148 0.8270000000000001 0.7340142106481481 0.8270000000000001 0.7566607453703703 0.8284999999999999 0.771314386574074 0.8270000000000001 0.7757548842592592 0.8280000000000001 0.793516875 0.82875 0.8046181180555556 0.8284999999999999 0.8152753101851852 0.8270000000000001 0.8170515092592593 0.8277500000000001 0.8219360578703703 0.82725 0.8428063935185185 0.82875 0.8512433402777778 0.8275 0.8694493773148148 0.8270000000000001 0.8765541736111111 0.825 0.8858792175925926 0.82475 0.8974245115740741 0.8210000000000001 0.9111900532407406 0.8140000000000001 0.918294849537037 0.807 0.9218472476851851 0.80025 0.9258436944444445 0.7829999999999999 0.9249555949074074 0.7405 0.9236234467592593 0.7372500000000001 0.9253996458333333 0.735 0.9253996458333333 0.6995 0.9240674953703704 0.6975 0.9253996458333333 0.6935 0.9253996458333333 0.6847500000000001 0.9240674953703704 0.68325 0.9253996458333333 0.6567500000000001 0.9240674953703704 0.65375 0.9253996458333333 0.65 0.9236234467592593 0.6477499999999999 0.9253996458333333 0.63175 0.9240674953703704 0.6262500000000001 0.9253996458333333 0.6237499999999999 0.9240674953703704 0.613 0.9253996458333333 0.61 0.9258436944444445 0.5680000000000001 0.9253996458333333 0.4635 0.9222912962962964 0.36224999999999996 0.9214031967592592 0.359 0.9196269976851852 0.35874999999999996 0.9178507986111112 0.35524999999999995 0.9125222013888888 0.35174999999999995 0.9076376550925926 0.34474999999999995 0.9036412083333333 0.34474999999999995 0.9023090578703703 0.342 0.893872113425926 0.33925000000000005 0.8876554166666666 0.33425 0.8801065717592592 0.33249999999999996 0.8592362337962962 0.32949999999999996 0.8370337476851851 0.33025 0.831705150462963 0.32875000000000004 0.8179396087962963 0.33099999999999996 0.8139431620370371 0.33075 0.810390763888889 0.32925 0.5150976898148149 0.33075 0.5084369444444444 0.334 0.5048845462962963 0.3335 0.5022202476851851 0.3355 0.49866785185185186 0.33525 0.49422735416666663 0.33249999999999996 0.48134991203703703 0.33475 0.47690941435185186 0.33375 0.4706927175925926 0.33675 0.46403197222222226 0.334 0.45714920138888887 0.334 0.44582593287037037 0.3315 0.44271758333333333 0.33275 0.4387211365740741 0.332 0.4342806388888889 0.33299999999999996 0.38277087037037033 0.33299999999999996 0.3769982245370371 0.3335 0.3712255763888889 0.337 0.36634103009259256 0.33475 0.3592362337962963 0.33375 0.3450266435185185 0.33449999999999996 0.33880994675925924 0.33299999999999996 0.33214920138888887 0.33275 0.3108348125 0.33325 0.3068383657407407 0.33249999999999996 0.28552397916666666 0.33425 0.28019538194444443 0.33325 0.23001776157407405 0.33275 0.2184724699074074 0.33525 0.20603907638888888 0.33299999999999996 0.20204262962962963 0.334 0.18516873842592593 0.33375 0.1776198935185185 0.335 0.17673179398148148 0.33599999999999997 0.14920071064814813 0.34025 0.13010657175925924 0.33575000000000005 0.11722912962962963 0.335 0.11145648379629629 0.33575000000000005 0.10301953703703705 0.33449999999999996 0.09236234490740741 0.33575000000000005 0.08836589583333333 0.33425 0.08436944907407408 0.33575000000000005 0.08126110185185186 0.33449999999999996 0.0728241574074074 0.334 0.04973356944444445 0.33625 0.04262877546296297 0.33825 0.03996447685185185 0.33725 0.035523979166666664 0.341 0.03507992824074074 0.36975 0.03818827777777778 0.37975 0.0364120787037037 0.40075 0.03863232638888889 0.41175
12 0.1557615462962963 0.32349125 0.03922957407407407 0.32349125 0.03922957407407407 0.84343875 0.1557615462962963 0.84343875 0.1557615462962963 0.32349125
13 0.4076376550925926 0.43425 0.4249555949074074 0.43300000000000005 0.43516873842592596 0.4265 0.4387211365740741 0.42175 0.43738898842592594 0.41475 0.43294849074074077 0.41074999999999995 0.42539964583333334 0.40724999999999995 0.4147424513888889 0.40599999999999997 0.39742451157407405 0.40775 0.3929840138888889 0.4115 0.3894316157407407 0.41825 0.3889875671296296 0.42175 0.39387211342592593 0.42950000000000005 0.39742451157407405 0.43174999999999997 0.4076376550925926 0.43425
13 0.6012433402777778 0.434 0.606127886574074 0.4345 0.6167850810185186 0.4325 0.6274422731481482 0.42575 0.6301065717592592 0.42175 0.6278863240740741 0.41275 0.6225577268518518 0.408 0.6163410300925926 0.40575 0.6021314398148149 0.40475 0.5905861458333334 0.40650000000000003 0.583037300925926 0.411 0.5803730023148148 0.4145 0.5799289513888889 0.42050000000000004 0.58259325 0.425 0.5905861458333334 0.43125 0.6012433402777778 0.434
13 0.6989342800925926 0.4875 0.7131438726851852 0.486 0.7224689166666667 0.48175 0.7246891643518518 0.47925 0.7269094143518517 0.474 0.7264653634259259 0.47025 0.7215808171296296 0.4635 0.7131438726851852 0.45925 0.7007104791666667 0.45875 0.6918294837962963 0.45975 0.6856127893518519 0.46149999999999997 0.6776198935185185 0.46775000000000005 0.6771758425925926 0.475 0.6802841921296297 0.47950000000000004 0.688277087962963 0.48475 0.6989342800925926 0.4875
13 0.5008880995370371 0.487 0.5079928958333334 0.488 0.518650087962963 0.487 0.5261989351851851 0.48500000000000004 0.5328596805555555 0.48024999999999995 0.5341918287037037 0.47225 0.5324156296296296 0.46775000000000005 0.5261989351851851 0.46299999999999997 0.5190941388888889 0.46099999999999997 0.5084369444444444 0.46025 0.49467140277777777 0.4625 0.48889875694444446 0.4655 0.4857904074074074 0.47 0.4857904074074074 0.47650000000000003 0.48889875694444446 0.48125 0.49378330324074077 0.48524999999999996 0.5008880995370371 0.487
13 0.3112788634259259 0.48874999999999996 0.32238010648148147 0.489 0.3303730023148148 0.4875 0.3392539953703704 0.48275 0.3441385439814815 0.47674999999999995 0.34369449305555555 0.47 0.3401420949074074 0.46575 0.3348135 0.46299999999999997 0.32460035416666666 0.4605 0.31039076388888887 0.46075000000000005 0.3001776203703703 0.4635 0.2939609236111111 0.4705 0.2939609236111111 0.4775 0.2957371226851852 0.481 0.3037300185185185 0.487 0.3112788634259259 0.48874999999999996
13 0.23001776157407405 0.543 0.2402309050925926 0.53925 0.2477797523148148 0.533 0.24866785185185183 0.5287499999999999 0.24733570138888888 0.525 0.24200710416666665 0.5187499999999999 0.2282415625 0.515 0.2162522199074074 0.51525 0.208703375 0.51725 0.20293072916666668 0.52 0.19849023148148148 0.5255 0.19849023148148148 0.5315 0.20248667824074074 0.53825 0.2131438726851852 0.54275 0.23001776157407405 0.543
13 0.4076376550925926 0.5425 0.4138543518518518 0.5435 0.42451154629629634 0.5425 0.4320603912037037 0.53975 0.4391651875 0.53425 0.43960923611111113 0.526 0.4365008888888889 0.52125 0.43383659027777777 0.518 0.42406749537037036 0.514 0.41119005324074076 0.51325 0.4005328587962963 0.51475 0.39342806481481485 0.51825 0.3889875671296296 0.523 0.3880994675925926 0.52825 0.3898756666666667 0.5335 0.39875665972222224 0.54 0.4076376550925926 0.5425
13 0.6065719351851853 0.5405 0.6221136759259259 0.537 0.6274422731481482 0.5337500000000001 0.6296625231481481 0.52975 0.6292184722222223 0.5225 0.6265541736111111 0.519 0.6172291296296296 0.5145000000000001 0.6039076365740741 0.51325 0.5936944930555555 0.51475 0.5848135 0.5187499999999999 0.581705150462963 0.5225 0.580817050925926 0.53025 0.5883658958333333 0.537 0.5928063935185185 0.5385 0.6065719351851853 0.5405
13 0.7975133217592593 0.5405 0.8046181180555556 0.5407500000000001 0.8139431620370371 0.539 0.8206039074074073 0.53525 0.8254884537037037 0.5287499999999999 0.8254884537037037 0.523 0.8223801064814815 0.51825 0.8134991111111112 0.5135 0.8068383657407407 0.51175 0.792628775462963 0.51175 0.7864120787037037 0.5135 0.7775310833333333 0.5185 0.7739786851851852 0.5225 0.7739786851851852 0.52975 0.7770870347222222 0.53325 0.7864120787037037 0.538 0.7975133217592593 0.5405
13 0.5022202476851851 0.5942500000000001 0.5088809953703703 0.5952500000000001 0.5275310833333333 0.5925 0.5310834814814815 0.5910000000000001 0.5355239791666667 0.5862499999999999 0.5364120787037037 0.58025 0.5337477800925926 0.5725 0.5306394305555555 0.57025 0.522646537037037 0.5675 0.5155417407407408 0.5665 0.5013321481481482 0.5675 0.49333925462962963 0.57075 0.4866785069444444 0.578 0.4866785069444444 0.58475 0.48978685648148146 0.589 0.49422735416666663 0.59225 0.5022202476851851 0.5942500000000001
13 0.2158081712962963 0.651 0.2397868564814815 0.6485 0.2482238009259259 0.6407499999999999 0.2482238009259259 0.6335000000000001 0.24600355324074072 0.6295000000000001 0.2402309050925926 0.6255000000000001 0.2309058611111111 0.6222500000000001 0.21669627083333334 0.6225 0.21003552314814816 0.62425 0.2055950277777778 0.6265000000000001 0.1993783310185185 0.63225 0.1993783310185185 0.64 0.20204262962962963 0.6435000000000001 0.20781527546296297 0.64825 0.2158081712962963 0.651
13 0.4040852569444444 0.64825 0.41119005324074076 0.64975 0.42984014120370373 0.6479999999999999 0.4387211365740741 0.64275 0.44049733564814814 0.639 0.440053287037037 0.63025 0.4365008888888889 0.62575 0.4320603912037037 0.6230000000000001 0.4151865 0.62075 0.4076376550925926 0.62125 0.39698046296296297 0.62575 0.3929840138888889 0.63025 0.39209591435185187 0.638 0.39342806481481485 0.6415 0.39742451157407405 0.645 0.4040852569444444 0.64825
13 0.6083481342592593 0.6487499999999999 0.6154529305555556 0.6485 0.6265541736111111 0.645 0.6318827708333333 0.6375 0.6318827708333333 0.63 0.6296625231481481 0.6262500000000001 0.6212255763888889 0.6222500000000001 0.6132326828703704 0.6204999999999999 0.5954706921296297 0.621 0.5879218472222222 0.62525 0.5843694490740741 0.6305 0.583481349537037 0.63425 0.585701599537037 0.6425 0.5932504444444445 0.6472500000000001 0.6083481342592593 0.6487499999999999
13 0.31394316203703704 0.59625 0.32460035416666666 0.59675 0.3348135 0.5945 0.3423623449074074 0.589 0.3445825925925926 0.585 0.3445825925925926 0.5775 0.34058614583333335 0.5735 0.333481349537037 0.57025 0.32149200694444446 0.5675 0.3134991111111111 0.5680000000000001 0.3037300185185185 0.571 0.29795737037037034 0.57575 0.2952930717592593 0.5805 0.29484902314814815 0.58525 0.29884546990740746 0.59 0.3023978680555555 0.59275 0.31394316203703704 0.59625
13 0.7002664305555556 0.5942500000000001 0.7122557731481481 0.5935 0.7175843703703704 0.592 0.7238010648148148 0.5885 0.7282415624999999 0.58175 0.7277975138888889 0.57775 0.7242451157407408 0.57275 0.7166962708333334 0.5685 0.7100355231481481 0.5665 0.6958259328703704 0.56625 0.6887211365740741 0.5685 0.6807282407407407 0.574 0.6785079930555555 0.5775 0.6780639421296297 0.585 0.6829484907407407 0.589 0.689609236111111 0.5925 0.7002664305555556 0.5942500000000001
13 0.7899644768518519 0.6477499999999999 0.7961811712962963 0.6487499999999999 0.809946712962963 0.64825 0.8206039074074073 0.64425 0.8250444050925926 0.6405000000000001 0.8263765532407407 0.6377499999999999 0.8254884537037037 0.62975 0.8166074606481482 0.6225 0.809946712962963 0.62025 0.789520425925926 0.62025 0.7841918287037037 0.6225 0.7775310833333333 0.62925 0.7753108356481482 0.633 0.7761989351851852 0.6405000000000001 0.7841918287037037 0.64575 0.7899644768518519 0.6477499999999999
13 0.6984902314814815 0.7027500000000001 0.7100355231481481 0.7032499999999999 0.7131438726851852 0.7025 0.7220248657407408 0.69925 0.7282415624999999 0.6932499999999999 0.729129662037037 0.685 0.7264653634259259 0.6805 0.7238010648148148 0.678 0.7100355231481481 0.6729999999999999 0.6918294837962963 0.6747500000000001 0.688277087962963 0.6759999999999999 0.6838365902777779 0.6789999999999999 0.6802841921296297 0.6855000000000001 0.6793960925925927 0.6894999999999999 0.6838365902777779 0.6975 0.6922735347222222 0.7015 0.6984902314814815 0.7027500000000001
13 0.5164298402777777 0.70375 0.5266429837962963 0.70175 0.5364120787037037 0.6935 0.5368561273148148 0.685 0.5341918287037037 0.6805 0.5301953819444445 0.6775 0.5177619884259259 0.675 0.5115452939814815 0.6745 0.49822380092592594 0.6755 0.49200710416666665 0.67975 0.4884547060185185 0.6855000000000001 0.4880106574074074 0.6920000000000001 0.49111900462962965 0.69875 0.5044404976851852 0.7030000000000001 0.5164298402777777 0.70375
13 0.3352575486111111 0.7042499999999999 0.3485790416666667 0.6995 0.3476909421296296 0.6855000000000001 0.3423623449074074 0.67975 0.33570159953703704 0.6775 0.32015985879629627 0.67575 0.31039076388888887 0.67675 0.3015097685185185 0.68125 0.29662522222222226 0.6880000000000001 0.29662522222222226 0.6957500000000001 0.30728241666666667 0.7032499999999999 0.31394316203703704 0.7042499999999999 0.3352575486111111 0.7042499999999999
13 0.416518650462963 0.7587499999999999 0.42850799305555554 0.7585000000000001 0.43827708796296294 0.755 0.4431616342592593 0.7515000000000001 0.4413854351851852 0.7375 0.4342806388888889 0.732 0.42850799305555554 0.7305 0.4169626990740741 0.7295 0.4027531087962963 0.73125 0.39742451157407405 0.7340000000000001 0.39342806481481485 0.7405 0.39431616435185185 0.7515000000000001 0.39964475925925924 0.755 0.40719360648148145 0.757 0.416518650462963 0.7587499999999999
13 0.6016873888888888 0.7565 0.6150088819444444 0.757 0.6238898749999999 0.755 0.6305506226851852 0.7515000000000001 0.6332149189814814 0.747 0.6341030185185185 0.7410000000000001 0.6309946712962963 0.735 0.623001775462963 0.7302500000000001 0.6119005324074074 0.7284999999999999 0.5990230902777779 0.72875 0.5910301944444444 0.73175 0.5865896990740741 0.7365 0.5848135 0.745 0.5879218472222222 0.7517499999999999 0.5932504444444445 0.75425 0.6016873888888888 0.7565