1 0.41898148148148145 0.48148148148148145 0.4212962962962963 0.4837962962962963 0.44907407407407407 0.4837962962962963 0.4513888888888889 0.4861111111111111 0.4513888888888889 0.4976851851851852 0.45601851851851855 0.5023148148148148 0.49537037037037035 0.5023148148148148 0.4976851851851852 0.5 0.5138888888888888 0.5 0.5162037037037037 0.4976851851851852 0.5162037037037037 0.47685185185185186 0.5254629629629629 0.46064814814814814 0.5486111111111112 0.44675925925925924 0.5879629629629629 0.4398148148148148 0.5902777777777778 0.44212962962962965 0.5902777777777778 0.4583333333333333 0.5856481481481481 0.46296296296296297 0.5694444444444444 0.4652777777777778 0.5578703703703703 0.47685185185185186 0.5578703703703703 0.4976851851851852 0.5601851851851852 0.5 0.5879629629629629 0.5 0.5925925925925926 0.5092592592592593 0.5902777777777778 0.5208333333333334 0.5856481481481481 0.5231481481481481 0.5601851851851852 0.5231481481481481 0.5578703703703703 0.5254629629629629 0.5578703703703703 0.5509259259259259 0.5532407407407407 0.5601851851851852 0.5393518518518519 0.5717592592592593 0.5162037037037037 0.5810185185185185 0.5069444444444444 0.5810185185185185 0.5046296296296297 0.5833333333333334 0.4652777777777778 0.5833333333333334 0.46296296296296297 0.5810185185185185 0.4398148148148148 0.5763888888888888 0.4305555555555556 0.5717592592592593 0.41898148148148145 0.5601851851851852 0.4166666666666667 0.5601851851851852 0.41203703703703703 0.5509259259259259 0.4097222222222222 0.5254629629629629 0.4074074074074074 0.5231481481481481 0.35648148148148145 0.5231481481481481 0.3541666666666667 0.5208333333333334 0.33796296296296297 0.5185185185185185 0.32175925925925924 0.5115740740740741 0.3055555555555556 0.4976851851851852 0.30324074074074076 0.4930555555555556 0.30324074074074076 0.4837962962962963 0.3425925925925926 0.4837962962962963 0.3472222222222222 0.4861111111111111 0.34953703703703703 0.4930555555555556 0.3541666666666667 0.4976851851851852 0.3587962962962963 0.5 0.3680555555555556 0.5 0.37037037037037035 0.5023148148148148 0.4050925925925926 0.5023148148148148 0.4097222222222222 0.4976851851851852 0.4097222222222222 0.4861111111111111 0.41203703703703703 0.4837962962962963 0.4166666666666667 0.4837962962962963
11 0 0.61 0.003108347222222222 0.61575 0.001776199074074074 0.63 0.003108347222222222 0.6325000000000001 0.003552398148148148 0.65975 0.002220247685185185 0.6649999999999999 0.003552398148148148 0.6695 0.011989342592592591 0.677 0.01598578935185185 0.6755 0.02531083564814815 0.68225 0.039520425925925924 0.6855000000000001 0.0532859675925926 0.6869999999999999 0.08126110185185186 0.6875 0.11651865046296296 0.6865 0.15541740740740742 0.68725 0.1718472476851852 0.6857500000000001 0.19005328703703703 0.6865 0.20470692824074074 0.685 0.21003552314814816 0.6859999999999999 0.27930728240740743 0.68525 0.2957371226851852 0.68325 0.333925400462963 0.6847500000000001 0.4018650092592593 0.68275 0.42140319675925925 0.68325 0.4311722916666667 0.68225 0.43827708796296294 0.6799999999999999 0.44937833101851854 0.68225 0.47912966203703705 0.68075 0.4857904074074074 0.682 0.5155417407407408 0.68225 0.5261989351851851 0.681 0.5470692708333333 0.6817500000000001 0.8365896990740741 0.6792499999999999 0.8596802847222222 0.6775 0.8907637662037038 0.67825 0.8965364120370369 0.677 0.9031971574074075 0.67725 0.9076376550925926 0.67625 0.9111900532407406 0.674 0.9178507986111112 0.67575 0.9325044398148149 0.67425 0.9471580810185185 0.6705 0.9640319722222223 0.66225 0.9769094143518517 0.65075 0.9817939606481482 0.6405000000000001 0.9822380115740741 0.5952500000000001 0.9795737129629629 0.57075 0.9777975138888889 0.56775 0.9782415624999999 0.564 0.9760213148148148 0.56125 0.9777975138888889 0.55725 0.9764653634259259 0.547 0.9777975138888889 0.5425 0.977353462962963 0.52075 0.9751332152777777 0.507 0.9738010648148148 0.44899999999999995 0.9706927175925926 0.43775000000000003 0.9702486689814814 0.39699999999999996 0.9666962708333334 0.36175 0.9666962708333334 0.33775 0.9640319722222223 0.32375000000000004 0.9631438726851852 0.2925 0.9587033749999999 0.287 0.9618117222222222 0.27825 0.9591474236111112 0.2435 0.9600355231481481 0.2335 0.9569271759259259 0.22025 0.9520426296296297 0.21675 0.9524866782407407 0.2135 0.9493783310185185 0.21025000000000002 0.9480461805555556 0.20325000000000001 0.9529307291666667 0.18825 0.9555950277777777 0.18725 0.9587033749999999 0.17900000000000002 0.957815275462963 0.17550000000000002 0.9613676736111111 0.17174999999999999 0.9600355231481481 0.16875 0.9649200717592592 0.15825 0.9680284189814815 0.1435 0.9600355231481481 0.13775 0.9542628773148147 0.1295 0.9320603912037037 0.129 0.9245115462962963 0.12975 0.9214031967592592 0.1315 0.9103019537037037 0.13175 0.9040852569444445 0.13075 0.8978685601851851 0.13275 0.8858792175925926 0.12925 0.8681172291666667 0.13025 0.8388099467592594 0.13025 0.8348135 0.1295 0.7584369444444445 0.13 0.7571047962962963 0.13125 0.7544404976851852 0.13125 0.7522202476851851 0.13 0.7477797523148149 0.1305 0.7460035532407407 0.12975 0.7300177615740742 0.1295 0.7180284189814815 0.13075 0.7042628773148147 0.129 0.6953818819444444 0.129 0.6865008888888888 0.13025 0.6758436944444445 0.1295 0.6540852569444445 0.13 0.6234458263888889 0.13349999999999998 0.6203374768518519 0.136 0.6114564837962964 0.13349999999999998 0.6079040856481482 0.13 0.5968028425925925 0.13075 0.5919182939814815 0.12975 0.5772646527777778 0.12975 0.5710479583333333 0.13075 0.5595026643518518 0.136 0.5559502662037037 0.135 0.5568383657407407 0.13349999999999998 0.5546181180555555 0.133 0.5506216689814815 0.13475 0.5470692708333333 0.13475 0.5466252222222222 0.13349999999999998 0.542628775462963 0.133 0.5306394305555555 0.135 0.5257548842592593 0.13175 0.520870337962963 0.1325 0.501776199074074 0.1315 0.49467140277777777 0.13349999999999998 0.49200710416666665 0.13675 0.48978685648148146 0.13675 0.4866785069444444 0.133 0.4746891643518519 0.13175 0.4702486689814815 0.13325 0.4666962708333333 0.13325 0.46092362268518516 0.13575 0.44538188194444445 0.1355 0.4431616342592593 0.133 0.41829484953703705 0.13225 0.4151865 0.136 0.4058614560185185 0.13749999999999998 0.4009769097222222 0.13275 0.3978685601851852 0.13349999999999998 0.39431616435185185 0.1325 0.3587921851851852 0.1325 0.35612788657407407 0.13325 0.3361456481481482 0.13175 0.32815275231481483 0.13375 0.32548845370370366 0.13275 0.31705150925925923 0.13349999999999998 0.31527531018518523 0.135 0.3112788634259259 0.1355 0.29751332175925926 0.13275 0.2864120787037037 0.13275 0.28197158101851855 0.13425 0.2766429837962963 0.133 0.26376554166666666 0.13225 0.24866785185185183 0.13349999999999998 0.23312611111111112 0.1325 0.2282415625 0.13349999999999998 0.22557726388888888 0.136 0.2202486689814815 0.13349999999999998 0.21802841898148148 0.13625 0.2131438726851852 0.13699999999999998 0.21003552314814816 0.13625 0.2069271759259259 0.13699999999999998 0.19982237962962962 0.13325 0.14031971527777778 0.134 0.13010657175925924 0.13275 0.0532859675925926 0.133 0.03108348148148148 0.135 0.026198935185185186 0.13349999999999998 0.011989342592592591 0.134 0.007548844907407408 0.13699999999999998 0 0.157 0 0.61
12 0.9930084375 0.12363 0.0000022199074074074076 0.12363 0.0000022199074074074076 0.210455 0.9930084375 0.210455 0.9930084375 0.12363
13 0.36234458333333336 0.26225 0.36944937731481486 0.26225 0.38055062268518514 0.26025 0.3903197152777778 0.2555 0.394760212962963 0.25 0.39520426388888885 0.24250000000000002 0.3925399652777778 0.23800000000000002 0.3854351689814815 0.23149999999999998 0.3765541736111111 0.2285 0.36234458333333336 0.22825 0.3516873888888889 0.23074999999999998 0.3441385439814815 0.235 0.3392539953703704 0.24125 0.33969804629629635 0.249 0.34280639351851855 0.2545 0.3521314398148148 0.25925 0.36234458333333336 0.26225
13 0.5674955601851852 0.25775 0.5790408518518518 0.25925 0.5888099467592592 0.259 0.5994671412037037 0.255 0.6065719351851853 0.2485 0.6074600347222222 0.241 0.6039076365740741 0.236 0.5950266435185185 0.23 0.585701599537037 0.22724999999999998 0.5706039074074074 0.22825 0.564831261574074 0.23 0.5568383657407407 0.23450000000000001 0.5537300185185186 0.23825000000000002 0.5523978680555556 0.24475 0.5555062175925927 0.251 0.5590586134259259 0.254 0.5674955601851852 0.25775
13 0.688277087962963 0.31775 0.6989342800925926 0.3165 0.7060390763888889 0.314 0.7140319722222223 0.30775 0.7158081712962963 0.3 0.7135879212962963 0.294 0.7038188287037037 0.28850000000000003 0.6949378333333334 0.28600000000000003 0.6789520416666667 0.28625 0.6727353472222222 0.28875 0.6620781527777778 0.29675 0.6611900532407406 0.304 0.6634103009259259 0.3085 0.6753996458333333 0.31575 0.688277087962963 0.31775
13 0.4666962708333333 0.3195 0.4880106574074074 0.31875 0.4955595023148148 0.3155 0.5013321481481482 0.3105 0.5035523981481481 0.30474999999999997 0.501776199074074 0.29725 0.4915630555555556 0.29075 0.4840142106481482 0.28775 0.4711367662037037 0.28775 0.4600355231481481 0.291 0.45204262962962966 0.29550000000000004 0.44893428009259256 0.30100000000000005 0.44893428009259256 0.30775 0.45248667824074074 0.312 0.4560390763888889 0.31525 0.4666962708333333 0.3195
13 0.25532859722222223 0.32025000000000003 0.2619893425925926 0.32125 0.2655417407407408 0.32 0.2748667847222222 0.31925 0.2824156296296296 0.3165 0.28774422685185186 0.31224999999999997 0.2895204259259259 0.30824999999999997 0.28774422685185186 0.2995 0.28330372916666663 0.29475 0.27220248611111114 0.29025 0.2619893425925926 0.28875 0.2504440486111111 0.29 0.24111900462962962 0.29375 0.2349023101851852 0.30124999999999996 0.23445825925925926 0.30775 0.23712255787037037 0.31150000000000005 0.24511545370370372 0.31725 0.25532859722222223 0.32025000000000003
13 0.14609236342592594 0.381 0.15763765509259262 0.3825 0.16740675 0.3815 0.17806394212962964 0.3765 0.18339253935185185 0.37074999999999997 0.18472468981481482 0.36700000000000005 0.18339253935185185 0.3605 0.1793960925925926 0.356 0.17140319675925927 0.35100000000000003 0.15763765509259262 0.349 0.14253996527777776 0.35075 0.1327708703703704 0.3555 0.12833037268518518 0.36175 0.12833037268518518 0.36875 0.13188277083333333 0.37474999999999997 0.13632326851851853 0.37825 0.14609236342592594 0.381
13 0.38010657175925927 0.37975 0.3889875671296296 0.3775 0.39698046296296297 0.37175 0.39920071064814816 0.362 0.39653641203703704 0.3555 0.3925399652777778 0.352 0.38010657175925927 0.34875 0.3690053287037037 0.3485 0.35479573611111115 0.35100000000000003 0.3468028425925926 0.35524999999999995 0.3441385439814815 0.35975 0.3450266435185185 0.36924999999999997 0.35568383564814815 0.37775 0.36944937731481486 0.37975 0.38010657175925927 0.37975
13 0.580817050925926 0.37825 0.5883658958333333 0.3785 0.5981349907407407 0.377 0.606127886574074 0.3725 0.6105683842592592 0.36675 0.6110124328703704 0.3595 0.606127886574074 0.35225 0.6021314398148149 0.35 0.5919182939814815 0.347 0.5794849027777778 0.347 0.5643872106481482 0.35174999999999995 0.5590586134259259 0.356 0.5572824166666667 0.35925 0.5577264652777778 0.36625 0.5674955601851852 0.37575000000000003 0.580817050925926 0.37825
13 0.7904085254629629 0.37599999999999995 0.7988454699074075 0.377 0.809946712962963 0.3755 0.8188277083333333 0.371 0.8232682060185185 0.36700000000000005 0.8250444050925926 0.3605 0.8223801064814815 0.35275 0.8166074606481482 0.34875 0.8050621666666666 0.34425 0.792184724537037 0.34425 0.7855239791666667 0.34625 0.7722024861111111 0.35275 0.7695381875 0.356 0.7686500879629631 0.363 0.7722024861111111 0.36774999999999997 0.7797513310185186 0.37274999999999997 0.7904085254629629 0.37599999999999995
13 0.6984902314814815 0.43724999999999997 0.7100355231481481 0.43475 0.7140319722222223 0.4325 0.7198046180555556 0.425 0.7202486689814814 0.41900000000000004 0.7158081712962963 0.41074999999999995 0.7109236226851853 0.4075 0.6998223796296296 0.40549999999999997 0.6887211365740741 0.40525000000000005 0.6753996458333333 0.408 0.6700710486111111 0.411 0.6647424513888889 0.41825 0.6651865 0.427 0.6714031967592592 0.43324999999999997 0.6793960925925927 0.43674999999999997 0.6984902314814815 0.43724999999999997
13 0.4702486689814815 0.439 0.4764653634259259 0.43975000000000003 0.49111900462962965 0.439 0.5008880995370371 0.43524999999999997 0.5062166967592593 0.4315 0.5079928958333334 0.42100000000000004 0.5057726458333334 0.41575 0.5013321481481482 0.41175 0.48889875694444446 0.4075 0.4666962708333333 0.40825 0.45781527546296297 0.413 0.45337477777777774 0.42075 0.45337477777777774 0.42775 0.4560390763888889 0.4325 0.46314387268518514 0.437 0.4702486689814815 0.439
13 0.2593250439814815 0.44075 0.27264653703703706 0.4415 0.2810834814814815 0.439 0.290408525462963 0.43374999999999997 0.29484902314814815 0.42875 0.2952930717592593 0.42274999999999996 0.2917406759259259 0.41725 0.2841918287037037 0.411 0.27797513425925924 0.40925 0.2584369444444445 0.40850000000000003 0.25177619907407406 0.41025 0.2442273541666667 0.41424999999999995 0.2384547060185185 0.4215 0.2384547060185185 0.429 0.24111900462962962 0.43324999999999997 0.24866785185185183 0.438 0.2593250439814815 0.44075
13 0.15097690972222222 0.502 0.1651865 0.502 0.1722912962962963 0.5005000000000001 0.18428063888888888 0.495 0.18738898842592594 0.4915 0.18827708796296297 0.48374999999999996 0.18516873842592593 0.4775 0.16829484953703702 0.4705 0.16074600462962962 0.46950000000000003 0.14920071064814813 0.47075 0.1385435162037037 0.47450000000000003 0.1309946712962963 0.481 0.13010657175925924 0.488 0.13499111805555555 0.49550000000000005 0.14031971527777778 0.4985 0.15097690972222222 0.502
13 0.37033747685185187 0.49900000000000005 0.3854351689814815 0.49875 0.39431616435185185 0.496 0.39875665972222224 0.49224999999999997 0.4027531087962963 0.4845 0.4018650092592593 0.47725 0.39698046296296297 0.47225 0.3912078148148148 0.46925 0.38010657175925927 0.46725 0.3650088819444445 0.46900000000000003 0.35612788657407407 0.47225 0.3521314398148148 0.47525 0.3476909421296296 0.48175 0.3472468912037037 0.48425 0.35257548842592595 0.49200000000000005 0.35834813425925927 0.496 0.37033747685185187 0.49900000000000005
13 0.5919182939814815 0.49825 0.603019537037037 0.49525 0.6123445833333334 0.491 0.6167850810185186 0.48500000000000004 0.6158969814814815 0.47725 0.6127886319444444 0.47324999999999995 0.6079040856481482 0.47025 0.5976909421296297 0.46625 0.5879218472222222 0.4655 0.5821492013888888 0.46675 0.5710479583333333 0.46974999999999995 0.5639431620370371 0.47425 0.5626110115740741 0.47725 0.5630550625 0.4875 0.5737122546296296 0.49525 0.5919182939814815 0.49825
13 0.7904085254629629 0.4945 0.7992895208333333 0.49624999999999997 0.811722912037037 0.49550000000000005 0.8201598587962963 0.49325 0.8277087037037036 0.4875 0.8299289513888889 0.48024999999999995 0.8272646527777778 0.47225 0.8237122546296297 0.46825 0.8134991111111112 0.46449999999999997 0.8050621666666666 0.46325 0.7873001782407407 0.46525 0.7815275300925926 0.46799999999999997 0.7753108356481482 0.47375 0.7739786851851852 0.48075 0.7770870347222222 0.486 0.7810834814814815 0.49 0.7904085254629629 0.4945
13 0.6865008888888888 0.55525 0.6984902314814815 0.55725 0.706483125 0.5569999999999999 0.7166962708333334 0.5529999999999999 0.7242451157407408 0.547 0.7260213148148148 0.53925 0.7238010648148148 0.5337500000000001 0.7175843703703704 0.5287499999999999 0.7100355231481481 0.5255 0.7007104791666667 0.52425 0.6887211365740741 0.525 0.6785079930555555 0.5287499999999999 0.6731793958333333 0.5317500000000001 0.6700710486111111 0.5355 0.6687388981481481 0.54 0.6714031967592592 0.54675 0.6767317939814815 0.5515 0.6865008888888888 0.55525
13 0.477353462962963 0.5585 0.4857904074074074 0.559 0.49822380092592594 0.55725 0.5048845462962963 0.55375 0.5128774421296296 0.54625 0.5119893425925925 0.5387500000000001 0.5075488449074074 0.53275 0.49467140277777777 0.528 0.4875666064814815 0.52725 0.4733570162037037 0.528 0.46403197222222226 0.53125 0.458703375 0.5375 0.4582593240740741 0.54675 0.46092362268518516 0.5505 0.46714031944444445 0.5555 0.477353462962963 0.5585
13 0.2650976898148148 0.5615 0.27575488425925926 0.5615 0.28330372916666663 0.5595 0.2944049722222222 0.55375 0.29706927083333334 0.5505 0.29795737037037034 0.54275 0.2952930717592593 0.53775 0.2930728240740741 0.5355 0.2824156296296296 0.5305 0.2748667847222222 0.5295 0.25799289583333335 0.5305 0.24644760185185183 0.53525 0.24200710416666665 0.5415 0.24156305555555554 0.5475 0.24555950231481483 0.55375 0.25399644675925925 0.55825 0.2650976898148148 0.5615
13 0.36989342824074073 0.621 0.38365896990740744 0.62125 0.3894316157407407 0.62025 0.3977206921296296 0.61683325 0.40630550694444445 0.61075 0.4076376550925926 0.60725 0.40630550694444445 0.5985 0.3978685601851852 0.5915 0.3898756666666667 0.5885 0.37078152777777773 0.5885 0.36767317824074075 0.58925 0.3592362337962963 0.592 0.35301953703703703 0.599 0.3516873888888889 0.607 0.35479573611111115 0.6134999999999999 0.3592362337962963 0.617 0.36989342824074073 0.621
13 0.5928063935185185 0.618 0.6039076365740741 0.6174999999999999 0.6145648310185186 0.6134999999999999 0.6194493773148148 0.6092500000000001 0.6216696273148149 0.6027499999999999 0.6203374768518519 0.59675 0.6158969814814815 0.5905 0.6114564837962964 0.588 0.5963587916666667 0.58575 0.5803730023148148 0.58725 0.5719360578703704 0.5912499999999999 0.5666074606481482 0.59725 0.5674955601851852 0.607 0.5737122546296296 0.6134999999999999 0.5821492013888888 0.617 0.5928063935185185 0.618