9 0.5925925925925926 0.4097222222222222 0.5972222222222222 0.41203703703703703 0.6064814814814815 0.4236111111111111 0.6111111111111112 0.43287037037037035 0.6111111111111112 0.44212962962962965 0.6087962962962963 0.4444444444444444 0.6087962962962963 0.44907407407407407 0.5972222222222222 0.46296296296296297 0.5740740740740741 0.47453703703703703 0.5717592592592593 0.4791666666666667 0.5810185185185185 0.48842592592592593 0.5995370370370371 0.4976851851851852 0.6064814814814815 0.5046296296296297 0.6134259259259259 0.5162037037037037 0.6134259259259259 0.5277777777777778 0.6064814814814815 0.5416666666666666 0.5972222222222222 0.5486111111111112 0.5740740740740741 0.5601851851851852 0.5601851851851852 0.5601851851851852 0.5578703703703703 0.5625 0.5208333333333334 0.5625 0.5185185185185185 0.5601851851851852 0.5069444444444444 0.5601851851851852 0.4861111111111111 0.5509259259259259 0.4791666666666667 0.5462962962962963 0.4675925925925926 0.5324074074074074 0.4675925925925926 0.5138888888888888 0.48148148148148145 0.4976851851851852 0.49537037037037035 0.48842592592592593 0.5046296296296297 0.4861111111111111 0.5092592592592593 0.48148148148148145 0.4976851851851852 0.4722222222222222 0.4930555555555556 0.4722222222222222 0.49074074074074076 0.4699074074074074 0.4930555555555556 0.4652777777777778 0.5069444444444444 0.4583333333333333 0.5115740740740741 0.4537037037037037 0.5254629629629629 0.45601851851851855 0.5347222222222222 0.46296296296296297 0.5462962962962963 0.46064814814814814 0.5509259259259259 0.45601851851851855 0.5578703703703703 0.4537037037037037 0.5671296296296297 0.4444444444444444 0.5671296296296297 0.4351851851851852 0.5625 0.42592592592592593 0.5787037037037037 0.41203703703703703 0.5902777777777778 0.4097222222222222
11 0 0.30725 0.007548844907407408 0.386 0.0062166967592592595 0.394 0.008436944444444445 0.415 0.00666074537037037 0.41774999999999995 0.00666074537037037 0.42525 0.01820603935185185 0.5895 0.0217584375 0.61825 0.020870337962962962 0.6267499999999999 0.030195381944444443 0.7445 0.02975133101851852 0.76625 0.03330372916666667 0.7827500000000001 0.032859680555555555 0.7935 0.03596802777777778 0.8037500000000001 0.03996447685185185 0.8085 0.041296625 0.807 0.045737122685185184 0.8075 0.05728241666666666 0.81175 0.06571936111111111 0.8112499999999999 0.0728241574074074 0.8125 0.09147424537037037 0.81175 0.09857904166666666 0.80925 0.10568383564814815 0.8109999999999999 0.11323268287037037 0.80875 0.12300177546296297 0.8085 0.12522202546296296 0.8067500000000001 0.13721136805555556 0.8045 0.14387211342592593 0.8042499999999999 0.14609236342592594 0.8025 0.15142095833333333 0.802 0.1531971574074074 0.80025 0.17066296527777777 0.79425 0.19804618055555553 0.7969999999999999 0.2584369444444445 0.79825 0.2868561273148148 0.7965000000000001 0.2957371226851852 0.7975 0.3174955601851852 0.79625 0.32548845370370366 0.7969999999999999 0.35479573611111115 0.79475 0.36634103009259256 0.79625 0.394760212962963 0.79475 0.4116341041666666 0.796 0.4196269976851852 0.79425 0.4271758425925926 0.7939999999999999 0.4325044398148148 0.795 0.45426287731481485 0.79425 0.5031083472222222 0.795 0.5537300185185186 0.7939999999999999 0.5581705162037037 0.793 0.6007992893518519 0.79375 0.6380994675925926 0.792 0.6620781527777778 0.7925 0.688277087962963 0.79075 0.7051509768518519 0.7905 0.7100355231481481 0.7915 0.7522202476851851 0.7905 0.7553285972222222 0.79125 0.8134991111111112 0.7899999999999999 0.8237122546296297 0.7875 0.8414742453703703 0.7897500000000001 0.8823268217592592 0.7885 0.8965364120370369 0.789 0.9076376550925926 0.78675 0.9218472476851851 0.78825 0.9320603912037037 0.78775 0.9529307291666667 0.7839999999999999 0.9635879212962963 0.7807499999999999 0.9742451157407408 0.77575 0.9893428055555555 0.7655000000000001 0.9955595023148148 0.75675 0.999555951388889 0.74625 0.999555951388889 0.45875 0.9973357013888888 0.45616674999999995 0.9955595023148148 0.4405 0.9968916527777778 0.40075 0.9951154537037037 0.38525 0.9960035532407407 0.3425 0.9933392546296297 0.32875000000000004 0.9951154537037037 0.28525 0.9924511550925926 0.27225 0.9875666064814815 0.26175 0.9738010648148148 0.2505 0.9666962708333334 0.24725 0.9591474236111112 0.2455 0.956483125 0.24325 0.9373889884259259 0.24075000000000002 0.8903197152777778 0.24125 0.8854351689814814 0.24225 0.8761101250000001 0.24150000000000002 0.8725577268518518 0.24250000000000002 0.8650088819444444 0.24175000000000002 0.8512433402777778 0.2435 0.8419182939814815 0.24250000000000002 0.8343694490740741 0.24250000000000002 0.8290408518518518 0.24375 0.8068383657407407 0.243 0.8028419189814815 0.244 0.7815275300925926 0.243 0.7757548842592592 0.244 0.751776199074074 0.243 0.7464476018518519 0.24425000000000002 0.7215808171296296 0.2435 0.7113676736111111 0.244 0.6989342800925926 0.24625 0.6771758425925926 0.24425000000000002 0.6687388981481481 0.24250000000000002 0.6638543518518518 0.24325 0.6611900532407406 0.24150000000000002 0.6478685601851851 0.241 0.6221136759259259 0.24375 0.6194493773148148 0.245 0.6158969814814815 0.24425000000000002 0.6012433402777778 0.24575 0.5932504444444445 0.245 0.5848135 0.24275 0.5812611018518519 0.2435 0.542628775462963 0.243 0.5364120787037037 0.24425000000000002 0.5253108356481482 0.2445 0.520870337962963 0.24600000000000002 0.5124333935185186 0.24475 0.5071047962962963 0.2455 0.5004440486111111 0.244 0.4915630555555556 0.24425000000000002 0.4840142106481482 0.243 0.4733570162037037 0.24325 0.4658081712962963 0.24525 0.4618117222222222 0.2445 0.45337477777777774 0.2455 0.44937833101851854 0.24375 0.4302841921296296 0.24475 0.4009769097222222 0.24425000000000002 0.3863232685185185 0.24625 0.376110125 0.24575 0.3721136759259259 0.24775000000000003 0.36989342824074073 0.2465 0.36234458333333336 0.24625 0.35790408564814813 0.24725 0.3485790416666667 0.2465 0.3445825925925926 0.2475 0.34058614583333335 0.2465 0.3348135 0.24725 0.33170515046296295 0.249 0.3228241574074074 0.2485 0.3210479583333334 0.247 0.3197158078703704 0.248 0.3077264652777778 0.24600000000000002 0.29973356944444446 0.24575 0.28996447685185184 0.249 0.2846358796296296 0.24950000000000003 0.27264653703703706 0.2485 0.24689165277777778 0.24925 0.2446714027777778 0.248 0.23934280555555554 0.2475 0.2277975138888889 0.2485 0.20959147453703703 0.2475 0.20470692824074074 0.24875 0.20248667824074074 0.2475 0.19094138657407406 0.24925 0.1678507986111111 0.2465 0.15142095833333333 0.24950000000000003 0.13454706944444444 0.251 0.12300177546296297 0.25 0.11145648379629629 0.24675 0.09502664351851851 0.244 0.06749556018518518 0.24275 0.06394316203703704 0.24075000000000002 0.02841918287037037 0.24225 0.00666074537037037 0.24600000000000002 0 0.249 0 0.30725
12 0 0.8269775 0.14295071064814815 0.8269775 0.14295071064814815 0.2285175 0 0.2285175 0 0.8269775
13 0.4356127893518518 0.35825 0.4440497337962963 0.3555 0.45159857870370373 0.3505 0.4538188287037037 0.34600000000000003 0.4538188287037037 0.33999999999999997 0.45159857870370373 0.335 0.44538188194444445 0.33025 0.4365008888888889 0.32675000000000004 0.4249555949074074 0.3255 0.41207815277777776 0.32725000000000004 0.4036412083333334 0.33075 0.39920071064814816 0.337 0.4000888101851852 0.349 0.41119005324074076 0.35650000000000004 0.42451154629629634 0.35925 0.4356127893518518 0.35825
13 0.6234458263888889 0.35375 0.6367673171296296 0.35625 0.6505328587962963 0.35524999999999995 0.6611900532407406 0.35275 0.6651865 0.34950000000000003 0.6678507986111112 0.3455 0.6691829490740742 0.33825 0.6634103009259259 0.32925 0.6545293078703703 0.3245 0.6434280648148147 0.32275 0.6265541736111111 0.325 0.6194493773148148 0.32749999999999996 0.6145648310185186 0.334 0.6132326828703704 0.33875 0.6158969814814815 0.347 0.6194493773148148 0.35150000000000003 0.6234458263888889 0.35375
13 0.31039076388888887 0.41975 0.3272646527777778 0.42050000000000004 0.33792184722222224 0.41875 0.34280639351851855 0.416 0.3494671412037037 0.408 0.3494671412037037 0.403 0.3463587916666666 0.3975 0.3383658958333334 0.3925 0.3272646527777778 0.38925000000000004 0.3134991111111111 0.3895 0.30417406712962963 0.39149999999999996 0.2992895208333333 0.39375 0.2939609236111111 0.40049999999999997 0.2939609236111111 0.40775 0.2961811712962963 0.41200000000000003 0.3037300185185185 0.41825 0.31039076388888887 0.41975
13 0.5328596805555555 0.41875 0.5466252222222222 0.41750000000000004 0.559946712962963 0.411 0.5626110115740741 0.40475 0.559946712962963 0.394 0.5497335694444444 0.38875 0.5430728240740741 0.387 0.5293072824074074 0.38675 0.5217584375 0.3885 0.5115452939814815 0.394 0.5088809953703703 0.39825000000000005 0.5079928958333334 0.40325 0.5115452939814815 0.41050000000000003 0.5257548842592593 0.41750000000000004 0.5328596805555555 0.41875
13 0.7442273541666666 0.41475 0.7548845462962963 0.41475 0.7655417407407407 0.41275 0.772646537037037 0.40875 0.7761989351851852 0.4045 0.7766429837962963 0.39699999999999996 0.7735346365740741 0.39199999999999996 0.7677619884259259 0.38625000000000004 0.7606571944444445 0.38375 0.7513321481481482 0.3825 0.7357904074074073 0.385 0.729129662037037 0.38825 0.7238010648148148 0.39475000000000005 0.7224689166666667 0.40175000000000005 0.7260213148148148 0.408 0.7313499120370369 0.4115 0.7442273541666666 0.41475
13 0.643872113425926 0.4775 0.6576376550925926 0.475 0.6638543518518518 0.472 0.6687388981481481 0.46775000000000005 0.6709591481481482 0.46325 0.6696269976851852 0.45599999999999996 0.6651865 0.451 0.6580817060185185 0.4475 0.6447602129629629 0.44625 0.6301065717592592 0.447 0.6194493773148148 0.45075 0.6158969814814815 0.45625 0.6158969814814815 0.464 0.6194493773148148 0.47025 0.6332149189814814 0.477 0.643872113425926 0.4775
13 0.8521314398148149 0.474 0.8667850810185186 0.47425 0.8721136759259259 0.47275 0.8801065717592592 0.46925 0.8863232685185186 0.4635 0.8872113680555556 0.453 0.8801065717592592 0.4465 0.8694493773148148 0.44225 0.8556838356481481 0.44175000000000003 0.8485790416666666 0.44275 0.8374777986111112 0.44725 0.8303730023148148 0.4535 0.8299289513888889 0.46099999999999997 0.8321492013888888 0.46425000000000005 0.8423623449074074 0.47100000000000003 0.8521314398148149 0.474
13 0.4205150972222222 0.47925 0.43472468981481477 0.47925 0.4440497337962963 0.47775 0.45159857870370373 0.474 0.45737122453703705 0.46649999999999997 0.45781527546296297 0.46075000000000005 0.4547069282407407 0.45525 0.44893428009259256 0.451 0.4440497337962963 0.4495 0.4280639421296296 0.4485 0.41829484953703705 0.45025000000000004 0.4107460046296296 0.45325 0.4049733564814815 0.45975 0.4036412083333334 0.4635 0.4076376550925926 0.47275 0.4147424513888889 0.47775 0.4205150972222222 0.47925
13 0.2055950277777778 0.48125 0.22735346296296297 0.48125 0.2375666064814815 0.4775 0.24333925462962963 0.47125 0.2442273541666667 0.46325 0.24156305555555554 0.45875 0.2375666064814815 0.45575 0.22380106481481482 0.451 0.2091474236111111 0.45075 0.19982237962962962 0.453 0.19138543518518517 0.45875 0.18827708796296297 0.46449999999999997 0.18872113657407408 0.4705 0.19138543518518517 0.47425 0.20026643055555554 0.48000000000000004 0.2055950277777778 0.48125
13 0.3197158078703704 0.54 0.3294849027777778 0.5407500000000001 0.34147424537037036 0.53925 0.35124334027777776 0.536 0.35657193518518515 0.52975 0.35657193518518515 0.52425 0.35257548842592595 0.51575 0.3383658958333334 0.51025 0.3206039074074074 0.51025 0.31394316203703704 0.51175 0.3055062175925926 0.5165 0.30106571990740744 0.522 0.3001776203703703 0.5265 0.3028419189814815 0.53225 0.3108348125 0.5375 0.3197158078703704 0.54
13 0.5239786851851852 0.537 0.5350799282407407 0.5385 0.5501776203703703 0.53775 0.5608348125 0.53475 0.5670515092592593 0.52925 0.5701598587962963 0.5225 0.5679396087962962 0.51525 0.5639431620370371 0.511 0.5457371226851851 0.50175 0.539520425925926 0.50025 0.5328596805555555 0.50175 0.5155417407407408 0.51125 0.5111012430555556 0.51575 0.5088809953703703 0.519 0.5106571944444445 0.52925 0.5146536412037037 0.533 0.5239786851851852 0.537
13 0.7548845462962963 0.535 0.7655417407407407 0.5335 0.7722024861111111 0.531 0.7793072824074074 0.523 0.7793072824074074 0.5185 0.7766429837962963 0.51275 0.7722024861111111 0.508 0.7659857893518519 0.505 0.7460035532407407 0.50475 0.7375666064814815 0.506 0.7300177615740742 0.50875 0.725577263888889 0.51475 0.725577263888889 0.52275 0.7304618125 0.5307499999999999 0.7415630555555555 0.5339999999999999 0.7548845462962963 0.535
13 0.8570159861111111 0.5935 0.8667850810185186 0.5935 0.8761101250000001 0.59175 0.8832149189814814 0.5882499999999999 0.8889875671296296 0.581 0.8889875671296296 0.5745 0.8836589699074074 0.5675 0.8761101250000001 0.5635 0.8676731782407408 0.56175 0.8556838356481481 0.56175 0.8432504444444445 0.56375 0.8370337476851851 0.5685 0.833481349537037 0.57525 0.8343694490740741 0.58175 0.8383658958333333 0.5875 0.8436944930555555 0.59025 0.8570159861111111 0.5935
13 0.6456483125 0.59475 0.6580817060185185 0.59375 0.6647424513888889 0.592 0.6691829490740742 0.58925 0.6745115462962963 0.5815 0.6736234467592593 0.5755 0.6696269976851852 0.5705 0.6620781527777778 0.5665 0.6554174074074074 0.5650000000000001 0.6394316157407408 0.5652499999999999 0.6336589699074074 0.5665 0.624333925925926 0.5725 0.6216696273148149 0.57675 0.6216696273148149 0.585 0.6247779745370371 0.5885 0.6305506226851852 0.59225 0.6456483125 0.59475
13 0.42184724768518517 0.597 0.43516873842592596 0.59875 0.44271758333333333 0.5982500000000001 0.4498223796296297 0.5964999999999999 0.46092362268518516 0.59 0.46403197222222226 0.58175 0.4626998217592593 0.57525 0.45204262962962966 0.5695 0.44582593287037037 0.56775 0.4320603912037037 0.56725 0.4249555949074074 0.56875 0.4151865 0.5735 0.41030195370370365 0.5785 0.40941385416666665 0.5842499999999999 0.41119005324074076 0.5885 0.4147424513888889 0.59275 0.42184724768518517 0.597
13 0.2162522199074074 0.60175 0.2309058611111111 0.60175 0.24111900462962962 0.59875 0.25 0.5885 0.2495559513888889 0.5825 0.24200710416666665 0.57375 0.22690941435185186 0.571 0.2189165185185185 0.57075 0.20737122453703702 0.57325 0.1993783310185185 0.57725 0.19582593287037037 0.5812499999999999 0.19582593287037037 0.58875 0.2015985787037037 0.59675 0.2055950277777778 0.5994999999999999 0.2162522199074074 0.60175
13 0.33570159953703704 0.65975 0.3481349907407407 0.65725 0.35301953703703703 0.65525 0.3592362337962963 0.6475000000000001 0.3601243333333333 0.6405000000000001 0.3570159861111111 0.6347499999999999 0.35301953703703703 0.63175 0.33880994675925924 0.6285 0.3294849027777778 0.6285 0.31616340972222223 0.6315 0.30950266435185186 0.63525 0.30639431712962967 0.64 0.3059502662037037 0.64675 0.31039076388888887 0.6547499999999999 0.3206039074074074 0.65875 0.33570159953703704 0.65975
13 0.5532859675925926 0.6555 0.5603907638888889 0.65325 0.5683836597222223 0.6472500000000001 0.5706039074074074 0.637 0.5639431620370371 0.62925 0.5603907638888889 0.6275 0.5510657199074074 0.62575 0.5373001782407407 0.62575 0.5261989351851851 0.62875 0.518650087962963 0.635 0.5177619884259259 0.6407499999999999 0.520426287037037 0.6477499999999999 0.5324156296296296 0.6549999999999999 0.5532859675925926 0.6555
13 0.7548845462962963 0.6535000000000001 0.7624333935185185 0.653 0.7722024861111111 0.65075 0.7793072824074074 0.64675 0.7824156296296296 0.6405000000000001 0.7810834814814815 0.633 0.772646537037037 0.62575 0.7655417407407407 0.62275 0.7522202476851851 0.62175 0.7446714027777778 0.6225 0.7335701597222223 0.6285 0.729129662037037 0.6339999999999999 0.728685613425926 0.6405000000000001 0.7304618125 0.64375 0.7446714027777778 0.6517499999999999 0.7548845462962963 0.6535000000000001
13 0.4471580810185185 0.7174999999999999 0.45737122453703705 0.715 0.4635879212962963 0.7104999999999999 0.46802841898148145 0.7032499999999999 0.46802841898148145 0.69775 0.46447602083333334 0.69175 0.45737122453703705 0.68775 0.44937833101851854 0.6855000000000001 0.4342806388888889 0.6862499999999999 0.42451154629629634 0.68825 0.41918294907407405 0.6915 0.41429840046296296 0.69925 0.41429840046296296 0.7060000000000001 0.41829484953703705 0.71225 0.4320603912037037 0.7170000000000001 0.4471580810185185 0.7174999999999999
13 0.6354351689814814 0.7112499999999999 0.6416518657407407 0.7130000000000001 0.6474245115740741 0.71375 0.6607460046296296 0.7130000000000001 0.668294849537037 0.7104999999999999 0.6758436944444445 0.70575 0.6789520416666667 0.69975 0.6789520416666667 0.6955 0.6731793958333333 0.68825 0.664298400462963 0.6835 0.6567495555555555 0.6825 0.6367673171296296 0.684 0.6301065717592592 0.68725 0.6261101250000001 0.69225 0.624333925925926 0.6955 0.6247779745370371 0.7002499999999999 0.6292184722222223 0.7075 0.6354351689814814 0.7112499999999999