6 0.5902777777777778 0.40046296296296297 0.6018518518518519 0.4050925925925926 0.6018518518518519 0.41898148148148145 0.6041666666666666 0.4212962962962963 0.6550925925925926 0.4212962962962963 0.6574074074074074 0.4236111111111111 0.6666666666666666 0.4236111111111111 0.6875 0.43287037037037035 0.6921296296296297 0.43287037037037035 0.7013888888888888 0.44212962962962965 0.7037037037037037 0.44212962962962965 0.7129629629629629 0.4583333333333333 0.7129629629629629 0.4675925925925926 0.7083333333333334 0.47685185185185186 0.6967592592592593 0.48842592592592593 0.6898148148148148 0.49074074074074076 0.6851851851851852 0.49537037037037035 0.6805555555555556 0.49537037037037035 0.6712962962962963 0.5 0.6643518518518519 0.5 0.6620370370370371 0.5023148148148148 0.6527777777777778 0.5023148148148148 0.6504629629629629 0.5046296296296297 0.6041666666666666 0.5046296296296297 0.6018518518518519 0.5069444444444444 0.6018518518518519 0.5208333333333334 0.5995370370370371 0.5231481481481481 0.5856481481481481 0.5231481481481481 0.5833333333333334 0.5208333333333334 0.5810185185185185 0.5231481481481481 0.5625 0.5231481481481481 0.5601851851851852 0.5208333333333334 0.5601851851851852 0.5069444444444444 0.5578703703703703 0.5046296296296297 0.5162037037037037 0.5046296296296297 0.4976851851851852 0.5138888888888888 0.4930555555555556 0.5185185185185185 0.49537037037037035 0.5231481481481481 0.46064814814814814 0.5231481481481481 0.4583333333333333 0.5254629629629629 0.45601851851851855 0.5231481481481481 0.45601851851851855 0.5138888888888888 0.4583333333333333 0.5092592592592593 0.4675925925925926 0.5 0.47453703703703703 0.4976851851851852 0.4837962962962963 0.49074074074074076 0.48842592592592593 0.49074074074074076 0.4976851851851852 0.4861111111111111 0.5046296296296297 0.4861111111111111 0.5069444444444444 0.4837962962962963 0.5578703703703703 0.4837962962962963 0.5601851851851852 0.48148148148148145 0.5601851851851852 0.4513888888888889 0.5555555555555556 0.4444444444444444 0.5046296296296297 0.4444444444444444 0.5023148148148148 0.44212962962962965 0.4861111111111111 0.4398148148148148 0.4722222222222222 0.43287037037037035 0.4583333333333333 0.4212962962962963 0.4537037037037037 0.41203703703703703 0.4537037037037037 0.4027777777777778 0.4583333333333333 0.40046296296296297 0.4837962962962963 0.40046296296296297 0.4861111111111111 0.4027777777777778 0.4976851851851852 0.4050925925925926 0.5 0.41203703703703703 0.5046296296296297 0.4166666666666667 0.5092592592592593 0.4166666666666667 0.5231481481481481 0.4236111111111111 0.5370370370370371 0.4236111111111111 0.5393518518518519 0.4212962962962963 0.5555555555555556 0.4212962962962963 0.5578703703703703 0.41898148148148145 0.5601851851851852 0.4050925925925926 0.5648148148148148 0.4027777777777778 0.5879629629629629 0.40046296296296297
8 0.48148148148148145 0.5254629629629629 0.4837962962962963 0.5277777777777778 0.4976851851851852 0.5277777777777778 0.5 0.5300925925925926 0.5 0.5347222222222222 0.5069444444444444 0.5416666666666666 0.5115740740740741 0.5416666666666666 0.5208333333333334 0.5462962962962963 0.5509259259259259 0.5462962962962963 0.5532407407407407 0.5439814814814815 0.5578703703703703 0.5439814814814815 0.5625 0.5393518518518519 0.5625 0.5277777777777778 0.5648148148148148 0.5254629629629629 0.6041666666666666 0.5254629629629629 0.6064814814814815 0.5300925925925926 0.6064814814814815 0.5416666666666666 0.6134259259259259 0.5462962962962963 0.6157407407407407 0.5439814814814815 0.6527777777777778 0.5439814814814815 0.6550925925925926 0.5462962962962963 0.6782407407407407 0.5486111111111112 0.6990740740740741 0.5578703703703703 0.7106481481481481 0.5671296296296297 0.7175925925925926 0.5787037037037037 0.7175925925925926 0.5902777777777778 0.7199074074074074 0.5925925925925926 0.7199074074074074 0.6018518518518519 0.7222222222222222 0.6041666666666666 0.7638888888888888 0.6041666666666666 0.7662037037037037 0.6064814814814815 0.7777777777777778 0.6064814814814815 0.7800925925925926 0.6087962962962963 0.7870370370370371 0.6087962962962963 0.7939814814814815 0.6134259259259259 0.7986111111111112 0.6134259259259259 0.8194444444444444 0.625 0.8287037037037037 0.6342592592592593 0.8333333333333334 0.6458333333333334 0.8217592592592593 0.6504629629629629 0.8078703703703703 0.6504629629629629 0.8055555555555556 0.6481481481481481 0.7916666666666666 0.6481481481481481 0.7893518518518519 0.6458333333333334 0.7847222222222222 0.6458333333333334 0.7847222222222222 0.6435185185185185 0.7731481481481481 0.6319444444444444 0.7685185185185185 0.6319444444444444 0.7662037037037037 0.6296296296296297 0.7245370370370371 0.6296296296296297 0.7222222222222222 0.6319444444444444 0.7222222222222222 0.6458333333333334 0.7199074074074074 0.6481481481481481 0.6967592592592593 0.6504629629629629 0.6944444444444444 0.6481481481481481 0.6805555555555556 0.6481481481481481 0.6759259259259259 0.6435185185185185 0.6736111111111112 0.6319444444444444 0.6712962962962963 0.6296296296296297 0.625 0.6296296296296297 0.6226851851851852 0.6273148148148148 0.6134259259259259 0.6273148148148148 0.6111111111111112 0.625 0.5925925925925926 0.6203703703703703 0.5879629629629629 0.6157407407407407 0.5810185185185185 0.6134259259259259 0.5694444444444444 0.6018518518518519 0.5648148148148148 0.5902777777777778 0.5648148148148148 0.5740740740740741 0.5601851851851852 0.5671296296296297 0.5115740740740741 0.5671296296296297 0.5092592592592593 0.5648148148148148 0.49074074074074076 0.5625 0.4699074074074074 0.5509259259259259 0.4583333333333333 0.5393518518518519 0.45601851851851855 0.5277777777777778 0.4583333333333333 0.5254629629629629 0.4791666666666667 0.5254629629629629
11 0.0217584375 0.7875 0.020426287037037038 0.7899999999999999 0.0217584375 0.7979999999999999 0.01820603935185185 0.8027500000000001 0.01909413888888889 0.80775 0.01687388888888889 0.8109999999999999 0.01687388888888889 0.8182499999999999 0.019982238425925926 0.82233325 0.020426287037037038 0.8270000000000001 0.024422736111111114 0.8310000000000001 0.025754884259259262 0.836 0.03330372916666667 0.8352499999999999 0.039520425925925924 0.837 0.05550621759259259 0.837 0.060390763888888886 0.8380000000000001 0.8072824166666668 0.82725 0.8246003541666667 0.8255 0.8672291296296296 0.826 0.8801065717592592 0.8255 0.8818827708333333 0.8245 0.9635879212962963 0.8245 0.9649200717592592 0.82325 0.9911190046296297 0.82325 0.999555951388889 0.81725 0.999555951388889 0.2925 0.9973357013888888 0.28925 0.9968916527777778 0.282 0.9946714027777778 0.2795 0.9964476018518519 0.27475 0.9937833032407407 0.2715 0.9844582592592593 0.2655 0.9760213148148148 0.26425000000000004 0.9666962708333334 0.26125 0.9569271759259259 0.261 0.9476021319444444 0.2595 0.8761101250000001 0.25975 0.8645648310185186 0.26075000000000004 0.6465364120370369 0.26125 0.583481349537037 0.26175 0.5714920069444445 0.263 0.5666074606481482 0.263 0.5639431620370371 0.262 0.5217584375 0.2635 0.43294849074074077 0.2635 0.41829484953703705 0.26475 0.4076376550925926 0.264 0.39342806481481485 0.2645 0.3903197152777778 0.266 0.3863232685185185 0.2655 0.38454706944444444 0.26625 0.38055062268518514 0.265 0.37255772685185184 0.2645 0.18738898842592594 0.26699999999999996 0.18383659027777777 0.26775 0.13943161574074073 0.2675 0.09103019444444443 0.269 0.06749556018518518 0.2725 0.06571936111111111 0.27399999999999997 0.05683836574074074 0.27525 0.047069270833333336 0.27925 0.045293071759259264 0.28150000000000003 0.03818827777777778 0.28475 0.030195381944444443 0.29375 0.025754884259259262 0.29550000000000004 0.023090585648148147 0.29925 0.020870337962962962 0.30375 0.0195381875 0.319 0.019982238425925926 0.38525 0.022646537037037034 0.43849999999999995 0.020870337962962962 0.44925 0.0217584375 0.7875
12 1 0.74592875 0.009182949074074074 0.74592875 0.009182949074074074 0.83009625 1 0.83009625 1 0.74592875
13 0.4045293078703704 0.35925 0.4080817060185185 0.361 0.4147424513888889 0.36224999999999996 0.41740675 0.36125 0.4222912962962963 0.3615 0.4316163402777778 0.35775 0.4391651875 0.35225 0.44182948379629633 0.34725 0.4409413865740741 0.33925000000000005 0.43738898842592594 0.33425 0.4316163402777778 0.33099999999999996 0.4147424513888889 0.32775 0.4045293078703704 0.32899999999999996 0.3912078148148148 0.33275 0.3854351689814815 0.3385 0.38587921759259264 0.34750000000000003 0.3898756666666667 0.3535 0.39698046296296297 0.35800000000000004 0.4045293078703704 0.35925
13 0.6154529305555556 0.35625 0.6194493773148148 0.359 0.6296625231481481 0.36125 0.6358792175925926 0.361 0.643872113425926 0.35874999999999996 0.6545293078703703 0.35225 0.6585257546296297 0.34800000000000003 0.6598579050925926 0.34075 0.6576376550925926 0.33449999999999996 0.6514209583333334 0.32875000000000004 0.6407637662037038 0.32399999999999995 0.6261101250000001 0.3235 0.6190053287037037 0.3245 0.6092362337962962 0.32825 0.6021314398148149 0.33599999999999997 0.6025754884259259 0.3485 0.6052397870370371 0.3525 0.6092362337962962 0.35475 0.6154529305555556 0.35625
13 0.7406749560185185 0.41725 0.7535523981481481 0.41575 0.7628774421296297 0.41175 0.7695381875 0.40549999999999997 0.771314386574074 0.40125 0.7659857893518519 0.39175 0.7584369444444445 0.387 0.7486678518518518 0.38525 0.7335701597222223 0.38475 0.727353462962963 0.3855 0.7193605694444444 0.38975000000000004 0.7149200717592592 0.394 0.7131438726851852 0.39849999999999997 0.7126998217592593 0.4075 0.7184724699074074 0.41225 0.7295737129629629 0.41625 0.7406749560185185 0.41725
13 0.5159857893518518 0.4185 0.5324156296296296 0.41900000000000004 0.5386323263888889 0.418 0.5439609236111111 0.41675 0.5510657199074074 0.41125 0.5528419189814815 0.40700000000000003 0.5519538194444444 0.4 0.5470692708333333 0.393 0.5439609236111111 0.39175 0.5288632337962963 0.389 0.5173179398148148 0.389 0.5053285972222222 0.39199999999999996 0.5013321481481482 0.394 0.499111900462963 0.39775 0.4973357013888889 0.4045 0.49955595138888886 0.408 0.5071047962962963 0.415 0.5159857893518518 0.4185
13 0.3068383657407407 0.42274999999999996 0.3143872106481482 0.42225 0.3241563055555556 0.41925 0.33436944907407407 0.408 0.33170515046296295 0.40025 0.3263765532407408 0.39375 0.3241563055555556 0.39225 0.312166962962963 0.3895 0.29795737037037034 0.39025 0.28996447685185184 0.39199999999999996 0.2815275300925926 0.3975 0.2784191828703704 0.40199999999999997 0.2784191828703704 0.408 0.2841918287037037 0.41675 0.28907637731481484 0.4195 0.3068383657407407 0.42274999999999996
13 0.18872113657407408 0.48500000000000004 0.20293072916666668 0.4855 0.2144760208333333 0.48225 0.22246891666666666 0.47674999999999995 0.22513321527777777 0.47100000000000003 0.22424511574074074 0.4635 0.21714031944444445 0.457 0.206483125 0.45325 0.18561278935185185 0.45225000000000004 0.1749555949074074 0.45675 0.16829484953703702 0.4635 0.1678507986111111 0.47125 0.17140319675925927 0.47725 0.17850799305555556 0.48225 0.18872113657407408 0.48500000000000004
13 0.40852575462962964 0.48225 0.4249555949074074 0.48275 0.4325044398148148 0.48000000000000004 0.4422735347222222 0.4735 0.4444937824074074 0.46775000000000005 0.4431616342592593 0.45975 0.4356127893518518 0.45325 0.4271758425925926 0.45075 0.41829484953703705 0.44925 0.4005328587962963 0.452 0.39209591435185187 0.45725000000000005 0.3898756666666667 0.46149999999999997 0.3898756666666667 0.46725 0.39342806481481485 0.47525 0.39875665972222224 0.479 0.40852575462962964 0.48225
13 0.8476909421296297 0.47825 0.8685612777777778 0.47674999999999995 0.8787744236111111 0.47100000000000003 0.8827708703703704 0.4635 0.8814387222222222 0.45625 0.875666074074074 0.45 0.8658969814814815 0.44549999999999995 0.8556838356481481 0.4435 0.8414742453703703 0.44425 0.8281527523148149 0.44899999999999995 0.8237122546296297 0.45399999999999996 0.8232682060185185 0.46425000000000005 0.8312611018518519 0.47324999999999995 0.8379218472222222 0.47600000000000003 0.8476909421296297 0.47825
13 0.6150088819444444 0.47975 0.6345470694444444 0.481 0.646980462962963 0.48024999999999995 0.6549733564814815 0.47800000000000004 0.6629662523148149 0.472 0.6656305509259259 0.4655 0.6629662523148149 0.45625 0.6594138541666666 0.45275 0.646980462962963 0.4475 0.6336589699074074 0.44625 0.6101243333333334 0.44825000000000004 0.6056838356481481 0.4495 0.6052397870370371 0.47425 0.6083481342592593 0.479 0.6123445833333334 0.4805 0.6150088819444444 0.47975
13 0.7424511550925926 0.54125 0.7548845462962963 0.5409999999999999 0.7655417407407407 0.53725 0.7717584375000001 0.53275 0.7748667847222223 0.52725 0.7739786851851852 0.5187499999999999 0.7677619884259259 0.5115 0.7557726458333334 0.5075000000000001 0.7455595023148148 0.5065 0.7371225578703703 0.50675 0.7242451157407408 0.511 0.7189165185185185 0.515 0.7158081712962963 0.52225 0.7153641203703704 0.527 0.7184724699074074 0.53225 0.7309058611111111 0.5385 0.7424511550925926 0.54125
13 0.5381882777777778 0.54125 0.5430728240740741 0.5407500000000001 0.5515097685185185 0.5365 0.5572824166666667 0.529 0.5572824166666667 0.52225 0.5510657199074074 0.515 0.543516875 0.5105 0.5333037291666667 0.5085 0.5190941388888889 0.50875 0.5146536412037037 0.51 0.5048845462962963 0.5155 0.5026642986111112 0.519 0.5 0.526 0.5155417407407408 0.539 0.522646537037037 0.5407500000000001 0.5381882777777778 0.54125
13 0.29973356944444446 0.54475 0.31172291203703706 0.54525 0.3241563055555556 0.54325 0.32815275231481483 0.54125 0.3370337476851852 0.53325 0.3383658958333334 0.529 0.33570159953703704 0.52275 0.32815275231481483 0.517 0.3206039074074074 0.51375 0.30728241666666667 0.51275 0.29662522222222226 0.51475 0.2859680277777778 0.51975 0.2824156296296296 0.524 0.28197158101851855 0.5315 0.28552397916666666 0.5375 0.290408525462963 0.54125 0.29973356944444446 0.54475
13 0.20293072916666668 0.60875 0.2131438726851852 0.60675 0.22380106481481482 0.60175 0.2277975138888889 0.59725 0.22690941435185186 0.585 0.2206927175925926 0.58 0.21003552314814816 0.5755 0.19582593287037037 0.5750000000000001 0.18516873842592593 0.5775 0.1749555949074074 0.5825 0.17051509722222222 0.58775 0.17051509722222222 0.5950000000000001 0.17539964583333334 0.6020000000000001 0.18916518750000003 0.60875 0.20293072916666668 0.60875
13 0.4227353472222222 0.60625 0.4320603912037037 0.6052500000000001 0.4391651875 0.6024999999999999 0.44804618055555556 0.5952500000000001 0.44893428009259256 0.58675 0.44582593287037037 0.581 0.43827708796296294 0.57575 0.42850799305555554 0.57275 0.4138543518518518 0.57275 0.4027531087962963 0.5755 0.39920071064814816 0.5770000000000001 0.39342806481481485 0.5842499999999999 0.3929840138888889 0.5915 0.39875665972222224 0.6005 0.41563055092592593 0.60575 0.4227353472222222 0.60625
13 0.6238898749999999 0.59975 0.6332149189814814 0.6022500000000001 0.6447602129629629 0.6024999999999999 0.6554174074074074 0.6012500000000001 0.6629662523148149 0.597 0.6691829490740742 0.588 0.668294849537037 0.5812499999999999 0.6660745995370371 0.57775 0.6611900532407406 0.57425 0.6527531087962963 0.5722499999999999 0.6296625231481481 0.5700000000000001 0.6198934282407408 0.574 0.6145648310185186 0.578 0.6127886319444444 0.581 0.6132326828703704 0.5885 0.6190053287037037 0.5964999999999999 0.6238898749999999 0.59975
13 0.8690053287037037 0.601 0.8796625231481481 0.59775 0.8872113680555556 0.59175 0.8885435162037036 0.58375 0.8845470694444444 0.57475 0.8792184722222223 0.57075 0.8694493773148148 0.56775 0.8556838356481481 0.5675 0.8419182939814815 0.5695 0.8299289513888889 0.578 0.8285968032407408 0.582 0.8303730023148148 0.588 0.8450266435185185 0.60025 0.8690053287037037 0.601
13 0.7411190046296297 0.6647500000000001 0.751776199074074 0.6659999999999999 0.7646536412037037 0.6645000000000001 0.772646537037037 0.66125 0.7788632337962963 0.6549999999999999 0.7824156296296296 0.6472500000000001 0.7815275300925926 0.64425 0.7766429837962963 0.6405000000000001 0.7722024861111111 0.6345 0.7584369444444445 0.63125 0.7442273541666666 0.6307499999999999 0.7375666064814815 0.6315 0.7344582592592593 0.63225 0.7295737129629629 0.636 0.7260213148148148 0.64125 0.7242451157407408 0.65325 0.7282415624999999 0.6582499999999999 0.7340142106481481 0.6619999999999999 0.7411190046296297 0.6647500000000001
13 0.520870337962963 0.66575 0.5324156296296296 0.6675 0.5470692708333333 0.66575 0.5546181180555555 0.6619999999999999 0.5586145648148149 0.6582499999999999 0.5612788634259259 0.65125 0.559946712962963 0.644 0.5510657199074074 0.63675 0.5408525763888888 0.633 0.5261989351851851 0.63275 0.5190941388888889 0.6339999999999999 0.5088809953703703 0.6395000000000001 0.5044404976851852 0.64625 0.5039964467592593 0.65325 0.5062166967592593 0.6579999999999999 0.5119893425925925 0.66275 0.520870337962963 0.66575
13 0.30328596759259263 0.6689999999999999 0.3183836597222222 0.66925 0.32904085185185183 0.66625 0.33658969907407404 0.6619999999999999 0.34103019444444443 0.65525 0.34103019444444443 0.6495 0.33747779861111116 0.643 0.3277087037037037 0.63825 0.31483126157407404 0.63675 0.30639431712962967 0.63675 0.2961811712962963 0.639 0.28774422685185186 0.64375 0.2846358796296296 0.64925 0.28330372916666663 0.6547499999999999 0.2886323263888889 0.663 0.29662522222222226 0.66725 0.30328596759259263 0.6689999999999999
13 0.4129662523148148 0.72975 0.42095914814814817 0.731 0.43294849074074077 0.73075 0.44360568287037033 0.72675 0.45026643055555554 0.722 0.45248667824074074 0.7170000000000001 0.4507104791666667 0.7072499999999999 0.4484902314814815 0.70475 0.43516873842592596 0.698 0.42761989351851853 0.6972499999999999 0.41563055092592593 0.69825 0.4014209583333333 0.7030000000000001 0.39698046296296297 0.70775 0.39653641203703704 0.7170000000000001 0.39964475925925924 0.72375 0.4058614560185185 0.7274999999999999 0.4129662523148148 0.72975
13 0.6341030185185185 0.7274999999999999 0.6416518657407407 0.7284999999999999 0.6531971574074075 0.7277499999999999 0.664298400462963 0.7244999999999999 0.6714031967592592 0.7200000000000001 0.6745115462962963 0.7135 0.6718472476851851 0.70625 0.6656305509259259 0.6995 0.6576376550925926 0.697 0.6487566597222222 0.6962499999999999 0.6403197152777778 0.69425 0.6332149189814814 0.6945 0.6216696273148149 0.70075 0.6176731782407408 0.7060000000000001 0.6176731782407408 0.71375 0.6198934282407408 0.7202500000000001 0.624333925925926 0.724 0.6341030185185185 0.7274999999999999