9 0.625 0.42824074074074076 0.6273148148148148 0.4305555555555556 0.6435185185185185 0.4305555555555556 0.6458333333333334 0.43287037037037035 0.6527777777777778 0.43287037037037035 0.6597222222222222 0.4375 0.6643518518518519 0.4375 0.6689814814814815 0.4398148148148148 0.6828703703703703 0.45601851851851855 0.6828703703703703 0.4722222222222222 0.6782407407407407 0.4791666666666667 0.6481481481481481 0.4976851851851852 0.6481481481481481 0.5023148148148148 0.6527777777777778 0.5069444444444444 0.6574074074074074 0.5069444444444444 0.6759259259259259 0.5185185185185185 0.6828703703703703 0.5300925925925926 0.6828703703703703 0.5439814814814815 0.6689814814814815 0.5601851851851852 0.6620370370370371 0.5601851851851852 0.6412037037037037 0.5462962962962963 0.6458333333333334 0.5416666666666666 0.6481481481481481 0.5324074074074074 0.6435185185185185 0.5254629629629629 0.6319444444444444 0.5208333333333334 0.6273148148148148 0.5162037037037037 0.6157407407407407 0.5162037037037037 0.6064814814814815 0.5231481481481481 0.5972222222222222 0.5231481481481481 0.5879629629629629 0.5162037037037037 0.5810185185185185 0.5138888888888888 0.5787037037037037 0.5092592592592593 0.5972222222222222 0.4976851851851852 0.5949074074074074 0.49537037037037035 0.5879629629629629 0.49537037037037035 0.5833333333333334 0.49074074074074076 0.5787037037037037 0.49074074074074076 0.5648148148148148 0.48148148148148145 0.5555555555555556 0.4675925925925926 0.5601851851851852 0.4513888888888889 0.5787037037037037 0.4375 0.5902777777777778 0.43287037037037035 0.5972222222222222 0.43287037037037035 0.5995370370370371 0.4305555555555556 0.6180555555555556 0.4305555555555556 0.6226851851851852 0.42824074074074076
11 0 0.7055 0.002220247685185185 0.70575 0.004884546296296296 0.7085 0.011989342592592591 0.7097500000000001 0.03996447685185185 0.7075 0.04262877546296297 0.70625 0.04662522222222222 0.708 0.07637655324074073 0.7045 0.26287744212962966 0.7045 0.30817051620370367 0.7027500000000001 0.33658969907407404 0.7042499999999999 0.4187388981481482 0.7034999999999999 0.42539964583333334 0.7027500000000001 0.43472468981481477 0.7034999999999999 0.4871225578703704 0.7025 0.5133214930555555 0.7032499999999999 0.542628775462963 0.7020000000000001 0.5657193611111111 0.7030000000000001 0.6802841921296297 0.7015 0.7451154537037037 0.7020000000000001 0.7739786851851852 0.701 0.7868561273148148 0.6995 0.8081705162037037 0.693 0.8246003541666667 0.6817500000000001 0.8303730023148148 0.67325 0.8321492013888888 0.6689999999999999 0.833037300925926 0.642 0.8321492013888888 0.5185 0.8308170509259258 0.51275 0.83259325 0.4255 0.8312611018518519 0.409 0.833037300925926 0.39425 0.83259325 0.26425000000000004 0.8303730023148148 0.25225 0.8174955601851851 0.23675 0.8037300185185186 0.23 0.7961811712962963 0.22874999999999998 0.7828596805555555 0.224 0.7433392546296297 0.2225 0.7335701597222223 0.22274999999999998 0.728685613425926 0.224 0.7153641203703704 0.222 0.7100355231481481 0.22274999999999998 0.6705150972222222 0.22225 0.6634103009259259 0.22325 0.643872113425926 0.223 0.6416518657407407 0.224 0.6367673171296296 0.2235 0.6301065717592592 0.22525 0.6039076365740741 0.22225 0.5968028425925925 0.22325 0.5603907638888889 0.22325 0.5439609236111111 0.225 0.5399644768518519 0.224 0.5333037291666667 0.225 0.5261989351851851 0.224 0.5222024861111111 0.22475 0.5190941388888889 0.22325 0.5119893425925925 0.223 0.4884547060185185 0.224 0.4626998217592593 0.223 0.4600355231481481 0.22425 0.45737122453703705 0.2235 0.44538188194444445 0.22425 0.4147424513888889 0.22225 0.4009769097222222 0.2235 0.39698046296296297 0.22525 0.38010657175925927 0.22325 0.37477797453703704 0.22449999999999998 0.36634103009259256 0.22475 0.35301953703703703 0.22274999999999998 0.34280639351851855 0.22425 0.32460035416666666 0.223 0.3183836597222222 0.225 0.3174955601851852 0.2265 0.2961811712962963 0.22475 0.28996447685185184 0.2275 0.2841918287037037 0.22775 0.26953818749999997 0.22449999999999998 0.26376554166666666 0.22624999999999998 0.2477797523148148 0.22624999999999998 0.24156305555555554 0.225 0.18516873842592593 0.22375 0.18250443981481482 0.22475 0.17362344675925925 0.22475 0.16607459953703702 0.22624999999999998 0.1549733564814815 0.22624999999999998 0.15097690972222222 0.22449999999999998 0.14742451157407407 0.225 0.14209591435185184 0.2235 0.13676731712962964 0.2255 0.126110125 0.22525 0.12344582638888889 0.22375 0.12033747685185185 0.22375 0.11589698148148148 0.224 0.11412078240740742 0.22575 0.10968028472222223 0.22624999999999998 0.09769094212962963 0.226 0.0821492013888889 0.22225 0.08081705092592592 0.219 0.07504440509259258 0.21675 0.06261101157407407 0.21625 0.05728241666666666 0.21325 0.04973356944444445 0.21275 0.04884546990740741 0.2135 0.026198935185185186 0.211 0.026198935185185186 0.21 0.023978685185185183 0.21 0.0217584375 0.211 0.020870337962962962 0.21325 0.01554174074074074 0.21325 0.012433393518518519 0.21650000000000003 0.008436944444444445 0.21625 0 0.21875 0 0.7055
12 0 0.722225 0.10708703472222221 0.722225 0.10708703472222221 0.20638 0 0.20638 0 0.722225
13 0.33880994675925924 0.3215 0.35435168749999996 0.32225 0.36678508101851853 0.31325000000000003 0.36767317824074075 0.30625 0.3658969814814815 0.30174999999999996 0.35657193518518515 0.29575 0.3516873888888889 0.29425 0.3432504444444444 0.29325 0.3312611018518518 0.295 0.32326820601851847 0.29974999999999996 0.32015985879629627 0.30375 0.32015985879629627 0.31024999999999997 0.3237122546296296 0.315 0.32815275231481483 0.31875 0.33880994675925924 0.3215
13 0.5222024861111111 0.32275 0.5328596805555555 0.32275 0.5404085254629629 0.3215 0.5457371226851851 0.319 0.5519538194444444 0.31174999999999997 0.5515097685185185 0.30324999999999996 0.5475133217592593 0.29824999999999996 0.5444049722222223 0.2965 0.5328596805555555 0.2935 0.5261989351851851 0.2935 0.5142095925925926 0.296 0.5084369444444444 0.29875 0.5053285972222222 0.30425 0.5053285972222222 0.30975 0.5088809953703703 0.315 0.518650087962963 0.32175000000000004 0.5222024861111111 0.32275
13 0.6185612777777778 0.3745 0.6301065717592592 0.3745 0.6380994675925926 0.37124999999999997 0.6420959143518518 0.36825 0.6447602129629629 0.36374999999999996 0.643872113425926 0.35575 0.6416518657407407 0.3525 0.6314387222222222 0.34775 0.6194493773148148 0.3465 0.6087921851851852 0.34824999999999995 0.6021314398148149 0.35075 0.5972468912037037 0.35650000000000004 0.5968028425925925 0.36275 0.604795736111111 0.37124999999999997 0.6087921851851852 0.37274999999999997 0.6185612777777778 0.3745
13 0.4258436944444444 0.37325 0.4356127893518518 0.375 0.4422735347222222 0.37474999999999997 0.45248667824074074 0.372 0.4595914745370371 0.3665 0.4604795740740741 0.35925 0.45781527546296297 0.35450000000000004 0.4547069282407407 0.35150000000000003 0.4484902314814815 0.3485 0.43960923611111113 0.34675 0.4316163402777778 0.34675 0.42539964583333334 0.34800000000000003 0.41740675 0.35150000000000003 0.41341030092592596 0.35575 0.41252220138888884 0.3605 0.4138543518518518 0.365 0.4196269976851852 0.37 0.4258436944444444 0.37325
13 0.2424511550925926 0.37400000000000005 0.2584369444444445 0.37424999999999997 0.26820603935185183 0.371 0.27397868518518514 0.3665 0.27575488425925926 0.3595 0.2717584375 0.35225 0.26820603935185183 0.34925 0.2584369444444445 0.3465 0.250888099537037 0.34600000000000003 0.2375666064814815 0.34800000000000003 0.23001776157407405 0.352 0.22735346296296297 0.35575 0.22646536342592594 0.36074999999999996 0.22868561342592594 0.366 0.23312611111111112 0.37050000000000005 0.2424511550925926 0.37400000000000005
13 0.1647424513888889 0.42624999999999996 0.17140319675925927 0.4245 0.1798401412037037 0.41975 0.18294849074074074 0.415 0.18072824074074076 0.40724999999999995 0.17628774537037037 0.40325 0.16829484953703702 0.3995 0.15408525694444444 0.39875 0.14653641203703704 0.40049999999999997 0.1385435162037037 0.40399999999999997 0.13499111805555555 0.408 0.13587921759259258 0.4185 0.14476021296296296 0.4245 0.14920071064814813 0.42575 0.1647424513888889 0.42624999999999996
13 0.33658969907407404 0.42575 0.3454706921296296 0.42624999999999996 0.35435168749999996 0.4245 0.36678508101851853 0.4195 0.3690053287037037 0.41575 0.3658969814814815 0.40525000000000005 0.35657193518518515 0.40025 0.3459147430555556 0.39825000000000005 0.33259325 0.40049999999999997 0.3263765532407408 0.40399999999999997 0.3219360578703704 0.41025 0.32149200694444446 0.415 0.3241563055555556 0.42025 0.33170515046296295 0.42474999999999996 0.33658969907407404 0.42575
13 0.5213143865740741 0.42525 0.5333037291666667 0.42575 0.5404085254629629 0.424 0.5488454699074075 0.42 0.5515097685185185 0.4165 0.5506216689814815 0.4075 0.5430728240740741 0.401 0.5301953819444445 0.39899999999999997 0.5190941388888889 0.3995 0.5102131435185185 0.40375 0.5062166967592593 0.40875 0.5057726458333334 0.416 0.5088809953703703 0.42100000000000004 0.5133214930555555 0.42324999999999996 0.5213143865740741 0.42525
13 0.7175843703703704 0.42674999999999996 0.7242451157407408 0.42575 0.7353463587962963 0.4185 0.7375666064814815 0.41275 0.7366785069444445 0.40724999999999995 0.7309058611111111 0.40049999999999997 0.7215808171296296 0.39725 0.7109236226851853 0.39699999999999996 0.6993783310185185 0.3995 0.6922735347222222 0.40375 0.6887211365740741 0.408 0.6887211365740741 0.41475 0.690941386574074 0.41875 0.7051509768518519 0.42600000000000005 0.7175843703703704 0.42674999999999996
13 0.623001775462963 0.48075 0.6252220254629629 0.47825 0.6301065717592592 0.47725 0.6376554166666666 0.4735 0.643872113425926 0.46799999999999997 0.6443161643518519 0.45975 0.6412078148148148 0.45625 0.6358792175925926 0.45325 0.626998224537037 0.45075 0.6123445833333334 0.45075 0.5990230902777779 0.45625 0.5968028425925925 0.45975 0.5950266435185185 0.4635 0.5985790416666666 0.4715 0.6172291296296296 0.48075 0.623001775462963 0.48075
13 0.4431616342592593 0.47825 0.45159857870370373 0.47674999999999995 0.4569271759259259 0.474 0.46092362268518516 0.46974999999999995 0.46225577314814814 0.467 0.4613676736111111 0.46125 0.45515097685185185 0.45599999999999996 0.4449378333333333 0.4515 0.4320603912037037 0.45075 0.42451154629629634 0.45225000000000004 0.41918294907407405 0.455 0.41429840046296296 0.4605 0.4147424513888889 0.46875 0.42007104861111116 0.475 0.4249555949074074 0.47725 0.4431616342592593 0.47825
13 0.24067495601851852 0.47725 0.2531083472222222 0.479 0.2650976898148148 0.4785 0.27220248611111114 0.47600000000000003 0.27708703472222224 0.46775000000000005 0.27708703472222224 0.4635 0.27220248611111114 0.45675 0.2655417407407408 0.45275 0.2526642986111111 0.45075 0.24111900462962962 0.45175000000000004 0.2353463587962963 0.45425 0.22957371296296294 0.4605 0.22868561342592594 0.46725 0.23001776157407405 0.47075 0.23312611111111112 0.474 0.24067495601851852 0.47725
13 0.7122557731481481 0.529 0.7202486689814814 0.5285000000000001 0.7269094143518517 0.52675 0.7349023101851851 0.5215000000000001 0.7371225578703703 0.5167499999999999 0.7366785069444445 0.51175 0.7349023101851851 0.5085 0.727353462962963 0.50325 0.7149200717592592 0.50175 0.7024866782407407 0.5025000000000001 0.6967140324074074 0.5045 0.6887211365740741 0.51025 0.687833037037037 0.51525 0.690941386574074 0.522 0.7038188287037037 0.528 0.7122557731481481 0.529
13 0.5195381875 0.52775 0.5341918287037037 0.52825 0.5430728240740741 0.52675 0.5484014212962963 0.5235 0.5515097685185185 0.5195 0.5515097685185185 0.51175 0.5479573703703703 0.50625 0.5444049722222223 0.50425 0.5337477800925926 0.502 0.5155417407407408 0.50425 0.5088809953703703 0.50725 0.5057726458333334 0.512 0.5053285972222222 0.5155 0.5079928958333334 0.5215000000000001 0.5119893425925925 0.52475 0.5195381875 0.52775
13 0.3450266435185185 0.5295 0.35257548842592595 0.52975 0.3592362337962963 0.528 0.36767317824074075 0.52275 0.37033747685185187 0.51775 0.36989342824074073 0.512 0.36634103009259256 0.508 0.3574600347222222 0.504 0.3459147430555556 0.50225 0.33436944907407407 0.50375 0.3277087037037037 0.5065 0.3228241574074074 0.51175 0.32326820601851847 0.52025 0.3277087037037037 0.52525 0.3312611018518518 0.527 0.3450266435185185 0.5295
13 0.1580817060185185 0.531 0.17140319675925927 0.5295 0.17584369444444445 0.5275 0.18339253935185185 0.5205 0.18339253935185185 0.5115 0.1798401412037037 0.508 0.17140319675925927 0.5035 0.15674955555555556 0.503 0.14609236342592594 0.50425 0.14031971527777778 0.5075000000000001 0.13543516898148147 0.51375 0.13676731712962964 0.522 0.14342806481481482 0.5275 0.14964475925925924 0.53 0.1580817060185185 0.531
13 0.25177619907407406 0.5812499999999999 0.2584369444444445 0.582 0.26865008796296297 0.58 0.2744227361111111 0.5770000000000001 0.27708703472222224 0.57325 0.2775310833333333 0.56475 0.2748667847222222 0.5599999999999999 0.2677619884259259 0.5565 0.25888099537037035 0.5545 0.25133214814814814 0.5545 0.24156305555555554 0.5565 0.23223801157407406 0.5619999999999999 0.23001776157407405 0.566 0.2309058611111111 0.5745 0.23401421064814815 0.578 0.2446714027777778 0.58175 0.25177619907407406 0.5812499999999999
13 0.4391651875 0.58075 0.4498223796296297 0.579 0.4582593240740741 0.574 0.4618117222222222 0.56875 0.4618117222222222 0.56475 0.45781527546296297 0.55925 0.45248667824074074 0.55575 0.4462699814814815 0.5535 0.43960923611111113 0.5527500000000001 0.4320603912037037 0.55325 0.4249555949074074 0.55525 0.41429840046296296 0.564 0.41429840046296296 0.57125 0.42184724768518517 0.57875 0.4262877453703704 0.57975 0.4391651875 0.58075
13 0.6056838356481481 0.57775 0.6158969814814815 0.57975 0.6238898749999999 0.57975 0.6332149189814814 0.57825 0.6394316157407408 0.5750000000000001 0.6429840138888889 0.57075 0.6447602129629629 0.56325 0.6425399652777778 0.5595 0.6336589699074074 0.55425 0.6238898749999999 0.5529999999999999 0.6123445833333334 0.55375 0.606127886574074 0.5555 0.5999111898148148 0.56075 0.5976909421296297 0.5645 0.5976909421296297 0.57125 0.6021314398148149 0.57625 0.6056838356481481 0.57775
13 0.5195381875 0.63175 0.5333037291666667 0.63275 0.5404085254629629 0.63125 0.5479573703703703 0.6275 0.5506216689814815 0.62475 0.5523978680555556 0.62025 0.5515097685185185 0.61375 0.5457371226851851 0.608 0.539520425925926 0.60575 0.5306394305555555 0.6045 0.5182060393518518 0.6052500000000001 0.5088809953703703 0.61075 0.5062166967592593 0.6155 0.5057726458333334 0.6204999999999999 0.5075488449074074 0.625 0.5102131435185185 0.6277499999999999 0.5195381875 0.63175
13 0.35257548842592595 0.6337499999999999 0.3610124328703704 0.63125 0.36944937731481486 0.6234999999999999 0.36989342824074073 0.6155 0.36767317824074075 0.6115 0.3627886319444445 0.6085 0.3485790416666667 0.6055 0.33880994675925924 0.6055 0.33259325 0.60725 0.32682060416666664 0.611 0.32326820601851847 0.6162500000000001 0.3241563055555556 0.62725 0.32859680324074075 0.6305 0.3383658958333334 0.6335000000000001 0.35257548842592595 0.6337499999999999