2 0.3819444444444444 0.4652777777777778 0.4050925925925926 0.4652777777777778 0.4074074074074074 0.46296296296296297 0.41203703703703703 0.4652777777777778 0.4236111111111111 0.4652777777777778 0.42824074074074076 0.4699074074074074 0.42824074074074076 0.48148148148148145 0.4305555555555556 0.4837962962962963 0.48148148148148145 0.4837962962962963 0.4837962962962963 0.4861111111111111 0.4930555555555556 0.4861111111111111 0.49537037037037035 0.48842592592592593 0.5069444444444444 0.49074074074074076 0.5208333333333334 0.4976851851851852 0.5347222222222222 0.5092592592592593 0.5393518518518519 0.5185185185185185 0.5393518518518519 0.5254629629629629 0.5347222222222222 0.5254629629629629 0.5324074074074074 0.5277777777777778 0.4976851851851852 0.5254629629629629 0.48842592592592593 0.5138888888888888 0.4699074074074074 0.5069444444444444 0.4375 0.5069444444444444 0.42824074074074076 0.5138888888888888 0.4305555555555556 0.5162037037037037 0.4305555555555556 0.5231481481481481 0.42592592592592593 0.5277777777777778 0.39351851851851855 0.5277777777777778 0.3912037037037037 0.5300925925925926 0.3819444444444444 0.5254629629629629 0.3819444444444444 0.5208333333333334 0.37962962962962965 0.5185185185185185 0.3819444444444444 0.5162037037037037 0.3819444444444444 0.5115740740740741 0.37962962962962965 0.5092592592592593 0.32407407407407407 0.5092592592592593 0.31712962962962965 0.5138888888888888 0.31712962962962965 0.5254629629629629 0.3148148148148148 0.5277777777777778 0.3055555555555556 0.5277777777777778 0.30324074074074076 0.5300925925925926 0.30092592592592593 0.5277777777777778 0.26851851851851855 0.5277777777777778 0.2662037037037037 0.5254629629629629 0.2662037037037037 0.5138888888888888 0.2638888888888889 0.5115740740740741 0.22916666666666666 0.5115740740740741 0.2175925925925926 0.5162037037037037 0.20601851851851852 0.5300925925925926 0.1875 0.5300925925925926 0.18518518518518517 0.5324074074074074 0.18055555555555555 0.5300925925925926 0.1712962962962963 0.5300925925925926 0.16898148148148148 0.5324074074074074 0.1550925925925926 0.5324074074074074 0.1527777777777778 0.5277777777777778 0.1574074074074074 0.5162037037037037 0.16898148148148148 0.5046296296296297 0.1875 0.49537037037037035 0.19212962962962962 0.49537037037037035 0.2013888888888889 0.49074074074074076 0.21064814814814814 0.49074074074074076 0.21296296296296297 0.48842592592592593 0.23842592592592593 0.48842592592592593 0.24074074074074073 0.4861111111111111 0.24537037037037038 0.48842592592592593 0.24768518518518517 0.4861111111111111 0.26157407407407407 0.4861111111111111 0.2662037037037037 0.48148148148148145 0.2638888888888889 0.47685185185185186 0.2638888888888889 0.4699074074074074 0.2662037037037037 0.4675925925925926 0.3125 0.4675925925925926 0.3148148148148148 0.4699074074074074 0.3148148148148148 0.4837962962962963 0.31712962962962965 0.4861111111111111 0.3611111111111111 0.4861111111111111 0.36342592592592593 0.4837962962962963 0.3773148148148148 0.4837962962962963 0.3819444444444444 0.4791666666666667 0.3819444444444444 0.4675925925925926
11 0 0.722 0.002220247685185185 0.7244999999999999 0.003108347222222222 0.7344999999999999 0.004884546296296296 0.7365 0.011545293981481483 0.7384999999999999 0.09191829398148148 0.73875 0.09502664351851851 0.7395 0.7548845462962963 0.7445 0.7593250439814815 0.74375 0.8583481342592593 0.7445 0.8903197152777778 0.744 0.8934280648148147 0.74325 0.9231793958333333 0.7442500000000001 0.9320603912037037 0.743 0.9360568379629629 0.7405 0.9458259328703704 0.74075 0.9600355231481481 0.73625 0.9702486689814814 0.731 0.9738010648148148 0.73075 0.9835701597222223 0.7207499999999999 0.9897868564814815 0.7174999999999999 0.9937833032407407 0.7125 0.9955595023148148 0.70675 0.9942273541666666 0.704 0.9977797523148149 0.6962499999999999 0.9964476018518519 0.68325 0.999555951388889 0.65525 0.999555951388889 0.2065 0.9937833032407407 0.2055 0.9924511550925926 0.20375 0.9942273541666666 0.2 0.9937833032407407 0.19574999999999998 0.9968916527777778 0.19275 0.9973357013888888 0.18425 0.9915630555555555 0.15050000000000002 0.9702486689814814 0.14825 0.9626998217592593 0.14925 0.9582593240740741 0.148 0.956483125 0.14375000000000002 0.9662522199074074 0.14025 0.9631438726851852 0.138 0.9582593240740741 0.13725 0.956483125 0.1325 0.9529307291666667 0.13075 0.9498223796296296 0.13725 0.9422735347222222 0.1385 0.939609236111111 0.14025 0.9427175833333332 0.14300000000000002 0.9422735347222222 0.1475 0.9329484907407407 0.14975 0.9253996458333333 0.14775000000000002 0.9205150972222222 0.149 0.9111900532407406 0.14825 0.9080817060185185 0.14925 0.8907637662037038 0.148 0.8778863240740741 0.14925 0.873001775462963 0.14825 0.8587921851851852 0.149 0.8539076365740741 0.15025 0.8410301944444444 0.14975 0.833481349537037 0.15075 0.8170515092592593 0.14975 0.8139431620370371 0.151 0.8059502662037038 0.151 0.8023978680555556 0.15 0.7797513310185186 0.15125 0.7757548842592592 0.14975 0.7686500879629631 0.15075 0.7477797523148149 0.15025 0.7406749560185185 0.151 0.7344582592592593 0.1495 0.729129662037037 0.1495 0.7113676736111111 0.15175 0.6891651875 0.15075 0.6833925393518518 0.1525 0.6753996458333333 0.151 0.6687388981481481 0.15225000000000002 0.6509769097222221 0.15050000000000002 0.6398756666666666 0.1515 0.6367673171296296 0.149 0.5799289513888889 0.15025 0.5781527523148148 0.14925 0.5741563055555555 0.1515 0.5639431620370371 0.151 0.5559502662037037 0.15175 0.5501776203703703 0.15050000000000002 0.5466252222222222 0.1515 0.5310834814814815 0.1515 0.5222024861111111 0.14975 0.5159857893518518 0.15175 0.5026642986111112 0.1525 0.4865306388888889 0.15175 0.4809058611111111 0.15025 0.47779751388888886 0.15125 0.4613676736111111 0.152 0.45515097685185185 0.15125 0.45293072916666666 0.15 0.45293072916666666 0.144 0.45026643055555554 0.14300000000000002 0.44937833101851854 0.13999999999999999 0.4387211365740741 0.1385 0.4356127893518518 0.13975 0.42761989351851853 0.14025 0.4138543518518518 0.144 0.41119005324074076 0.13924999999999998 0.4080817060185185 0.1395 0.4036412083333334 0.14325 0.4027531087962963 0.151 0.3925399652777778 0.1525 0.3730017754629629 0.152 0.36944937731481486 0.15050000000000002 0.36634103009259256 0.15175 0.35790408564814813 0.1525 0.3445825925925926 0.1525 0.3383658958333334 0.151 0.33170515046296295 0.153 0.309946712962963 0.1525 0.3055062175925926 0.15325 0.2824156296296296 0.1515 0.2784191828703704 0.15325 0.2717584375 0.15400000000000003 0.26865008796296297 0.153 0.25532859722222223 0.15275 0.22468916435185185 0.15400000000000003 0.206483125 0.15325 0.1989342800925926 0.15375 0.19760213194444443 0.15475 0.18516873842592593 0.15425 0.18028419212962965 0.1555 0.1603019537037037 0.15375 0.12699822453703705 0.1555 0.11589698148148148 0.1545 0.11367673148148148 0.15525 0.10523978703703704 0.155 0.10124334027777777 0.15400000000000003 0.09191829398148148 0.156 0.07415630555555557 0.1555 0.0701598587962963 0.15625 0.05239786805555555 0.15525 0.030639430555555555 0.1575 0.025754884259259262 0.156 0.023534636574074078 0.15775 0.021314386574074074 0.15775 0.01909413888888889 0.156 0.004440497685185185 0.156 0 0.15725 0 0.722
12 0.9898112777777778 0.15738625 0.0000022199074074074076 0.15738625 0.0000022199074074074076 0.21972875 0.9898112777777778 0.21972875 0.9898112777777778 0.15738625
13 0.3419182939814815 0.2905 0.3468028425925926 0.28975 0.3592362337962963 0.2905 0.3690053287037037 0.28750000000000003 0.376110125 0.28275 0.37921847222222227 0.276 0.37744227314814816 0.2695 0.36722912962962967 0.26025 0.3592362337962963 0.25725000000000003 0.3476909421296296 0.25675 0.3383658958333334 0.258 0.3272646527777778 0.263 0.3206039074074074 0.26975 0.3206039074074074 0.27649999999999997 0.32460035416666666 0.283 0.3312611018518518 0.28750000000000003 0.3419182939814815 0.2905
13 0.5812611018518519 0.2895 0.5919182939814815 0.28775 0.5999111898148148 0.2835 0.6052397870370371 0.27649999999999997 0.604795736111111 0.26925 0.6021314398148149 0.2655 0.5932504444444445 0.25925 0.5843694490740741 0.25625000000000003 0.5701598587962963 0.256 0.5639431620370371 0.257 0.5510657199074074 0.26325 0.5466252222222222 0.2695 0.5484014212962963 0.2795 0.5555062175925927 0.2845 0.5652753101851852 0.28825 0.5812611018518519 0.2895
13 0.6749555949074074 0.35174999999999995 0.6887211365740741 0.35375 0.6993783310185185 0.3535 0.7091474236111112 0.35075 0.7140319722222223 0.34775 0.7184724699074074 0.34125 0.7202486689814814 0.33475 0.7184724699074074 0.3285 0.7122557731481481 0.32325000000000004 0.6958259328703704 0.31925 0.6833925393518518 0.31975000000000003 0.6714031967592592 0.32225 0.6638543518518518 0.32625 0.6611900532407406 0.32925 0.6598579050925926 0.33599999999999997 0.6629662523148149 0.34375 0.6656305509259259 0.34675 0.6749555949074074 0.35174999999999995
13 0.45293072916666666 0.35300000000000004 0.4600355231481481 0.354 0.477353462962963 0.3535 0.4849023101851852 0.349 0.49111900462962965 0.34225 0.49200710416666665 0.334 0.48889875694444446 0.32825 0.4786856134259259 0.323 0.4675843703703703 0.32075 0.456483125 0.32125 0.44049733564814814 0.32575 0.4356127893518518 0.32949999999999996 0.43339253935185185 0.334 0.43294849074074077 0.3385 0.437833037037037 0.347 0.44182948379629633 0.34975 0.45293072916666666 0.35300000000000004
13 0.22690941435185186 0.35325 0.24200710416666665 0.35425 0.2544404976851852 0.35300000000000004 0.26287744212962966 0.34875 0.2650976898148148 0.34575 0.26687388888888885 0.33775 0.2642095925925926 0.32975 0.25888099537037035 0.32525000000000004 0.24733570138888888 0.32175000000000004 0.24111900462962962 0.32075 0.23223801157407406 0.321 0.21714031944444445 0.32425 0.21181172222222222 0.32775 0.20737122453703702 0.33449999999999996 0.20737122453703702 0.34175 0.2131438726851852 0.349 0.21714031944444445 0.35100000000000003 0.22690941435185186 0.35325
13 0.8059502662037038 0.41700000000000004 0.8161634097222221 0.41675 0.8228241574074074 0.415 0.83259325 0.40825 0.8361456481481482 0.40199999999999997 0.8352575486111111 0.39375 0.8281527523148149 0.387 0.8179396087962963 0.38325 0.8077264652777778 0.38175 0.7904085254629629 0.384 0.7819715810185185 0.3895 0.7748667847222223 0.3965 0.7757548842592592 0.4045 0.7828596805555555 0.411 0.792628775462963 0.415 0.8059502662037038 0.41700000000000004
13 0.5812611018518519 0.41825 0.5923623449074074 0.416 0.5990230902777779 0.4125 0.6039076365740741 0.40724999999999995 0.606127886574074 0.40125 0.6016873888888888 0.39125000000000004 0.5919182939814815 0.386 0.5812611018518519 0.3835 0.5670515092592593 0.38375 0.5608348125 0.386 0.5492895208333333 0.39275 0.5457371226851851 0.39849999999999997 0.5457371226851851 0.405 0.5532859675925926 0.41225 0.5639431620370371 0.416 0.5812611018518519 0.41825
13 0.3392539953703704 0.41675 0.3596802847222222 0.41750000000000004 0.36944937731481486 0.41424999999999995 0.37744227314814816 0.408 0.37966252314814813 0.40199999999999997 0.3778863240740741 0.39425 0.36989342824074073 0.38825 0.3592362337962963 0.38375 0.3454706921296296 0.3835 0.3383658958333334 0.38525 0.32682060416666664 0.39075 0.3210479583333334 0.3975 0.3206039074074074 0.40225 0.3241563055555556 0.40875 0.32904085185185183 0.41225 0.3392539953703704 0.41675
13 0.11678508101851852 0.41725 0.12300177546296297 0.418 0.13676731712962964 0.41675 0.14964475925925924 0.409 0.1527531087962963 0.40525000000000005 0.1527531087962963 0.39725 0.14875665972222224 0.39225 0.13987566666666668 0.38625000000000004 0.13410301851851852 0.38475 0.12255772685185186 0.384 0.1092362337962963 0.38649999999999995 0.1016873888888889 0.38999999999999996 0.09502664351851851 0.39725 0.0945825925925926 0.4045 0.10079928935185185 0.41175 0.10612788657407408 0.41525 0.11678508101851852 0.41725
13 0.2202486689814815 0.48000000000000004 0.22690941435185186 0.48150000000000004 0.22957371296296294 0.4805 0.24067495601851852 0.481 0.2482238009259259 0.47975 0.25133214814814814 0.47825 0.2593250439814815 0.47225 0.26598578935185185 0.46175 0.2633214930555556 0.45625 0.25799289583333335 0.45175000000000004 0.2526642986111111 0.44925 0.24156305555555554 0.4475 0.23223801157407406 0.44775 0.21714031944444445 0.45025000000000004 0.2131438726851852 0.45249999999999996 0.20781527546296297 0.45925 0.20737122453703702 0.4675 0.21003552314814816 0.47275 0.2131438726851852 0.47600000000000003 0.2202486689814815 0.48000000000000004
13 0.4560390763888889 0.47950000000000004 0.47779751388888886 0.479 0.4866785069444444 0.47575 0.4902309050925926 0.47175 0.49200710416666665 0.46625 0.49067495601851846 0.45799999999999996 0.48623445833333334 0.45325 0.4755772638888889 0.44825000000000004 0.46225577314814814 0.447 0.44937833101851854 0.44875000000000004 0.440053287037037 0.45225000000000004 0.43472468981481477 0.45875 0.43383659027777777 0.467 0.44049733564814814 0.47425 0.44893428009259256 0.4785 0.4560390763888889 0.47950000000000004
13 0.6785079930555555 0.48000000000000004 0.6847246898148148 0.481 0.6984902314814815 0.4805 0.7100355231481481 0.47800000000000004 0.7149200717592592 0.475 0.7189165185185185 0.46875 0.7198046180555556 0.46149999999999997 0.7175843703703704 0.45575 0.7095914745370371 0.4495 0.689609236111111 0.447 0.6785079930555555 0.44825000000000004 0.6656305509259259 0.45399999999999996 0.6616341041666667 0.45925 0.6603019537037037 0.46499999999999997 0.664298400462963 0.47275 0.6722912962962964 0.47775 0.6785079930555555 0.48000000000000004
13 0.7952930717592592 0.54425 0.8059502662037038 0.5457500000000001 0.8214920069444445 0.54475 0.8263765532407407 0.54275 0.835701599537037 0.53575 0.8379218472222222 0.5295 0.835701599537037 0.5217499999999999 0.8281527523148149 0.51525 0.8210479583333333 0.5125000000000001 0.8081705162037037 0.51075 0.8001776203703704 0.51075 0.793516875 0.512 0.7881882777777778 0.514 0.7766429837962963 0.5215000000000001 0.7757548842592592 0.52975 0.7779751342592592 0.5337500000000001 0.7859680277777777 0.5407500000000001 0.7952930717592592 0.54425
13 0.5652753101851852 0.5437500000000001 0.5777087037037036 0.54525 0.5879218472222222 0.54425 0.5981349907407407 0.54 0.6025754884259259 0.5367500000000001 0.6056838356481481 0.5295 0.603019537037037 0.52025 0.6012433402777778 0.518 0.5910301944444444 0.51325 0.5790408518518518 0.511 0.5643872106481482 0.512 0.5537300185185186 0.517 0.5484014212962963 0.5225 0.5461811712962963 0.526 0.5484014212962963 0.5345 0.5550621666666666 0.54025 0.5652753101851852 0.5437500000000001
13 0.33792184722222224 0.54325 0.3494671412037037 0.54525 0.35657193518518515 0.54525 0.36545293055555556 0.54325 0.37744227314814816 0.533 0.37744227314814816 0.52725 0.37078152777777773 0.51725 0.3658969814814815 0.51425 0.35568383564814815 0.512 0.33436944907407407 0.5135 0.32593250462962964 0.518 0.32149200694444446 0.525 0.3210479583333334 0.53 0.32460035416666666 0.5365 0.33170515046296295 0.5409999999999999 0.33792184722222224 0.54325
13 0.1092362337962963 0.5435 0.1287744236111111 0.54425 0.13676731712962964 0.543 0.14920071064814813 0.53475 0.14964475925925924 0.5285000000000001 0.14653641203703704 0.519 0.1429840138888889 0.5155 0.1332149189814815 0.512 0.12166962731481482 0.5105 0.11278863194444444 0.511 0.10079928935185185 0.516 0.09369449305555556 0.5225 0.09280639351851852 0.52975 0.09502664351851851 0.53525 0.09991118981481481 0.539 0.1092362337962963 0.5435
13 0.2304618125 0.60875 0.2446714027777778 0.6082500000000001 0.25133214814814814 0.606 0.25888099537037035 0.6015 0.2642095925925926 0.5950000000000001 0.26376554166666666 0.5882499999999999 0.2584369444444445 0.58025 0.25133214814814814 0.57675 0.23801065740740743 0.5750000000000001 0.22380106481481482 0.576 0.2135879212962963 0.5792499999999999 0.20825932407407408 0.58375 0.20515097685185182 0.5895 0.20603907638888888 0.5982500000000001 0.2113676736111111 0.6027499999999999 0.21802841898148148 0.60625 0.2304618125 0.60875
13 0.45515097685185185 0.6092500000000001 0.4666962708333333 0.6104999999999999 0.47779751388888886 0.60725 0.4875666064814815 0.60175 0.4915630555555556 0.596 0.49111900462962965 0.5882499999999999 0.4884547060185185 0.58375 0.48179396064814817 0.57875 0.4738010648148148 0.576 0.45293072916666666 0.5755 0.44271758333333333 0.57775 0.43516873842592596 0.58475 0.43339253935185185 0.58875 0.43294849074074077 0.59625 0.43516873842592596 0.601 0.4422735347222222 0.60625 0.45515097685185185 0.6092500000000001
13 0.6865008888888888 0.61025 0.7002664305555556 0.6104999999999999 0.7095914745370371 0.608 0.7171403194444445 0.60325 0.7215808171296296 0.596 0.7211367662037037 0.5895 0.7166962708333334 0.5825 0.7091474236111112 0.5775 0.6967140324074074 0.57475 0.6753996458333333 0.57625 0.668294849537037 0.5805 0.6616341041666667 0.59025 0.6611900532407406 0.5954999999999999 0.6629662523148149 0.6005 0.6753996458333333 0.608 0.6865008888888888 0.61025
13 0.5714920069444445 0.675 0.581705150462963 0.6755 0.5945825925925926 0.6722499999999999 0.6016873888888888 0.668 0.6056838356481481 0.66325 0.606127886574074 0.654 0.6021314398148149 0.6475000000000001 0.5968028425925925 0.644 0.5874777986111112 0.64125 0.5666074606481482 0.6409999999999999 0.5608348125 0.64225 0.5515097685185185 0.6465000000000001 0.5466252222222222 0.6542500000000001 0.5461811712962963 0.66125 0.5515097685185185 0.66875 0.559946712962963 0.67275 0.5714920069444445 0.675
13 0.32992895138888884 0.6715000000000001 0.3383658958333334 0.674 0.3476909421296296 0.675 0.3592362337962963 0.674 0.37033747685185187 0.6677500000000001 0.3769982245370371 0.6589999999999999 0.3769982245370371 0.654 0.3712255763888889 0.64525 0.3658969814814815 0.6417499999999999 0.35568383564814815 0.639 0.34147424537037036 0.639 0.33170515046296295 0.6417499999999999 0.32460035416666666 0.64575 0.3197158078703704 0.65125 0.3183836597222222 0.6577500000000001 0.3206039074074074 0.6649999999999999 0.3241563055555556 0.6685 0.32992895138888884 0.6715000000000001