2 0.35648148148148145 0.5879629629629629 0.3587962962962963 0.5902777777777778 0.3611111111111111 0.5879629629629629 0.3680555555555556 0.5879629629629629 0.37037037037037035 0.5902777777777778 0.38657407407407407 0.5902777777777778 0.40046296296296297 0.6064814814814815 0.41203703703703703 0.6087962962962963 0.41435185185185186 0.6111111111111112 0.4166666666666667 0.6087962962962963 0.4212962962962963 0.6111111111111112 0.4236111111111111 0.6087962962962963 0.44212962962962965 0.6087962962962963 0.44675925925925924 0.6111111111111112 0.4513888888888889 0.6041666666666666 0.44907407407407407 0.5995370370370371 0.4537037037037037 0.5902777777777778 0.48148148148148145 0.5902777777777778 0.4837962962962963 0.5925925925925926 0.4930555555555556 0.5925925925925926 0.4930555555555556 0.6064814814814815 0.4976851851851852 0.6111111111111112 0.5069444444444444 0.6111111111111112 0.5092592592592593 0.6087962962962963 0.5115740740740741 0.6111111111111112 0.5277777777777778 0.6111111111111112 0.5300925925925926 0.6087962962962963 0.5555555555555556 0.6111111111111112 0.5601851851851852 0.6064814814814815 0.5601851851851852 0.5949074074074074 0.5671296296296297 0.5902777777777778 0.5949074074074074 0.5902777777777778 0.5972222222222222 0.5925925925925926 0.6018518518518519 0.5925925925925926 0.6041666666666666 0.5949074074074074 0.6041666666666666 0.6087962962962963 0.6064814814814815 0.6111111111111112 0.6458333333333334 0.6111111111111112 0.6481481481481481 0.6087962962962963 0.6550925925925926 0.6087962962962963 0.6689814814814815 0.5925925925925926 0.6759259259259259 0.5925925925925926 0.6782407407407407 0.5902777777777778 0.7037037037037037 0.5902777777777778 0.7060185185185185 0.5925925925925926 0.7129629629629629 0.5925925925925926 0.7129629629629629 0.6041666666666666 0.7083333333333334 0.6111111111111112 0.6944444444444444 0.6226851851851852 0.6805555555555556 0.6296296296296297 0.6666666666666666 0.6319444444444444 0.6643518518518519 0.6342592592592593 0.6481481481481481 0.6342592592592593 0.6458333333333334 0.6365740740740741 0.6157407407407407 0.6365740740740741 0.6134259259259259 0.6342592592592593 0.6087962962962963 0.6342592592592593 0.6041666666666666 0.6388888888888888 0.6041666666666666 0.6504629629629629 0.5995370370370371 0.6550925925925926 0.5648148148148148 0.6550925925925926 0.5601851851851852 0.6504629629629629 0.5601851851851852 0.6388888888888888 0.5555555555555556 0.6342592592592593 0.5462962962962963 0.6342592592592593 0.5439814814814815 0.6365740740740741 0.5416666666666666 0.6342592592592593 0.5324074074074074 0.6342592592592593 0.5300925925925926 0.6365740740740741 0.5254629629629629 0.6342592592592593 0.49537037037037035 0.6342592592592593 0.4930555555555556 0.6365740740740741 0.4930555555555556 0.6504629629629629 0.48148148148148145 0.6527777777777778 0.4791666666666667 0.6550925925925926 0.4583333333333333 0.6550925925925926 0.44907407407407407 0.6504629629629629 0.44907407407407407 0.6365740740740741 0.44675925925925924 0.6342592592592593 0.4027777777777778 0.6342592592592593 0.40046296296296297 0.6319444444444444 0.3888888888888889 0.6319444444444444 0.3611111111111111 0.6203703703703703 0.34953703703703703 0.6111111111111112 0.3425925925925926 0.5972222222222222 0.3425925925925926 0.5925925925925926 0.3449074074074074 0.5902777777777778 0.3541666666666667 0.5902777777777778
11 0 0.72125 0.0039964467592592595 0.728 0.011989342592592591 0.7295 0.03596802777777778 0.72925 0.04262877546296297 0.73075 0.11278863194444444 0.73175 0.12833037268518518 0.72925 0.13943161574074073 0.7314999999999999 0.15408525694444444 0.7305 0.18206039120370368 0.732 0.206483125 0.73175 0.2162522199074074 0.73 0.22380106481481482 0.732 0.27575488425925926 0.7314999999999999 0.2784191828703704 0.73225 0.3086145648148148 0.733 0.31039076388888887 0.73375 0.31660746064814815 0.732 0.35079928935185184 0.73375 0.5328596805555555 0.73525 0.5479573703703703 0.7342500000000001 0.5634991111111111 0.7344999999999999 0.5803730023148148 0.733 0.5879218472222222 0.735 0.6079040856481482 0.736 0.6265541736111111 0.73525 0.6416518657407407 0.73625 0.8139431620370371 0.7375 0.8246003541666667 0.73675 0.8396980462962963 0.7375 0.8801065717592592 0.7347499999999999 0.8832149189814814 0.733 0.8903197152777778 0.7314999999999999 0.9067495555555555 0.72375 0.9187388981481481 0.7167500000000001 0.9289520416666667 0.70125 0.9311722916666667 0.69125 0.9307282407407407 0.67825 0.9325044398148149 0.6755 0.9320603912037037 0.632 0.9302841921296297 0.6134999999999999 0.9316163402777777 0.567 0.9302841921296297 0.46875 0.9253996458333333 0.28375 0.9227353472222222 0.2725 0.9227353472222222 0.2595 0.9214031967592592 0.2575 0.914298400462963 0.256 0.9138543518518518 0.25125000000000003 0.9107460046296296 0.2475 0.9129662523148149 0.24525 0.9138543518518518 0.23775 0.9107460046296296 0.23550000000000001 0.9205150972222222 0.22525 0.9209591481481482 0.22274999999999998 0.918294849537037 0.22 0.9231793958333333 0.2135 0.9231793958333333 0.18799999999999997 0.9205150972222222 0.1855 0.9205150972222222 0.18175000000000002 0.9227353472222222 0.18025 0.9236234467592593 0.176 0.9218472476851851 0.17125 0.9178507986111112 0.17025 0.918294849537037 0.1695 0.9049733564814815 0.17174999999999999 0.8983126111111112 0.17025 0.8898756666666666 0.17025 0.8761101250000001 0.1705 0.873001775462963 0.17174999999999999 0.8623445833333334 0.17125 0.8534635879629631 0.1725 0.8454706921296297 0.16974999999999998 0.8383658958333333 0.1695 0.8365896990740741 0.17025 0.7819715810185185 0.17174999999999999 0.772646537037037 0.171 0.7584369444444445 0.17174999999999999 0.7548845462962963 0.1705 0.7402309050925925 0.17225000000000001 0.7335701597222223 0.17400000000000002 0.7300177615740742 0.17174999999999999 0.7251332152777777 0.17074999999999999 0.7020426296296297 0.17074999999999999 0.6984902314814815 0.17149999999999999 0.539520425925926 0.17400000000000002 0.5373001782407407 0.17575000000000002 0.5328596805555555 0.17475000000000002 0.5155417407407408 0.17475000000000002 0.5097690949074074 0.17575000000000002 0.5022202476851851 0.17425 0.4857904074074074 0.17550000000000002 0.4729129652777778 0.17425 0.4689165185185185 0.175 0.46802841898148145 0.17750000000000002 0.46403197222222226 0.17875 0.456483125 0.17425 0.4498223796296297 0.17575000000000002 0.4471580810185185 0.175 0.3872113680555555 0.17475000000000002 0.3854351689814815 0.17525 0.38454706944444444 0.178 0.37833037268518516 0.17925000000000002 0.3734458263888889 0.17725000000000002 0.3734458263888889 0.175 0.3645648310185185 0.17525 0.3610124328703704 0.178 0.3539076365740741 0.17675 0.3521314398148148 0.175 0.3472468912037037 0.17525 0.3476909421296296 0.17875 0.3401420949074074 0.17875 0.3370337476851852 0.17525 0.3348135 0.17475000000000002 0.33214920138888887 0.176 0.3210479583333334 0.177 0.32015985879629627 0.17825000000000002 0.3112788634259259 0.17975 0.31039076388888887 0.17550000000000002 0.30817051620370367 0.175 0.30461811805555555 0.17525 0.3059502662037037 0.17775 0.2917406759259259 0.17900000000000002 0.2766429837962963 0.17650000000000002 0.2717584375 0.17775 0.2619893425925926 0.17525 0.25177619907407406 0.17475000000000002 0.2477797523148148 0.175 0.24644760185185183 0.17675 0.24333925462962963 0.17675 0.2397868564814815 0.175 0.23401421064814815 0.17525 0.23223801157407406 0.177 0.2277975138888889 0.17725000000000002 0.22424511574074074 0.17875 0.20781527546296297 0.17475000000000002 0.2038188287037037 0.177 0.1993783310185185 0.17625 0.1962699814814815 0.17900000000000002 0.18472468981481482 0.17750000000000002 0.18250443981481482 0.17525 0.1793960925925926 0.17525 0.1385435162037037 0.17900000000000002 0.12921847222222224 0.178 0.11589698148148148 0.17825000000000002 0.11412078240740742 0.17925000000000002 0.10568383564814815 0.1785 0.10257548842592591 0.17725000000000002 0.08792184722222222 0.17775 0.0821492013888889 0.17900000000000002 0.06971580787037036 0.17825000000000002 0.06749556018518518 0.17725000000000002 0.00888099537037037 0.17775 0.004440497685185185 0.17825000000000002 0.003108347222222222 0.18075 0.0053285972222222215 0.186 0.0026642986111111108 0.189 0.003108347222222222 0.19625 0 0.19825 0 0.72125
12 0 0.23394875 0.9220781527777778 0.23394875 0.9220781527777778 0.16895125 0 0.16895125 0 0.23394875
13 0.522646537037037 0.30275 0.5439609236111111 0.3015 0.5537300185185186 0.295 0.5563943171296296 0.28975 0.5555062175925927 0.28275 0.5501776203703703 0.277 0.5444049722222223 0.2735 0.5364120787037037 0.27125 0.5222024861111111 0.27049999999999996 0.5159857893518518 0.272 0.5053285972222222 0.27749999999999997 0.5004440486111111 0.28375 0.5004440486111111 0.28975 0.5039964467592593 0.29525 0.5119893425925925 0.30025 0.522646537037037 0.30275
13 0.3108348125 0.305 0.3174955601851852 0.30674999999999997 0.3206039074074074 0.3055 0.3250444050925926 0.30575 0.3361456481481482 0.29875 0.34058614583333335 0.29025 0.3401420949074074 0.2855 0.3370337476851852 0.28099999999999997 0.3272646527777778 0.27425 0.3174955601851852 0.27175 0.30461811805555555 0.2725 0.2930728240740741 0.27675 0.2868561273148148 0.282 0.28552397916666666 0.28500000000000003 0.28507992824074074 0.29025 0.2873001782407407 0.29675 0.3001776203703703 0.30450000000000005 0.3108348125 0.305
13 0.6376554166666666 0.36424999999999996 0.6509769097222221 0.36325 0.6634103009259259 0.35450000000000004 0.6656305509259259 0.35025 0.6656305509259259 0.34400000000000003 0.6625222013888888 0.33725 0.6580817060185185 0.33449999999999996 0.6474245115740741 0.33175 0.6336589699074074 0.3305 0.6203374768518519 0.33325 0.6158969814814815 0.335 0.6087921851851852 0.342 0.6087921851851852 0.35075 0.6158969814814815 0.35825 0.623001775462963 0.3625 0.6376554166666666 0.36424999999999996
13 0.4196269976851852 0.36475 0.43516873842592596 0.36374999999999996 0.43960923611111113 0.36125 0.44671403240740737 0.354 0.4484902314814815 0.34875 0.4449378333333333 0.3405 0.437833037037037 0.33575000000000005 0.42539964583333334 0.332 0.41829484953703705 0.332 0.4027531087962963 0.33625 0.39653641203703704 0.339 0.3929840138888889 0.34299999999999997 0.39342806481481485 0.35325 0.39742451157407405 0.35825 0.4080817060185185 0.36325 0.4196269976851852 0.36475
13 0.19227353472222222 0.36350000000000005 0.21181172222222222 0.365 0.2206927175925926 0.36424999999999996 0.22735346296296297 0.36175 0.23312611111111112 0.35500000000000004 0.23445825925925926 0.34875 0.23179396064814814 0.34125 0.22646536342592594 0.33649999999999997 0.2158081712962963 0.3335 0.20959147453703703 0.33275 0.19049733564814814 0.33475 0.18294849074074074 0.33949999999999997 0.17895204166666667 0.34600000000000003 0.17806394212962964 0.34925 0.18028419212962965 0.35475 0.18605683796296296 0.36074999999999996 0.19227353472222222 0.36350000000000005
13 0.7344582592592593 0.4235 0.7473357013888888 0.42474999999999996 0.7553285972222222 0.42425 0.7650976898148149 0.42175 0.7695381875 0.41925 0.7730905856481483 0.41525 0.7757548842592592 0.40525000000000005 0.772646537037037 0.3995 0.7655417407407407 0.394 0.7548845462962963 0.39199999999999996 0.7411190046296297 0.39199999999999996 0.7340142106481481 0.393 0.7215808171296296 0.39925 0.7184724699074074 0.403 0.7180284189814815 0.41050000000000003 0.7206927175925926 0.41575 0.7260213148148148 0.42 0.7344582592592593 0.4235
13 0.5190941388888889 0.42425 0.5328596805555555 0.4255 0.5439609236111111 0.4235 0.5497335694444444 0.42025 0.5550621666666666 0.41350000000000003 0.5559502662037037 0.40724999999999995 0.5541740671296297 0.403 0.5479573703703703 0.396 0.5430728240740741 0.394 0.5230905856481481 0.393 0.5159857893518518 0.3945 0.5084369444444444 0.3965 0.5057726458333334 0.39825000000000005 0.5004440486111111 0.40475 0.5 0.41175 0.5048845462962963 0.41925 0.5088809953703703 0.4215 0.5190941388888889 0.42425
13 0.31039076388888887 0.4255 0.32460035416666666 0.42474999999999996 0.333481349537037 0.42124999999999996 0.3383658958333334 0.41725 0.34147424537037036 0.4095 0.34058614583333335 0.40399999999999997 0.3352575486111111 0.39775 0.32460035416666666 0.39349999999999996 0.3001776203703703 0.394 0.2908525763888889 0.398 0.28552397916666666 0.4045 0.28507992824074074 0.41225 0.2886323263888889 0.4185 0.30461811805555555 0.42425 0.31039076388888887 0.4255
13 0.08836589583333333 0.4245 0.09991118981481481 0.4255 0.1092362337962963 0.425 0.11678508101851852 0.42274999999999996 0.123889875 0.4185 0.12744227314814816 0.4115 0.12699822453703705 0.40724999999999995 0.1212255763888889 0.39925 0.11234458333333333 0.3945 0.10124334027777777 0.393 0.09147424537037037 0.39325 0.07992895138888889 0.39725 0.0728241574074074 0.40425 0.07104795833333333 0.40850000000000003 0.07415630555555557 0.41825 0.07904085185185185 0.42175 0.08836589583333333 0.4245
13 0.6327708703703704 0.48524999999999996 0.645204263888889 0.48500000000000004 0.6545293078703703 0.48275 0.6611900532407406 0.47825 0.664298400462963 0.474 0.664298400462963 0.46675 0.6585257546296297 0.459 0.6545293078703703 0.45625 0.6385435162037036 0.453 0.625666074074074 0.45425 0.6203374768518519 0.45599999999999996 0.6110124328703704 0.462 0.6083481342592593 0.46575 0.6083481342592593 0.474 0.6114564837962964 0.4775 0.6207815277777777 0.48275 0.6327708703703704 0.48524999999999996
13 0.41119005324074076 0.48524999999999996 0.42140319675925925 0.4865 0.42850799305555554 0.48625 0.4391651875 0.48175 0.44582593287037037 0.4775 0.4484902314814815 0.47075 0.44671403240740737 0.46325 0.437833037037037 0.45675 0.42850799305555554 0.45325 0.41563055092592593 0.453 0.4040852569444444 0.45625 0.39698046296296297 0.46 0.3925399652777778 0.466 0.39209591435185187 0.47324999999999995 0.3960923634259259 0.4785 0.4009769097222222 0.482 0.41119005324074076 0.48524999999999996
13 0.2015985787037037 0.48524999999999996 0.21669627083333334 0.4845 0.22513321527777777 0.481 0.23179396064814814 0.47475 0.23268206018518517 0.4675 0.2309058611111111 0.46299999999999997 0.22380106481481482 0.45675 0.2135879212962963 0.45375000000000004 0.2069271759259259 0.45275 0.19982237962962962 0.453 0.18916518750000003 0.45599999999999996 0.18117229166666668 0.46075000000000005 0.1776198935185185 0.46575 0.17806394212962964 0.474 0.18472468981481482 0.481 0.19005328703703703 0.48325 0.2015985787037037 0.48524999999999996
13 0.748223800925926 0.5475 0.7584369444444445 0.5465 0.7690941388888889 0.543 0.7748667847222223 0.5365 0.7761989351851852 0.52925 0.7735346365740741 0.52275 0.7677619884259259 0.51775 0.7553285972222222 0.51525 0.7442273541666666 0.51475 0.7295737129629629 0.51775 0.7198046180555556 0.5225 0.7180284189814815 0.526 0.7198046180555556 0.5365 0.7309058611111111 0.54425 0.748223800925926 0.5475
13 0.5155417407407408 0.546 0.522646537037037 0.5475 0.5364120787037037 0.54675 0.5461811712962963 0.544 0.5501776203703703 0.5409999999999999 0.5550621666666666 0.5337500000000001 0.5550621666666666 0.5275 0.5510657199074074 0.5205 0.5466252222222222 0.51725 0.5350799282407407 0.51425 0.5217584375 0.51425 0.5084369444444444 0.51775 0.5039964467592593 0.5205 0.5 0.5257499999999999 0.499111900462963 0.53 0.501776199074074 0.5365 0.5062166967592593 0.54125 0.5155417407407408 0.546
13 0.30817051620370367 0.54675 0.3188277083333333 0.547 0.32593250462962964 0.54525 0.33570159953703704 0.538 0.33969804629629635 0.53275 0.3383658958333334 0.5237499999999999 0.3348135 0.51975 0.3241563055555556 0.5155 0.31483126157407404 0.51375 0.3068383657407407 0.51425 0.29262877546296295 0.518 0.2868561273148148 0.5217499999999999 0.2837477800925926 0.526 0.2837477800925926 0.53275 0.2895204259259259 0.5407500000000001 0.2957371226851852 0.544 0.30817051620370367 0.54675
13 0.08880994675925925 0.54525 0.10035524074074074 0.5457500000000001 0.11101243287037038 0.54425 0.11767317824074074 0.54125 0.12433392592592592 0.53325 0.123889875 0.52625 0.12078152777777777 0.52075 0.11589698148148148 0.517 0.1065719351851852 0.51475 0.09103019444444443 0.51425 0.08126110185185186 0.51625 0.0728241574074074 0.52075 0.06927175925925926 0.52675 0.06927175925925926 0.5325 0.07415630555555557 0.5395 0.08081705092592592 0.5437500000000001 0.08880994675925925 0.54525
13 0.19227353472222222 0.60625 0.20293072916666668 0.607 0.2131438726851852 0.60575 0.22424511574074074 0.60175 0.22957371296296294 0.596 0.2304618125 0.58775 0.22602131481481483 0.5795 0.22335701620370368 0.57775 0.20959147453703703 0.5745 0.19538188194444445 0.5750000000000001 0.18561278935185185 0.5770000000000001 0.1776198935185185 0.583 0.1749555949074074 0.5882499999999999 0.17451154629629628 0.59375 0.1776198935185185 0.599 0.18561278935185185 0.604 0.19227353472222222 0.60625
13 0.4000888101851852 0.6034999999999999 0.4147424513888889 0.60725 0.4280639421296296 0.60675 0.437833037037037 0.604 0.44671403240740737 0.59225 0.44671403240740737 0.5882499999999999 0.44049733564814814 0.5792499999999999 0.4356127893518518 0.57625 0.4227353472222222 0.57425 0.4107460046296296 0.5745 0.4005328587962963 0.57775 0.3925399652777778 0.58525 0.3903197152777778 0.5885 0.39165186574074073 0.5950000000000001 0.39387211342592593 0.59925 0.4000888101851852 0.6034999999999999
13 0.6403197152777778 0.60875 0.6474245115740741 0.6075 0.6594138541666666 0.6015 0.6629662523148149 0.59775 0.6651865 0.5885 0.6571936064814815 0.58 0.646980462962963 0.5755 0.6394316157407408 0.57475 0.6216696273148149 0.57725 0.6154529305555556 0.58025 0.6079040856481482 0.5885 0.6074600347222222 0.5925 0.6154529305555556 0.60575 0.6234458263888889 0.60775 0.6403197152777778 0.60875
13 0.5288632337962963 0.6707500000000001 0.539520425925926 0.66975 0.5492895208333333 0.6655 0.5528419189814815 0.6619999999999999 0.5550621666666666 0.6579999999999999 0.5546181180555555 0.651 0.5479573703703703 0.6415 0.543516875 0.63925 0.5293072824074074 0.6377499999999999 0.5146536412037037 0.6385 0.5066607453703704 0.6417499999999999 0.5026642986111112 0.6447499999999999 0.49955595138888886 0.65 0.5004440486111111 0.66025 0.5062166967592593 0.6655 0.5128774421296296 0.66875 0.5288632337962963 0.6707500000000001
13 0.30950266435185186 0.66875 0.3174955601851852 0.668 0.32815275231481483 0.6655 0.33436944907407407 0.6615 0.3370337476851852 0.6515 0.333481349537037 0.645 0.3263765532407408 0.63925 0.3174955601851852 0.6365000000000001 0.30728241666666667 0.63625 0.2930728240740741 0.6395000000000001 0.28552397916666666 0.64375 0.28197158101851855 0.6487499999999999 0.28285968055555555 0.66 0.28774422685185186 0.66425 0.29662522222222226 0.6675 0.30950266435185186 0.66875