5 0.7291666666666666 0.5208333333333334 0.7314814814814815 0.5231481481481481 0.7476851851851852 0.5254629629629629 0.7615740740740741 0.5324074074074074 0.7708333333333334 0.5416666666666666 0.7731481481481481 0.5462962962962963 0.7731481481481481 0.5601851851851852 0.7615740740740741 0.5740740740740741 0.7476851851851852 0.5810185185185185 0.7314814814814815 0.5833333333333334 0.7291666666666666 0.5856481481481481 0.6898148148148148 0.5856481481481481 0.6875 0.5879629629629629 0.6875 0.6064814814814815 0.6782407407407407 0.6203703703703703 0.6620370370370371 0.6296296296296297 0.6458333333333334 0.6319444444444444 0.6435185185185185 0.6342592592592593 0.6018518518518519 0.6342592592592593 0.5995370370370371 0.6365740740740741 0.5995370370370371 0.6412037037037037 0.6018518518518519 0.6435185185185185 0.5995370370370371 0.6597222222222222 0.5856481481481481 0.6736111111111112 0.5601851851851852 0.6828703703703703 0.5416666666666666 0.6828703703703703 0.5416666666666666 0.6689814814814815 0.5462962962962963 0.6643518518518519 0.5555555555555556 0.6597222222222222 0.5601851851851852 0.6597222222222222 0.5671296296296297 0.6527777777777778 0.5671296296296297 0.6365740740740741 0.5648148148148148 0.6342592592592593 0.5462962962962963 0.6342592592592593 0.5416666666666666 0.6273148148148148 0.5416666666666666 0.6180555555555556 0.5439814814814815 0.6157407407407407 0.5671296296296297 0.6157407407407407 0.5694444444444444 0.6134259259259259 0.5671296296296297 0.6087962962962963 0.5671296296296297 0.5949074074074074 0.5763888888888888 0.5833333333333334 0.6018518518518519 0.5694444444444444 0.6180555555555556 0.5694444444444444 0.6203703703703703 0.5671296296296297 0.6226851851851852 0.5694444444444444 0.6481481481481481 0.5694444444444444 0.6527777777777778 0.5648148148148148 0.6527777777777778 0.5462962962962963 0.6550925925925926 0.5416666666666666 0.6666666666666666 0.5324074074074074 0.6805555555555556 0.5254629629629629 0.6944444444444444 0.5231481481481481 0.6967592592592593 0.5208333333333334 0.7268518518518519 0.5208333333333334
6 0.4652777777777778 0.5671296296296297 0.4675925925925926 0.5694444444444444 0.4837962962962963 0.5717592592592593 0.5046296296296297 0.5833333333333334 0.5115740740740741 0.5949074074074074 0.5115740740740741 0.6111111111111112 0.5162037037037037 0.6157407407407407 0.5324074074074074 0.6157407407407407 0.5370370370370371 0.6180555555555556 0.5370370370370371 0.6319444444444444 0.5347222222222222 0.6342592592592593 0.5185185185185185 0.6342592592592593 0.5092592592592593 0.6412037037037037 0.5092592592592593 0.6504629629629629 0.5185185185185185 0.6597222222222222 0.5324074074074074 0.6620370370370371 0.5370370370370371 0.6736111111111112 0.5370370370370371 0.6828703703703703 0.5208333333333334 0.6828703703703703 0.5185185185185185 0.6805555555555556 0.5023148148148148 0.6782407407407407 0.49074074074074076 0.6712962962962963 0.4791666666666667 0.6597222222222222 0.4791666666666667 0.6365740740740741 0.47685185185185186 0.6342592592592593 0.42824074074074076 0.6342592592592593 0.42592592592592593 0.6365740740740741 0.4236111111111111 0.6550925925925926 0.4097222222222222 0.6712962962962963 0.3888888888888889 0.6805555555555556 0.3773148148148148 0.6805555555555556 0.375 0.6828703703703703 0.36574074074074076 0.6828703703703703 0.36342592592592593 0.6805555555555556 0.36342592592592593 0.6712962962962963 0.36574074074074076 0.6666666666666666 0.3680555555555556 0.6643518518518519 0.3819444444444444 0.6620370370370371 0.3888888888888889 0.6574074074074074 0.39351851851851855 0.6504629629629629 0.39351851851851855 0.6365740740740741 0.3912037037037037 0.6342592592592593 0.375 0.6342592592592593 0.3726851851851852 0.6319444444444444 0.37037037037037035 0.6342592592592593 0.36574074074074076 0.6296296296296297 0.36574074074074076 0.6203703703703703 0.3680555555555556 0.6157407407407407 0.39351851851851855 0.6157407407407407 0.3958333333333333 0.6134259259259259 0.3958333333333333 0.5949074074074074 0.4050925925925926 0.5810185185185185 0.41898148148148145 0.5740740740740741 0.43287037037037035 0.5717592592592593 0.4351851851851852 0.5694444444444444 0.4537037037037037 0.5694444444444444 0.45601851851851855 0.5671296296296297 0.46296296296296297 0.5671296296296297
0 0.13194444444444445 0.5532407407407407 0.16898148148148148 0.5532407407407407 0.17592592592592593 0.5648148148148148 0.18055555555555555 0.5648148148148148 0.18981481481481483 0.5694444444444444 0.21296296296296297 0.5694444444444444 0.2175925925925926 0.5648148148148148 0.2175925925925926 0.5578703703703703 0.2222222222222222 0.5532407407407407 0.25462962962962965 0.5532407407407407 0.2569444444444444 0.5555555555555556 0.2569444444444444 0.5671296296296297 0.25925925925925924 0.5694444444444444 0.2986111111111111 0.5694444444444444 0.32175925925925924 0.5787037037037037 0.33564814814814814 0.5879629629629629 0.3402777777777778 0.5972222222222222 0.3402777777777778 0.6134259259259259 0.3449074074074074 0.6180555555555556 0.3472222222222222 0.6157407407407407 0.36342592592592593 0.6180555555555556 0.36342592592592593 0.6342592592592593 0.3587962962962963 0.6365740740740741 0.3425925925925926 0.6365740740740741 0.33796296296296297 0.6412037037037037 0.33796296296296297 0.6504629629629629 0.3402777777777778 0.6550925925925926 0.35185185185185186 0.6620370370370371 0.3587962962962963 0.6620370370370371 0.3611111111111111 0.6643518518518519 0.3611111111111111 0.6828703703703703 0.3587962962962963 0.6851851851851852 0.34953703703703703 0.6851851851851852 0.3472222222222222 0.6828703703703703 0.3287037037037037 0.6805555555555556 0.3125 0.6712962962962963 0.3055555555555556 0.6643518518518519 0.30324074074074076 0.6597222222222222 0.30324074074074076 0.6388888888888888 0.30092592592592593 0.6365740740740741 0.2662037037037037 0.6365740740740741 0.2638888888888889 0.6342592592592593 0.2523148148148148 0.6342592592592593 0.23842592592592593 0.6273148148148148 0.2337962962962963 0.6273148148148148 0.2199074074074074 0.6157407407407407 0.2152777777777778 0.6041666666666666 0.2175925925925926 0.5902777777777778 0.21296296296296297 0.5856481481481481 0.17592592592592593 0.5856481481481481 0.1736111111111111 0.5833333333333334 0.1574074074074074 0.5810185185185185 0.14351851851851852 0.5740740740740741 0.13425925925925927 0.5648148148148148 0.13194444444444445 0.5555555555555556
9 0.6226851851851852 0.4722222222222222 0.625 0.47453703703703703 0.6296296296296297 0.47453703703703703 0.6296296296296297 0.4837962962962963 0.6273148148148148 0.48842592592592593 0.6157407407407407 0.49074074074074076 0.6064814814814815 0.49537037037037035 0.5995370370370371 0.5046296296296297 0.5995370370370371 0.5162037037037037 0.6041666666666666 0.5208333333333334 0.6087962962962963 0.5208333333333334 0.6111111111111112 0.5185185185185185 0.625 0.5185185185185185 0.6273148148148148 0.5208333333333334 0.6273148148148148 0.5370370370370371 0.6018518518518519 0.5370370370370371 0.5995370370370371 0.5393518518518519 0.6018518518518519 0.5439814814814815 0.6018518518518519 0.5555555555555556 0.5972222222222222 0.5625 0.5972222222222222 0.5671296296296297 0.5694444444444444 0.5833333333333334 0.5578703703703703 0.5833333333333334 0.5555555555555556 0.5856481481481481 0.5300925925925926 0.5856481481481481 0.5277777777777778 0.5833333333333334 0.5092592592592593 0.5810185185185185 0.49537037037037035 0.5740740740740741 0.4837962962962963 0.5601851851851852 0.4837962962962963 0.5462962962962963 0.49537037037037035 0.5324074074074074 0.5138888888888888 0.5231481481481481 0.5231481481481481 0.5231481481481481 0.5254629629629629 0.5208333333333334 0.5625 0.5208333333333334 0.5671296296296297 0.5162037037037037 0.5648148148148148 0.5115740740740741 0.5671296296296297 0.5092592592592593 0.5671296296296297 0.4976851851851852 0.5787037037037037 0.4861111111111111 0.5856481481481481 0.4837962962962963 0.5949074074074074 0.47685185185185186 0.6018518518518519 0.47685185185185186 0.6041666666666666 0.47453703703703703 0.6203703703703703 0.47453703703703703
4 0.6342592592592593 0.375 0.6597222222222222 0.3773148148148148 0.6759259259259259 0.38425925925925924 0.6898148148148148 0.39814814814814814 0.6898148148148148 0.4097222222222222 0.6921296296296297 0.41203703703703703 0.6898148148148148 0.41435185185185186 0.6898148148148148 0.41898148148148145 0.6944444444444444 0.4236111111111111 0.7314814814814815 0.4236111111111111 0.7337962962962963 0.42592592592592593 0.7430555555555556 0.42592592592592593 0.7638888888888888 0.4351851851851852 0.7754629629629629 0.44907407407407407 0.7754629629629629 0.46296296296296297 0.7638888888888888 0.47685185185185186 0.75 0.4837962962962963 0.7361111111111112 0.4861111111111111 0.7337962962962963 0.48842592592592593 0.6921296296296297 0.48842592592592593 0.6875 0.4930555555555556 0.6898148148148148 0.4976851851851852 0.6875 0.5 0.6875 0.5092592592592593 0.6805555555555556 0.5208333333333334 0.6574074074074074 0.5324074074074074 0.6504629629629629 0.5324074074074074 0.6481481481481481 0.5347222222222222 0.6296296296296297 0.5347222222222222 0.6296296296296297 0.5231481481481481 0.6273148148148148 0.5185185185185185 0.6458333333333334 0.5138888888888888 0.6527777777777778 0.5046296296296297 0.6527777777777778 0.49074074074074076 0.6504629629629629 0.48842592592592593 0.6319444444444444 0.48842592592592593 0.6319444444444444 0.47685185185185186 0.6296296296296297 0.47453703703703703 0.6319444444444444 0.4722222222222222 0.6435185185185185 0.4722222222222222 0.6527777777777778 0.4675925925925926 0.6527777777777778 0.44907407407407407 0.6550925925925926 0.44675925925925924 0.6504629629629629 0.4398148148148148 0.6319444444444444 0.4398148148148148 0.6319444444444444 0.42592592592592593 0.6365740740740741 0.4212962962962963 0.6458333333333334 0.4212962962962963 0.6550925925925926 0.41435185185185186 0.6504629629629629 0.4027777777777778 0.6319444444444444 0.39351851851851855 0.6319444444444444 0.37962962962962965 0.6342592592592593 0.3773148148148148
2 0.5462962962962963 0.32407407407407407 0.5671296296296297 0.3263888888888889 0.5694444444444444 0.3287037037037037 0.5763888888888888 0.3287037037037037 0.5879629629629629 0.3333333333333333 0.5995370370370371 0.3425925925925926 0.6041666666666666 0.35185185185185186 0.6041666666666666 0.37037037037037035 0.6087962962962963 0.375 0.6134259259259259 0.3726851851851852 0.6273148148148148 0.3726851851851852 0.6319444444444444 0.3773148148148148 0.6296296296296297 0.3912037037037037 0.6111111111111112 0.3912037037037037 0.6087962962962963 0.3888888888888889 0.6041666666666666 0.3912037037037037 0.6041666666666666 0.41898148148148145 0.6064814814814815 0.4212962962962963 0.625 0.4212962962962963 0.6296296296296297 0.4236111111111111 0.6296296296296297 0.4398148148148148 0.6064814814814815 0.4398148148148148 0.6018518518518519 0.4444444444444444 0.6041666666666666 0.44675925925925924 0.6018518518518519 0.46296296296296297 0.5925925925925926 0.47453703703703703 0.5740740740740741 0.4837962962962963 0.5671296296296297 0.4837962962962963 0.5648148148148148 0.4861111111111111 0.5462962962962963 0.4861111111111111 0.5439814814814815 0.4837962962962963 0.5439814814814815 0.4699074074074074 0.5578703703703703 0.4675925925925926 0.5694444444444444 0.4583333333333333 0.5694444444444444 0.4444444444444444 0.5648148148148148 0.4398148148148148 0.5462962962962963 0.4398148148148148 0.5439814814814815 0.4375 0.5439814814814815 0.42592592592592593 0.5486111111111112 0.4212962962962963 0.5648148148148148 0.4212962962962963 0.5694444444444444 0.4166666666666667 0.5694444444444444 0.39351851851851855 0.5671296296296297 0.3912037037037037 0.5462962962962963 0.3912037037037037 0.5462962962962963 0.375 0.5486111111111112 0.3726851851851852 0.5671296296296297 0.3726851851851852 0.5694444444444444 0.37037037037037035 0.5694444444444444 0.36342592592592593 0.5648148148148148 0.3587962962962963 0.5648148148148148 0.3541666666666667 0.5578703703703703 0.3472222222222222 0.5486111111111112 0.3472222222222222 0.5462962962962963 0.3449074074074074 0.5439814814814815 0.3402777777777778 0.5462962962962963 0.33796296296296297 0.5462962962962963 0.3263888888888889
7 0.42824074074074076 0.4050925925925926 0.4375 0.4166666666666667 0.4537037037037037 0.4236111111111111 0.46064814814814814 0.4236111111111111 0.46296296296296297 0.4212962962962963 0.4791666666666667 0.4212962962962963 0.48148148148148145 0.41898148148148145 0.48148148148148145 0.41203703703703703 0.4861111111111111 0.4074074074074074 0.5138888888888888 0.4074074074074074 0.5162037037037037 0.41898148148148145 0.5208333333333334 0.4236111111111111 0.5254629629629629 0.4212962962962963 0.5347222222222222 0.4212962962962963 0.5416666666666666 0.42592592592592593 0.5393518518518519 0.4398148148148148 0.5185185185185185 0.4398148148148148 0.5138888888888888 0.4444444444444444 0.5162037037037037 0.44907407407407407 0.5162037037037037 0.4675925925925926 0.5185185185185185 0.4699074074074074 0.5370370370370371 0.4699074074074074 0.5416666666666666 0.4722222222222222 0.5416666666666666 0.4861111111111111 0.5393518518518519 0.48842592592592593 0.5185185185185185 0.48842592592592593 0.5162037037037037 0.49074074074074076 0.5162037037037037 0.5046296296296297 0.5115740740740741 0.5162037037037037 0.5 0.5254629629629629 0.47453703703703703 0.5347222222222222 0.4583333333333333 0.5347222222222222 0.45601851851851855 0.5324074074074074 0.45601851851851855 0.5231481481481481 0.46064814814814814 0.5162037037037037 0.4722222222222222 0.5162037037037037 0.4837962962962963 0.5069444444444444 0.4837962962962963 0.4930555555555556 0.4791666666666667 0.48842592592592593 0.4583333333333333 0.48842592592592593 0.4583333333333333 0.4722222222222222 0.46064814814814814 0.4699074074074074 0.48148148148148145 0.4699074074074074 0.4837962962962963 0.4675925925925926 0.4837962962962963 0.44675925925925924 0.4791666666666667 0.4398148148148148 0.44212962962962965 0.4398148148148148 0.4398148148148148 0.4375 0.4236111111111111 0.4351851851851852 0.41898148148148145 0.4305555555555556 0.41203703703703703 0.42824074074074076 0.40046296296296297 0.4166666666666667 0.39814814814814814 0.4074074074074074 0.40046296296296297 0.4050925925925926 0.42592592592592593 0.4050925925925926
8 0.28935185185185186 0.37037037037037035 0.2916666666666667 0.3726851851851852 0.3125 0.375 0.33564814814814814 0.38657407407407407 0.3425925925925926 0.3958333333333333 0.3425925925925926 0.40046296296296297 0.3449074074074074 0.4027777777777778 0.3449074074074074 0.41898148148148145 0.3472222222222222 0.4212962962962963 0.3773148148148148 0.4212962962962963 0.37962962962962965 0.4236111111111111 0.39351851851851855 0.4236111111111111 0.41203703703703703 0.4305555555555556 0.4236111111111111 0.4398148148148148 0.42824074074074076 0.44907407407407407 0.42824074074074076 0.4675925925925926 0.43287037037037035 0.4722222222222222 0.4537037037037037 0.4722222222222222 0.4537037037037037 0.4837962962962963 0.44907407407407407 0.48842592592592593 0.4351851851851852 0.48842592592592593 0.43287037037037035 0.4861111111111111 0.42592592592592593 0.4930555555555556 0.42592592592592593 0.5 0.42824074074074076 0.5023148148148148 0.42592592592592593 0.5046296296296297 0.42824074074074076 0.5092592592592593 0.4351851851851852 0.5162037037037037 0.44907407407407407 0.5208333333333334 0.4513888888888889 0.5347222222222222 0.44907407407407407 0.5370370370370371 0.4444444444444444 0.5370370370370371 0.44212962962962965 0.5347222222222222 0.42824074074074076 0.5347222222222222 0.4074074074074074 0.5254629629629629 0.39814814814814814 0.5162037037037037 0.39351851851851855 0.5069444444444444 0.39351851851851855 0.49074074074074076 0.3912037037037037 0.48842592592592593 0.3611111111111111 0.48842592592592593 0.3587962962962963 0.4861111111111111 0.3402777777777778 0.4837962962962963 0.32407407407407407 0.47685185185185186 0.3101851851851852 0.46064814814814814 0.3101851851851852 0.44212962962962965 0.3055555555555556 0.4375 0.28703703703703703 0.4375 0.2847222222222222 0.4351851851851852 0.2847222222222222 0.4212962962962963 0.30787037037037035 0.4212962962962963 0.3125 0.4097222222222222 0.3125 0.4027777777777778 0.30324074074074076 0.39351851851851855 0.2847222222222222 0.3888888888888889 0.2847222222222222 0.37962962962962965 0.2824074074074074 0.375 0.28703703703703703 0.3726851851851852
1 0.30092592592592593 0.4722222222222222 0.30324074074074076 0.47453703703703703 0.3148148148148148 0.47453703703703703 0.33101851851851855 0.4837962962962963 0.33796296296296297 0.49074074074074076 0.3425925925925926 0.5023148148148148 0.30787037037037035 0.5023148148148148 0.30092592592592593 0.4930555555555556 0.28935185185185186 0.48842592592592593 0.28703703703703703 0.49074074074074076 0.2847222222222222 0.48842592592592593 0.25925925925925924 0.48842592592592593 0.2569444444444444 0.49074074074074076 0.2569444444444444 0.5 0.25462962962962965 0.5023148148148148 0.2199074074074074 0.5023148148148148 0.2199074074074074 0.49074074074074076 0.2175925925925926 0.48842592592592593 0.21296296296296297 0.48842592592592593 0.21064814814814814 0.4861111111111111 0.20833333333333334 0.48842592592592593 0.2037037037037037 0.4861111111111111 0.1736111111111111 0.4861111111111111 0.1712962962962963 0.4837962962962963 0.1550925925925926 0.48148148148148145 0.13657407407407407 0.4699074074074074 0.12962962962962962 0.4583333333333333 0.12962962962962962 0.4513888888888889 0.13425925925925927 0.4398148148148148 0.1550925925925926 0.42592592592592593 0.16898148148148148 0.4236111111111111 0.1712962962962963 0.4212962962962963 0.2152777777777778 0.4212962962962963 0.2175925925925926 0.41898148148148145 0.2175925925925926 0.4027777777777778 0.22453703703703703 0.3888888888888889 0.24305555555555555 0.3773148148148148 0.25925925925925924 0.375 0.26157407407407407 0.3726851851851852 0.2777777777777778 0.3726851851851852 0.2777777777777778 0.3773148148148148 0.2800925925925926 0.37962962962962965 0.2777777777777778 0.38425925925925924 0.2800925925925926 0.38657407407407407 0.2777777777777778 0.3912037037037037 0.2638888888888889 0.39351851851851855 0.25462962962962965 0.4027777777777778 0.25462962962962965 0.41898148148148145 0.2569444444444444 0.4212962962962963 0.2800925925925926 0.4212962962962963 0.2800925925925926 0.4375 0.2777777777777778 0.4398148148148148 0.26851851851851855 0.4398148148148148 0.2662037037037037 0.4375 0.25462962962962965 0.44212962962962965 0.25462962962962965 0.44675925925925924 0.2569444444444444 0.44907407407407407 0.2569444444444444 0.4675925925925926 0.25925925925925924 0.4699074074074074 0.2916666666666667 0.4699074074074074 0.29398148148148145 0.4722222222222222 0.2986111111111111 0.4722222222222222
3 0.2199074074074074 0.5046296296296297 0.25462962962962965 0.5046296296296297 0.25462962962962965 0.5138888888888888 0.25925925925925924 0.5185185185185185 0.30324074074074076 0.5185185185185185 0.30787037037037035 0.5138888888888888 0.3055555555555556 0.5046296296296297 0.3425925925925926 0.5046296296296297 0.3425925925925926 0.5162037037037037 0.3472222222222222 0.5208333333333334 0.34953703703703703 0.5185185185185185 0.35185185185185186 0.5208333333333334 0.38425925925925924 0.5208333333333334 0.38657407407407407 0.5231481481481481 0.39351851851851855 0.5231481481481481 0.3958333333333333 0.5254629629629629 0.4074074074074074 0.5277777777777778 0.4236111111111111 0.5416666666666666 0.4236111111111111 0.5462962962962963 0.42592592592592593 0.5486111111111112 0.42592592592592593 0.5578703703703703 0.4166666666666667 0.5717592592592593 0.4097222222222222 0.5740740740740741 0.40046296296296297 0.5810185185185185 0.38425925925925924 0.5833333333333334 0.3819444444444444 0.5856481481481481 0.3472222222222222 0.5856481481481481 0.3449074074074074 0.5833333333333334 0.33564814814814814 0.5833333333333334 0.32407407407407407 0.5787037037037037 0.3101851851851852 0.5671296296296297 0.30787037037037035 0.5555555555555556 0.3055555555555556 0.5532407407407407 0.3055555555555556 0.5393518518518519 0.30324074074074076 0.5370370370370371 0.25925925925925924 0.5370370370370371 0.25462962962962965 0.5416666666666666 0.25462962962962965 0.5509259259259259 0.2199074074074074 0.5509259259259259 0.2175925925925926 0.5486111111111112 0.2175925925925926 0.5393518518518519 0.2152777777777778 0.5370370370370371 0.18287037037037038 0.5370370370370371 0.16666666666666666 0.5509259259259259 0.13194444444444445 0.5509259259259259 0.13194444444444445 0.5416666666666666 0.14583333333333334 0.5277777777777778 0.15046296296296297 0.5277777777777778 0.16435185185185186 0.5208333333333334 0.1736111111111111 0.5208333333333334 0.17592592592592593 0.5185185185185185 0.2175925925925926 0.5185185185185185 0.2199074074074074 0.5162037037037037 0.2199074074074074 0.5069444444444444
10 0.38657407407407407 0.32175925925925924 0.3888888888888889 0.32407407407407407 0.3958333333333333 0.32407407407407407 0.4027777777777778 0.3287037037037037 0.4074074074074074 0.3287037037037037 0.4236111111111111 0.3402777777777778 0.42824074074074076 0.34953703703703703 0.42824074074074076 0.3680555555555556 0.43287037037037035 0.3726851851851852 0.4652777777777778 0.3726851851851852 0.4675925925925926 0.37037037037037035 0.4699074074074074 0.3726851851851852 0.4791666666666667 0.3726851851851852 0.4837962962962963 0.3611111111111111 0.4837962962962963 0.34953703703703703 0.49537037037037035 0.33564814814814814 0.5092592592592593 0.3287037037037037 0.5162037037037037 0.3287037037037037 0.5277777777777778 0.32407407407407407 0.5416666666666666 0.32407407407407407 0.5439814814814815 0.3333333333333333 0.5393518518518519 0.3449074074074074 0.5254629629629629 0.3449074074074074 0.5208333333333334 0.3472222222222222 0.5138888888888888 0.35648148148148145 0.5162037037037037 0.3587962962962963 0.5138888888888888 0.3611111111111111 0.5138888888888888 0.37037037037037035 0.5162037037037037 0.3726851851851852 0.5370370370370371 0.3726851851851852 0.5416666666666666 0.375 0.5416666666666666 0.3888888888888889 0.5393518518518519 0.3912037037037037 0.5162037037037037 0.3912037037037037 0.5138888888888888 0.39351851851851855 0.5138888888888888 0.39814814814814814 0.5162037037037037 0.40046296296296297 0.5115740740740741 0.4050925925925926 0.5023148148148148 0.4050925925925926 0.5 0.4027777777777778 0.4837962962962963 0.4050925925925926 0.48148148148148145 0.4027777777777778 0.4837962962962963 0.39351851851851855 0.48148148148148145 0.3912037037037037 0.4722222222222222 0.3912037037037037 0.4699074074074074 0.3888888888888889 0.4444444444444444 0.3888888888888889 0.44212962962962965 0.3912037037037037 0.4305555555555556 0.3912037037037037 0.42824074074074076 0.39351851851851855 0.42824074074074076 0.4027777777777778 0.3958333333333333 0.4027777777777778 0.3958333333333333 0.39351851851851855 0.3912037037037037 0.3888888888888889 0.3541666666666667 0.3888888888888889 0.35185185185185186 0.38657407407407407 0.3402777777777778 0.38657407407407407 0.33564814814814814 0.3819444444444444 0.3287037037037037 0.37962962962962965 0.3101851851851852 0.36342592592592593 0.3101851851851852 0.35648148148148145 0.30787037037037035 0.3541666666666667 0.3101851851851852 0.3449074074074074 0.32407407407407407 0.33101851851851855 0.3402777777777778 0.32407407407407407 0.3472222222222222 0.32407407407407407 0.34953703703703703 0.32175925925925924 0.38425925925925924 0.32175925925925924
11 0.05994671296296296 0.32125 0.05950266435185186 0.32625 0.05373001851851852 0.33449999999999996 0.05106571990740741 0.39175 0.05239786805555555 0.43674999999999997 0.05106571990740741 0.446 0.04928952083333333 0.6685 0.051953819444444445 0.6859999999999999 0.060390763888888886 0.6962499999999999 0.06882770833333333 0.7020000000000001 0.08570159953703704 0.70925 0.10879218518518519 0.71275 0.12255772685185186 0.71375 0.13987566666666668 0.71275 0.1527531087962963 0.7135 0.5466252222222222 0.71325 0.5741563055555555 0.7112499999999999 0.5941385439814815 0.7115 0.5981349907407407 0.7125 0.7655417407407407 0.7115 0.809946712962963 0.70825 0.8157193611111111 0.707 0.8277087037037036 0.7020000000000001 0.8396980462962963 0.6932499999999999 0.8472468912037037 0.6817500000000001 0.8490230902777779 0.6759999999999999 0.8494671412037037 0.46175 0.8512433402777778 0.443 0.8503552407407406 0.4265 0.8525754884259259 0.364 0.8516873888888888 0.34375 0.8485790416666666 0.3315 0.8454706921296297 0.32775 0.8503552407407406 0.31825000000000003 0.8507992893518519 0.31375 0.8534635879629631 0.31075 0.8565719351851853 0.28750000000000003 0.8507992893518519 0.27325 0.8450266435185185 0.26975 0.5182060393518518 0.2655 0.49422735416666663 0.26725 0.4738010648148148 0.265 0.4538188287037037 0.26625 0.4462699814814815 0.265 0.44271758333333333 0.26575 0.4391651875 0.265 0.4138543518518518 0.26575 0.3983126111111111 0.26425000000000004 0.38765541666666664 0.26525 0.3419182939814815 0.264 0.15510035416666668 0.26375 0.06927175925925926 0.262 0.06127886342592593 0.263 0.05639431712962963 0.265 0.05017762037037037 0.2745 0.04884546990740741 0.28225 0.05017762037037037 0.3005 0.05373001851851852 0.3105 0.05994671296296296 0.32125
12 0.8786856134259259 0.26356625 0.03459147453703704 0.26356625 0.03459147453703704 0.32859374999999996 0.8786856134259259 0.32859374999999996 0.8786856134259259 0.26356625
13 0.3592362337962963 0.3685 0.37744227314814816 0.3695 0.3863232685185185 0.36875 0.3903197152777778 0.36724999999999997 0.3925399652777778 0.36024999999999996 0.3912078148148148 0.35225 0.3854351689814815 0.34775 0.3778863240740741 0.34425 0.3587921851851852 0.34349999999999997 0.3516873888888889 0.3465 0.3450266435185185 0.35325 0.3450266435185185 0.35800000000000004 0.3481349907407407 0.36275 0.3521314398148148 0.366 0.3592362337962963 0.3685
13 0.5439609236111111 0.37175 0.5537300185185186 0.36975 0.5581705162037037 0.36724999999999997 0.5630550625 0.35874999999999996 0.5603907638888889 0.35174999999999995 0.5537300185185186 0.34800000000000003 0.5377442268518519 0.34625 0.520426287037037 0.35225 0.5195381875 0.3595 0.5235346365740741 0.36475 0.5279751342592592 0.36774999999999997 0.5439609236111111 0.37175
13 0.645204263888889 0.41875 0.6492007106481481 0.4115 0.6487566597222222 0.40724999999999995 0.6460923634259259 0.40075 0.6420959143518518 0.39849999999999997 0.6309946712962963 0.39575 0.6194493773148148 0.3965 0.6136767314814814 0.39849999999999997 0.606127886574074 0.40325 0.6056838356481481 0.41475 0.6141207824074074 0.41975 0.6376554166666666 0.4215 0.645204263888889 0.41875
13 0.4431616342592593 0.41825 0.44893428009259256 0.42 0.46092362268518516 0.42025 0.4706927175925926 0.41875 0.47424511574074074 0.41725 0.47779751388888886 0.4115 0.4782415625 0.40724999999999995 0.4733570162037037 0.39975 0.4689165185185185 0.39699999999999996 0.4560390763888889 0.39499999999999996 0.44671403240740737 0.39575 0.43960923611111113 0.39699999999999996 0.43383659027777777 0.403 0.43339253935185185 0.40825 0.43516873842592596 0.4125 0.437833037037037 0.41550000000000004 0.4431616342592593 0.41825
13 0.2664298402777778 0.41675 0.27220248611111114 0.4185 0.28285968055555555 0.4195 0.29973356944444446 0.41725 0.3028419189814815 0.41575 0.3055062175925926 0.41200000000000003 0.3050621666666667 0.40075 0.30062166898148146 0.3965 0.28285968055555555 0.39199999999999996 0.27220248611111114 0.394 0.26154529398148146 0.39875 0.2597690949074074 0.40075 0.2597690949074074 0.40825 0.26110124305555554 0.41200000000000003 0.2664298402777778 0.41675
13 0.19671403240740742 0.46925 0.21003552314814816 0.46849999999999997 0.2144760208333333 0.467 0.21669627083333334 0.464 0.2158081712962963 0.44875000000000004 0.2144760208333333 0.445 0.20959147453703703 0.44225 0.20293072916666668 0.441 0.19271758333333333 0.44075 0.18206039120370368 0.44199999999999995 0.1749555949074074 0.445 0.17051509722222222 0.451 0.17095914814814817 0.46 0.18117229166666668 0.46775000000000005 0.18916518750000003 0.46925 0.19671403240740742 0.46925
13 0.35790408564814813 0.46649999999999997 0.3627886319444445 0.46825 0.37078152777777773 0.46875 0.38321491898148147 0.46775000000000005 0.38765541666666664 0.46649999999999997 0.39209591435185187 0.45275 0.3907637662037037 0.4495 0.38321491898148147 0.44425 0.37255772685185184 0.44199999999999995 0.3627886319444445 0.44199999999999995 0.35301953703703703 0.4445 0.3472468912037037 0.45075 0.3468028425925926 0.45599999999999996 0.3485790416666667 0.46025 0.3516873888888889 0.46375 0.35790408564814813 0.46649999999999997
13 0.543516875 0.46900000000000003 0.5537300185185186 0.46649999999999997 0.5590586134259259 0.4635 0.5612788634259259 0.46 0.5595026643518518 0.44925 0.5515097685185185 0.44475000000000003 0.5386323263888889 0.444 0.5333037291666667 0.445 0.522646537037037 0.44975 0.520426287037037 0.45275 0.520426287037037 0.4585 0.5248667847222221 0.46499999999999997 0.5288632337962963 0.46725 0.543516875 0.46900000000000003
13 0.7238010648148148 0.46900000000000003 0.7317939606481482 0.46499999999999997 0.7344582592592593 0.46149999999999997 0.7344582592592593 0.45275 0.7309058611111111 0.4485 0.727353462962963 0.446 0.7166962708333334 0.4435 0.6953818819444444 0.444 0.6922735347222222 0.447 0.6913854351851852 0.45425 0.690941386574074 0.46525 0.6931616342592593 0.46974999999999995 0.7149200717592592 0.47 0.7238010648148148 0.46900000000000003
13 0.6105683842592592 0.515 0.6185612777777778 0.51725 0.6265541736111111 0.517 0.6380994675925926 0.51425 0.6412078148148148 0.5125000000000001 0.6443161643518519 0.5085 0.645204263888889 0.50075 0.6420959143518518 0.496 0.6372113680555556 0.49325 0.6296625231481481 0.49175 0.6198934282407408 0.49224999999999997 0.6119005324074074 0.4945 0.6056838356481481 0.49825 0.6039076365740741 0.5015 0.6043516875 0.50825 0.606127886574074 0.51225 0.6105683842592592 0.515
13 0.4711367662037037 0.51275 0.4764653634259259 0.50525 0.4764653634259259 0.5015 0.4706927175925926 0.4945 0.4569271759259259 0.49074999999999996 0.4409413865740741 0.49325 0.4342806388888889 0.497 0.4316163402777778 0.50025 0.43072824074074073 0.5055000000000001 0.43827708796296294 0.5135 0.4560390763888889 0.51725 0.4711367662037037 0.51275
13 0.29973356944444446 0.517 0.3023978680555555 0.5155 0.30461811805555555 0.5115 0.3055062175925926 0.50225 0.29973356944444446 0.4945 0.29484902314814815 0.49200000000000005 0.28285968055555555 0.49025 0.2717584375 0.491 0.26598578935185185 0.49274999999999997 0.26154529398148146 0.49624999999999997 0.2584369444444445 0.502 0.2584369444444445 0.5125000000000001 0.2602131435185185 0.512 0.26865008796296297 0.51575 0.29973356944444446 0.517
13 0.18827708796296297 0.56625 0.19671403240740742 0.5665 0.2069271759259259 0.5655 0.21225577314814817 0.56325 0.21669627083333334 0.5525 0.2135879212962963 0.5437500000000001 0.21003552314814816 0.54125 0.2033747777777778 0.53925 0.20026643055555554 0.53975 0.19316163425925925 0.538 0.18472468981481482 0.538 0.17628774537037037 0.5407500000000001 0.17095914814814817 0.5465 0.17140319675925927 0.55475 0.17539964583333334 0.56075 0.18028419212962965 0.56425 0.18827708796296297 0.56625
13 0.3619005324074074 0.56625 0.37833037268518516 0.56575 0.38277087037037033 0.56425 0.3880994675925926 0.5605 0.3912078148148148 0.5545 0.3903197152777778 0.5479999999999999 0.3841030185185185 0.54225 0.376110125 0.5395 0.3614564837962963 0.53925 0.3521314398148148 0.5409999999999999 0.3441385439814815 0.5485 0.3450266435185185 0.55725 0.3485790416666667 0.561 0.35257548842592595 0.5635 0.3619005324074074 0.56625
13 0.5333037291666667 0.5655 0.5430728240740741 0.56575 0.5515097685185185 0.56375 0.5568383657407407 0.56125 0.5603907638888889 0.5575 0.5612788634259259 0.55375 0.5590586134259259 0.5457500000000001 0.5550621666666666 0.54175 0.5506216689814815 0.54 0.539520425925926 0.53975 0.5284191828703704 0.5415 0.519982238425926 0.546 0.516873888888889 0.55025 0.5164298402777777 0.554 0.518650087962963 0.5585 0.5275310833333333 0.56425 0.5333037291666667 0.5655
13 0.7220248657407408 0.56425 0.7309058611111111 0.56075 0.7344582592592593 0.55625 0.7353463587962963 0.55025 0.7326820601851851 0.5455 0.7277975138888889 0.54175 0.7171403194444445 0.5387500000000001 0.7042628773148147 0.53975 0.6980461805555556 0.54175 0.6931616342592593 0.54525 0.689609236111111 0.5505 0.6887211365740741 0.56425 0.6962699814814814 0.566 0.7113676736111111 0.56625 0.7220248657407408 0.56425
13 0.6194493773148148 0.61375 0.6327708703703704 0.61275 0.6425399652777778 0.6092500000000001 0.6474245115740741 0.60575 0.6492007106481481 0.6022500000000001 0.6474245115740741 0.59375 0.6429840138888889 0.59075 0.6345470694444444 0.5885 0.623001775462963 0.58775 0.6136767314814814 0.58925 0.6079040856481482 0.592 0.6034635879629631 0.5964999999999999 0.6021314398148149 0.60625 0.6043516875 0.61125 0.6083481342592593 0.61275 0.6194493773148148 0.61375
13 0.4595914745370371 0.61425 0.4751332152777778 0.61275 0.47779751388888886 0.6075 0.47779751388888886 0.59875 0.4724689166666667 0.5912499999999999 0.4666962708333333 0.5885 0.45781527546296297 0.58675 0.44538188194444445 0.5875 0.4342806388888889 0.592 0.4293960925925926 0.5985 0.4293960925925926 0.6055 0.4342806388888889 0.61 0.440053287037037 0.6125 0.4595914745370371 0.61425
13 0.27930728240740743 0.61475 0.293516875 0.61475 0.3001776203703703 0.61325 0.3028419189814815 0.6075 0.30195381944444444 0.59875 0.3001776203703703 0.5954999999999999 0.2944049722222222 0.5915 0.2868561273148148 0.589 0.27264653703703706 0.5885 0.26110124305555554 0.59025 0.25666074537037037 0.5942500000000001 0.2584369444444445 0.60575 0.26110124305555554 0.6090000000000001 0.26731793981481483 0.61275 0.27930728240740743 0.61475
13 0.36634103009259256 0.66275 0.38321491898148147 0.6589999999999999 0.38765541666666664 0.656 0.3907637662037037 0.644 0.3854351689814815 0.63925 0.3734458263888889 0.636 0.36856127777777775 0.63575 0.3539076365740741 0.63875 0.3463587916666666 0.642 0.34369449305555555 0.644 0.3445825925925926 0.6547499999999999 0.3485790416666667 0.6579999999999999 0.36634103009259256 0.66275
13 0.520870337962963 0.6577500000000001 0.5386323263888889 0.6619999999999999 0.5555062175925927 0.6589999999999999 0.5617229120370371 0.6549999999999999 0.5643872106481482 0.65125 0.564831261574074 0.6465000000000001 0.5643872106481482 0.64375 0.5608348125 0.63975 0.5519538194444444 0.637 0.5408525763888888 0.63525 0.522646537037037 0.63725 0.5159857893518518 0.63975 0.5128774421296296 0.6435000000000001 0.5133214930555555 0.6479999999999999 0.5159857893518518 0.6545000000000001 0.520870337962963 0.6577500000000001