9 0.5856481481481481 0.4583333333333333 0.5972222222222222 0.4652777777777778 0.6041666666666666 0.47685185185185186 0.6064814814814815 0.4861111111111111 0.5995370370370371 0.5023148148148148 0.5833333333333334 0.5138888888888888 0.5740740740740741 0.5162037037037037 0.5671296296296297 0.5254629629629629 0.5763888888888888 0.5324074074074074 0.5925925925925926 0.5393518518518519 0.6018518518518519 0.5486111111111112 0.6064814814814815 0.5555555555555556 0.6064814814814815 0.5740740740740741 0.5949074074074074 0.5879629629629629 0.5763888888888888 0.5972222222222222 0.5625 0.5995370370370371 0.5601851851851852 0.6018518518518519 0.5208333333333334 0.6018518518518519 0.5185185185185185 0.5995370370370371 0.5 0.5972222222222222 0.4861111111111111 0.5902777777777778 0.4791666666666667 0.5856481481481481 0.4699074074074074 0.5740740740740741 0.4699074074074074 0.5555555555555556 0.4837962962962963 0.5393518518518519 0.48842592592592593 0.5393518518518519 0.5115740740740741 0.5231481481481481 0.49537037037037035 0.5162037037037037 0.4930555555555556 0.5138888888888888 0.49537037037037035 0.5092592592592593 0.5023148148148148 0.5069444444444444 0.5115740740740741 0.5 0.5208333333333334 0.5 0.5347222222222222 0.5092592592592593 0.5393518518518519 0.5092592592592593 0.5439814814814815 0.5046296296296297 0.5532407407407407 0.5 0.5578703703703703 0.5 0.5648148148148148 0.49074074074074076 0.5648148148148148 0.4837962962962963 0.5578703703703703 0.47453703703703703 0.5763888888888888 0.46064814814814814 0.5833333333333334 0.4583333333333333
11 0.043072824074074076 0.4495 0.04396092361111111 0.45675 0.04662522222222222 0.46075000000000005 0.0484014212962963 0.46075000000000005 0.05017762037037037 0.46625 0.04928952083333333 0.47225 0.04662522222222222 0.47425 0.04884546990740741 0.47525 0.05239786805555555 0.48275 0.04662522222222222 0.4875 0.047069270833333336 0.49224999999999997 0.04484902314814815 0.498 0.05062166898148148 0.509 0.045737122685185184 0.515 0.04751332175925926 0.51825 0.04618117129629629 0.527 0.04618117129629629 0.6962499999999999 0.047957370370370365 0.6995 0.045737122685185184 0.708 0.047957370370370365 0.714 0.04662522222222222 0.7235 0.05106571990740741 0.72225 0.0532859675925926 0.72375 0.05461811805555556 0.7272500000000001 0.05239786805555555 0.73175 0.05461811805555556 0.7344999999999999 0.05017762037037037 0.7335 0.04618117129629629 0.7354999999999999 0.043072824074074076 0.7405 0.043072824074074076 0.7482500000000001 0.05106571990740741 0.75775 0.04751332175925926 0.76075 0.04751332175925926 0.76325 0.0532859675925926 0.76375 0.05373001851851852 0.7705 0.051953819444444445 0.77075 0.05106571990740741 0.77475 0.045293071759259264 0.778 0.04484902314814815 0.78125 0.047069270833333336 0.78375 0.043516875 0.7897500000000001 0.04618117129629629 0.79525 0.04484902314814815 0.8039999999999999 0.04662522222222222 0.80625 0.05106571990740741 0.8079999999999999 0.0484014212962963 0.818 0.04928952083333333 0.8195 0.0532859675925926 0.8207500000000001 0.04884546990740741 0.8245 0.05062166898148148 0.83025 0.04928952083333333 0.8350000000000001 0.0532859675925926 0.83775 0.07948490277777777 0.8435 0.08126110185185186 0.8452500000000001 0.08525754861111111 0.8442500000000001 0.08836589583333333 0.8454999999999999 0.09058614583333334 0.8422499999999999 0.09547069212962962 0.8424999999999999 0.0968028425925926 0.84125 0.1092362337962963 0.8417500000000001 0.11056838425925927 0.8392499999999999 0.11634103009259258 0.83825 0.12966252314814813 0.83825 0.13943161574074073 0.8352499999999999 0.18339253935185185 0.8270000000000001 0.19138543518518517 0.82875 0.1962699814814815 0.8275 0.2140319722222222 0.83175 0.22735346296296297 0.8280000000000001 0.23445825925925926 0.82975 0.25888099537037035 0.8282499999999999 0.27309058564814814 0.82975 0.29840142129629627 0.8284999999999999 0.3450266435185185 0.82975 0.35035524074074076 0.82875 0.3734458263888889 0.82875 0.3756660740740741 0.8277500000000001 0.4049733564814815 0.8292499999999999 0.44182948379629633 0.8277500000000001 0.4702486689814815 0.8280000000000001 0.4738010648148148 0.82675 0.4840142106481482 0.8275 0.5075488449074074 0.82675 0.518650087962963 0.8277500000000001 0.5297513310185186 0.82675 0.6376554166666666 0.82675 0.6629662523148149 0.82625 0.6949378333333334 0.8240000000000001 0.7122557731481481 0.82575 0.7473357013888888 0.8245 0.7548845462962963 0.8252499999999999 0.7884103009259259 0.82425 0.7997335694444444 0.825 0.8174955601851851 0.82425 0.8206039074074073 0.8222499999999999 0.8246003541666667 0.8235 0.8281527523148149 0.82325 0.8312611018518519 0.82175 0.8396980462962963 0.82275 0.8490230902777779 0.82175 0.8556838356481481 0.82325 0.9111900532407406 0.8225 0.9356127893518519 0.818 0.938277087962963 0.8155 0.9524866782407407 0.81025 0.9635879212962963 0.8 0.9680284189814815 0.7902499999999999 0.9702486689814814 0.77175 0.9631438726851852 0.7645000000000001 0.9680284189814815 0.7625 0.9693605694444444 0.7585000000000001 0.9702486689814814 0.7325 0.9666962708333334 0.728 0.9671403194444445 0.71325 0.9658081712962963 0.7130000000000001 0.9644760208333333 0.70875 0.9671403194444445 0.7065 0.9662522199074074 0.7042499999999999 0.9684724699074074 0.70075 0.9671403194444445 0.6975 0.9689165185185185 0.693 0.9675843703703704 0.68975 0.9675843703703704 0.671 0.9658081712962963 0.66875 0.9680284189814815 0.6655 0.9680284189814815 0.657 0.9658081712962963 0.6545000000000001 0.9671403194444445 0.6505000000000001 0.9635879212962963 0.649 0.9635879212962963 0.632 0.9666962708333334 0.631 0.9666962708333334 0.6295000000000001 0.9653641203703704 0.62975 0.9618117222222222 0.6269999999999999 0.9649200717592592 0.6232500000000001 0.9635879212962963 0.6115 0.9649200717592592 0.6092500000000001 0.9640319722222223 0.59375 0.9653641203703704 0.5885 0.9640319722222223 0.5842499999999999 0.9658081712962963 0.5812499999999999 0.9635879212962963 0.52925 0.9595914745370371 0.5235 0.9622557731481481 0.519 0.9587033749999999 0.50925 0.9609236226851853 0.5055000000000001 0.9591474236111112 0.5005000000000001 0.9613676736111111 0.49825 0.9591474236111112 0.49475 0.9609236226851853 0.48675 0.9587033749999999 0.4805 0.9609236226851853 0.47650000000000003 0.9587033749999999 0.47175 0.9635879212962963 0.45325 0.9613676736111111 0.44625 0.957371224537037 0.4415 0.960479574074074 0.43575 0.960479574074074 0.41325 0.9600355231481481 0.40425 0.9569271759259259 0.4004375 0.9569271759259259 0.3965 0.9587033749999999 0.39425 0.9569271759259259 0.38266675 0.9582593240740741 0.37675 0.9609236226851853 0.37375 0.9609236226851853 0.3655 0.9600355231481481 0.3625 0.9547069282407408 0.36125 0.9551509768518519 0.34950000000000003 0.956483125 0.34875 0.9547069282407408 0.33875 0.9418294837962963 0.31975000000000003 0.9356127893518519 0.31675000000000003 0.9325044398148149 0.31725 0.9289520416666667 0.314 0.9227353472222222 0.31425 0.916518650462963 0.31349999999999995 0.9147424513888889 0.31224999999999997 0.8836589699074074 0.3105 0.8765541736111111 0.31174999999999997 0.8721136759259259 0.31375 0.8614564837962964 0.31375 0.8565719351851853 0.3105 0.8490230902777779 0.31 0.08436944907407408 0.30375 0.08126110185185186 0.30524999999999997 0.07992895138888889 0.309 0.07770870370370371 0.30975 0.07859680324074075 0.3175 0.07726465277777778 0.31825000000000003 0.07193605787037037 0.31875 0.06882770833333333 0.31625000000000003 0.06438721064814815 0.30674999999999997 0.060390763888888886 0.3055 0.05683836574074074 0.30725 0.05506216666666667 0.3105 0.05950266435185186 0.31275000000000003 0.058614564814814814 0.31825000000000003 0.05239786805555555 0.31925 0.04662522222222222 0.32749999999999996 0.047957370370370365 0.32949999999999996 0.047069270833333336 0.33225000000000005 0.041740675925925924 0.33799999999999997 0.043072824074074076 0.4495
12 0.1822224699074074 0.29635500000000004 0.03327486574074074 0.29635500000000004 0.03327486574074074 0.8492350000000001 0.1822224699074074 0.8492350000000001 0.1822224699074074 0.29635500000000004
13 0.42184724768518517 0.40975 0.4293960925925926 0.41200000000000003 0.440053287037037 0.413 0.44893428009259256 0.41074999999999995 0.4569271759259259 0.40599999999999997 0.46092362268518516 0.40075 0.46092362268518516 0.39349999999999996 0.4538188287037037 0.386 0.4462699814814815 0.3825 0.43294849074074077 0.381 0.4249555949074074 0.38125 0.41563055092592593 0.38525 0.41030195370370365 0.391 0.40941385416666665 0.398 0.4107460046296296 0.40249999999999997 0.4129662523148148 0.40525000000000005 0.42184724768518517 0.40975
13 0.6412078148148148 0.41025 0.6518650092592593 0.40625 0.6580817060185185 0.40175000000000005 0.6580817060185185 0.39025 0.6531971574074075 0.38575000000000004 0.6403197152777778 0.3805 0.6265541736111111 0.381 0.6194493773148148 0.38225000000000003 0.6132326828703704 0.38575000000000004 0.6087921851851852 0.391 0.6092362337962962 0.39899999999999997 0.6145648310185186 0.40625 0.623001775462963 0.41074999999999995 0.6412078148148148 0.41025
13 0.727353462962963 0.466 0.7420071041666667 0.466 0.7544404976851852 0.46125 0.7588809953703703 0.45675 0.7597690949074075 0.44925 0.7562166967592593 0.44325000000000003 0.7544404976851852 0.441 0.7437833032407407 0.43625 0.7362344583333333 0.4355 0.7175843703703704 0.438 0.7131438726851852 0.44075 0.7091474236111112 0.447 0.7082593240740741 0.453 0.7131438726851852 0.46075000000000005 0.7166962708333334 0.4635 0.727353462962963 0.466
13 0.5261989351851851 0.46625 0.5293072824074074 0.467 0.5430728240740741 0.46675 0.5603907638888889 0.46 0.5595026643518518 0.44725 0.5559502662037037 0.44375 0.543516875 0.438 0.5288632337962963 0.4375 0.5235346365740741 0.43849999999999995 0.5155417407407408 0.44199999999999995 0.5111012430555556 0.44725 0.5102131435185185 0.45325 0.5119893425925925 0.4585 0.5195381875 0.464 0.5261989351851851 0.46625
13 0.3272646527777778 0.467 0.34280639351851855 0.4675 0.3485790416666667 0.46649999999999997 0.3592362337962963 0.46075000000000005 0.36234458333333336 0.4565 0.36234458333333336 0.45 0.3570159861111111 0.44375 0.35124334027777776 0.44025 0.3441385439814815 0.43825000000000003 0.3348135 0.4375 0.3241563055555556 0.43925 0.3134991111111111 0.44549999999999995 0.31039076388888887 0.45025000000000004 0.31039076388888887 0.45675 0.312166962962963 0.46 0.31660746064814815 0.4635 0.3272646527777778 0.467
13 0.21980461805555557 0.52275 0.23134991203703703 0.52425 0.24733570138888888 0.5235 0.2544404976851852 0.52025 0.2597690949074074 0.515 0.26110124305555554 0.511 0.2602131435185185 0.504 0.25133214814814814 0.497 0.24156305555555554 0.4945 0.2277975138888889 0.4945 0.22158081712962965 0.49624999999999997 0.2135879212962963 0.50075 0.20959147453703703 0.5055000000000001 0.20825932407407408 0.5085 0.2091474236111111 0.51325 0.21225577314814817 0.518 0.21980461805555557 0.52275
13 0.437833037037037 0.5235 0.44937833101851854 0.522 0.45737122453703705 0.51725 0.46225577314814814 0.51225 0.46314387268518514 0.50425 0.4613676736111111 0.50075 0.45426287731481485 0.4965 0.4444937824074074 0.4935 0.4320603912037037 0.4935 0.4271758425925926 0.4945 0.41829484953703705 0.49825 0.41207815277777776 0.50525 0.4116341041666666 0.5125000000000001 0.41341030092592596 0.516 0.42317939583333336 0.5225 0.437833037037037 0.5235
13 0.6363232685185186 0.523 0.6434280648148147 0.522 0.6531971574074075 0.51825 0.6611900532407406 0.5125000000000001 0.6611900532407406 0.50475 0.6594138541666666 0.5015 0.6536412083333333 0.49675 0.645204263888889 0.494 0.6376554166666666 0.493 0.6198934282407408 0.494 0.6132326828703704 0.49774999999999997 0.6105683842592592 0.503 0.6101243333333334 0.5085 0.6141207824074074 0.516 0.6234458263888889 0.5217499999999999 0.6363232685185186 0.523
13 0.8348135 0.5217499999999999 0.8476909421296297 0.5205 0.8556838356481481 0.517 0.8614564837962964 0.51025 0.8623445833333334 0.505 0.8579040856481482 0.4975 0.8521314398148149 0.4935 0.8472468912037037 0.49175 0.8339254004629629 0.4905 0.8183836597222223 0.4935 0.8130550624999999 0.4965 0.809946712962963 0.5015 0.809946712962963 0.50875 0.8143872106481481 0.5165 0.8246003541666667 0.52025 0.8348135 0.5217499999999999
13 0.7375666064814815 0.57825 0.7513321481481482 0.57575 0.7579928958333333 0.5722499999999999 0.7602131435185185 0.56975 0.7628774421296297 0.56375 0.7579928958333333 0.55475 0.7539964467592593 0.55125 0.7442273541666666 0.54825 0.7362344583333333 0.5475 0.7202486689814814 0.55025 0.7158081712962963 0.5529999999999999 0.7122557731481481 0.55825 0.7113676736111111 0.56425 0.7126998217592593 0.5695 0.7166962708333334 0.57475 0.7375666064814815 0.57825
13 0.541296625 0.5792499999999999 0.5501776203703703 0.5775 0.559946712962963 0.5722499999999999 0.5630550625 0.56775 0.5608348125 0.5645 0.562166962962963 0.56075 0.5608348125 0.55725 0.5568383657407407 0.55375 0.5523978680555556 0.55125 0.5368561273148148 0.54675 0.5177619884259259 0.5535 0.5146536412037037 0.5555 0.5106571944444445 0.56125 0.5115452939814815 0.571 0.5150976898148149 0.5745 0.5293072824074074 0.579 0.541296625 0.5792499999999999
13 0.32460035416666666 0.579 0.3401420949074074 0.581 0.3521314398148148 0.57975 0.3619005324074074 0.574 0.3650088819444445 0.57025 0.3658969814814815 0.564 0.3645648310185185 0.56025 0.35568383564814815 0.5535 0.3450266435185185 0.5505 0.333481349537037 0.5505 0.32460035416666666 0.5527500000000001 0.31616340972222223 0.5569999999999999 0.31261101157407406 0.5615 0.312166962962963 0.5700000000000001 0.31394316203703704 0.57325 0.3183836597222222 0.57675 0.32460035416666666 0.579
13 0.24111900462962962 0.638 0.25177619907407406 0.6355 0.2557726458333333 0.6332500000000001 0.26154529398148146 0.6265000000000001 0.26110124305555554 0.6195 0.2562166967592593 0.6134999999999999 0.24555950231481483 0.6085 0.2375666064814815 0.60725 0.22380106481481482 0.6094999999999999 0.2189165185185185 0.6115 0.21225577314814817 0.61575 0.20959147453703703 0.61975 0.2091474236111111 0.62575 0.2162522199074074 0.6347499999999999 0.22957371296296294 0.63825 0.24111900462962962 0.638
13 0.4391651875 0.636 0.44937833101851854 0.6347499999999999 0.45737122453703705 0.63125 0.46314387268518514 0.6265000000000001 0.46492007175925926 0.6230000000000001 0.46314387268518514 0.6122500000000001 0.45293072916666666 0.608 0.44360568287037033 0.60575 0.4289520416666666 0.60625 0.4249555949074074 0.60775 0.416074599537037 0.61325 0.41252220138888884 0.619 0.4138543518518518 0.62725 0.42140319675925925 0.6332500000000001 0.42539964583333334 0.6347499999999999 0.4391651875 0.636
13 0.6447602129629629 0.63425 0.6523090578703703 0.6325000000000001 0.6603019537037037 0.62825 0.6638543518518518 0.62425 0.6638543518518518 0.6167499999999999 0.6598579050925926 0.61125 0.6545293078703703 0.608 0.6443161643518519 0.6055 0.6367673171296296 0.60475 0.624333925925926 0.607 0.6172291296296296 0.61175 0.6141207824074074 0.6160000000000001 0.6158969814814815 0.62725 0.6198934282407408 0.6307499999999999 0.6314387222222222 0.63425 0.6447602129629629 0.63425
13 0.8348135 0.63425 0.8503552407407406 0.6335000000000001 0.8596802847222222 0.62925 0.8658969814814815 0.6230000000000001 0.8663410300925926 0.618 0.8627886319444444 0.61075 0.8556838356481481 0.606 0.8490230902777779 0.6034999999999999 0.8277087037037036 0.60375 0.8192717592592593 0.607 0.8139431620370371 0.614 0.8130550624999999 0.61975 0.8157193611111111 0.6277499999999999 0.8237122546296297 0.6315 0.8348135 0.63425
13 0.7317939606481482 0.6905 0.7428952037037037 0.69075 0.7544404976851852 0.6890000000000001 0.7624333935185185 0.6835 0.7659857893518519 0.6785000000000001 0.7655417407407407 0.6717500000000001 0.7584369444444445 0.6649999999999999 0.7486678518518518 0.66175 0.7340142106481481 0.6607500000000001 0.7233570162037037 0.663 0.7180284189814815 0.6665 0.7149200717592592 0.6715000000000001 0.7144760208333333 0.678 0.7162522199074074 0.68425 0.7206927175925926 0.6869999999999999 0.7317939606481482 0.6905
13 0.5359680277777777 0.6920000000000001 0.5466252222222222 0.69175 0.5572824166666667 0.6892499999999999 0.5630550625 0.6845 0.5652753101851852 0.68025 0.5643872106481482 0.6722499999999999 0.5612788634259259 0.6677500000000001 0.5515097685185185 0.6635 0.543516875 0.66225 0.5270870347222222 0.66275 0.519982238425926 0.6665 0.5137655416666667 0.674 0.5133214930555555 0.68225 0.5177619884259259 0.68675 0.5248667847222221 0.68975 0.5359680277777777 0.6920000000000001
13 0.3383658958333334 0.69525 0.3454706921296296 0.69525 0.35479573611111115 0.69175 0.36234458333333336 0.6862499999999999 0.3650088819444445 0.682 0.36545293055555556 0.675 0.3592362337962963 0.66825 0.35568383564814815 0.6665 0.34280639351851855 0.6635 0.3348135 0.66325 0.32326820601851847 0.6659999999999999 0.3174955601851852 0.66875 0.31394316203703704 0.6719999999999999 0.3112788634259259 0.6787500000000001 0.312166962962963 0.68525 0.3174955601851852 0.6905 0.3272646527777778 0.6935 0.3383658958333334 0.69525
13 0.44182948379629633 0.7515000000000001 0.44937833101851854 0.751 0.4555950277777778 0.7487499999999999 0.4618117222222222 0.74475 0.46492007175925926 0.74 0.46625221990740745 0.7340000000000001 0.46225577314814814 0.7265 0.45293072916666666 0.7214999999999999 0.43827708796296294 0.7202500000000001 0.4258436944444444 0.72225 0.4187388981481482 0.7265 0.41429840046296296 0.7314999999999999 0.41341030092592596 0.739 0.41563055092592593 0.7442500000000001 0.4258436944444444 0.74925 0.44182948379629633 0.7515000000000001
13 0.6336589699074074 0.7484999999999999 0.643872113425926 0.74925 0.6514209583333334 0.7480000000000001 0.6598579050925926 0.7445 0.6660745995370371 0.73825 0.6656305509259259 0.7272500000000001 0.6611900532407406 0.72225 0.6545293078703703 0.71975 0.6394316157407408 0.71875 0.6265541736111111 0.721 0.6194493773148148 0.7262500000000001 0.6158969814814815 0.732 0.6154529305555556 0.73775 0.6190053287037037 0.74225 0.6234458263888889 0.745 0.6336589699074074 0.7484999999999999