4 0.5856481481481481 0.4074074074074074 0.5879629629629629 0.4097222222222222 0.6111111111111112 0.41203703703703703 0.6319444444444444 0.4212962962962963 0.6435185185185185 0.43287037037037035 0.6481481481481481 0.44212962962962965 0.6481481481481481 0.4652777777777778 0.6527777777777778 0.4699074074074074 0.6828703703703703 0.4699074074074074 0.6851851851851852 0.4722222222222222 0.6875 0.4699074074074074 0.7013888888888888 0.4699074074074074 0.7037037037037037 0.4722222222222222 0.7199074074074074 0.47453703703703703 0.7384259259259259 0.4837962962962963 0.7476851851851852 0.4930555555555556 0.7523148148148148 0.5046296296296297 0.7476851851851852 0.5092592592592593 0.7083333333333334 0.5069444444444444 0.7037037037037037 0.5046296296296297 0.7037037037037037 0.5023148148148148 0.6944444444444444 0.4930555555555556 0.6828703703703703 0.49074074074074076 0.6805555555555556 0.48842592592592593 0.6504629629629629 0.48842592592592593 0.6481481481481481 0.49074074074074076 0.6481481481481481 0.5046296296296297 0.6458333333333334 0.5069444444444444 0.6041666666666666 0.5069444444444444 0.6018518518518519 0.5046296296296297 0.6018518518518519 0.4930555555555556 0.5995370370370371 0.49074074074074076 0.5462962962962963 0.49074074074074076 0.5439814814814815 0.4930555555555556 0.5439814814814815 0.5046296296296297 0.5416666666666666 0.5069444444444444 0.5 0.5069444444444444 0.5 0.4930555555555556 0.49537037037037035 0.48842592592592593 0.4675925925925926 0.48842592592592593 0.4652777777777778 0.49074074074074076 0.44907407407407407 0.4930555555555556 0.44212962962962965 0.4976851851851852 0.4351851851851852 0.5069444444444444 0.40046296296296297 0.5092592592592593 0.39814814814814814 0.5069444444444444 0.39814814814814814 0.4976851851851852 0.40046296296296297 0.4930555555555556 0.4097222222222222 0.4837962962962963 0.42592592592592593 0.47453703703703703 0.4305555555555556 0.47453703703703703 0.4398148148148148 0.4699074074074074 0.45601851851851855 0.4699074074074074 0.4583333333333333 0.4675925925925926 0.49537037037037035 0.4675925925925926 0.5 0.46296296296296297 0.5 0.4444444444444444 0.5023148148148148 0.44212962962962965 0.5023148148148148 0.4375 0.5185185185185185 0.4212962962962963 0.5324074074074074 0.41435185185185186 0.5462962962962963 0.41203703703703703 0.5486111111111112 0.4097222222222222 0.5833333333333334 0.4074074074074074
11 0.07904085185185185 0.60075 0.07815275231481482 0.621 0.08037300231481481 0.643 0.07992895138888889 0.66925 0.08392540046296296 0.71375 0.0874777986111111 0.71775 0.09191829398148148 0.7274999999999999 0.0848135 0.7410000000000001 0.08170515046296296 0.7515000000000001 0.08170515046296296 0.7695 0.07992895138888889 0.776 0.08170515046296296 0.778 0.08259325 0.7899999999999999 0.08836589583333333 0.796 0.09857904166666666 0.7985 0.11412078240740742 0.7985 0.1620781527777778 0.7967500000000001 0.1647424513888889 0.7975 0.290408525462963 0.7967500000000001 0.4600355231481481 0.793 0.4751332152777778 0.7945 0.49333925462962963 0.7935 0.49866785185185186 0.7945 0.5106571944444445 0.7927500000000001 0.5319715810185185 0.79325 0.5350799282407407 0.7925 0.539520425925926 0.79375 0.5537300185185186 0.79425 0.5772646527777778 0.7925 0.6207815277777777 0.7927500000000001 0.6265541736111111 0.7915 0.6389875671296296 0.7909999999999999 0.6869449375000001 0.79325 0.7055950277777777 0.7915 0.7317939606481482 0.7915 0.7424511550925926 0.7927500000000001 0.8943161643518519 0.79125 0.9662522199074074 0.7895000000000001 0.9946714027777778 0.7905 0.999555951388889 0.7895000000000001 0.999555951388889 0.253 0.9928952037037037 0.2515 0.978685613425926 0.251 0.937833037037037 0.25125000000000003 0.9196269976851852 0.25025000000000003 0.9120781527777778 0.25125000000000003 0.9085257546296297 0.2505 0.8801065717592592 0.25025000000000003 0.7677619884259259 0.25 0.7553285972222222 0.25125000000000003 0.7420071041666667 0.25 0.7366785069444445 0.25075 0.7140319722222223 0.24950000000000003 0.6816163402777777 0.24975 0.6753996458333333 0.2485 0.6474245115740741 0.24825 0.6349911180555556 0.25025000000000003 0.6172291296296296 0.249 0.5879218472222222 0.25025000000000003 0.5741563055555555 0.24825 0.5626110115740741 0.25125000000000003 0.5488454699074075 0.2485 0.5306394305555555 0.2505 0.5173179398148148 0.2505 0.5088809953703703 0.248 0.501776199074074 0.248 0.49600355324074075 0.24950000000000003 0.48134991203703703 0.248 0.4460479583333334 0.24925 0.4045293078703704 0.24725 0.2135879212962963 0.245 0.20825932407407408 0.24575 0.1505328587962963 0.24575 0.1332149189814815 0.2465 0.11944937731481481 0.2485 0.09502664351851851 0.258 0.07815275231481482 0.27225 0.07415630555555557 0.27925 0.07193605787037037 0.28975 0.07460035416666667 0.488 0.07637655324074073 0.50625 0.07637655324074073 0.5575 0.07904085185185185 0.60075
12 0.9999977800925925 0.70844375 0.07700932407407407 0.70844375 0.07700932407407407 0.8068912500000001 0.9999977800925925 0.8068912500000001 0.9999977800925925 0.70844375
13 0.45293072916666666 0.34149999999999997 0.46625221990740745 0.34349999999999997 0.47602131481481486 0.34299999999999997 0.4809058611111111 0.342 0.4880106574074074 0.3385 0.49289520370370365 0.33225000000000005 0.49467140277777777 0.32425 0.48978685648148146 0.31625000000000003 0.48046181250000003 0.31125 0.4706927175925926 0.30925 0.4569271759259259 0.30975 0.4449378333333333 0.31525 0.43960923611111113 0.3215 0.4391651875 0.3255 0.4422735347222222 0.33375 0.44893428009259256 0.33999999999999997 0.45293072916666666 0.34149999999999997
13 0.668294849537037 0.34275000000000005 0.6749555949074074 0.34349999999999997 0.6918294837962963 0.34225 0.7002664305555556 0.33825 0.7047069282407408 0.3335 0.706483125 0.32399999999999995 0.7038188287037037 0.31825000000000003 0.6993783310185185 0.31425 0.6891651875 0.31024999999999997 0.6793960925925927 0.309 0.6678507986111112 0.31024999999999997 0.6563055069444445 0.3175 0.6523090578703703 0.32399999999999995 0.6527531087962963 0.33125 0.6558614560185185 0.33675 0.6603019537037037 0.34025 0.668294849537037 0.34275000000000005
13 0.7828596805555555 0.4045 0.7966252222222222 0.40275 0.8068383657407407 0.3975 0.8112788634259259 0.39225 0.8126110115740741 0.3875 0.809058613425926 0.38 0.7992895208333333 0.3745 0.7886323263888889 0.37124999999999997 0.7784191828703704 0.37175 0.7664298402777777 0.37525000000000003 0.7593250439814815 0.38 0.7562166967592593 0.38649999999999995 0.7553285972222222 0.39075 0.7611012430555555 0.39825000000000005 0.7757548842592592 0.40375 0.7828596805555555 0.4045
13 0.5643872106481482 0.40275 0.5781527523148148 0.4035 0.5919182939814815 0.39925 0.5976909421296297 0.394 0.5999111898148148 0.389 0.5976909421296297 0.3805 0.5914742453703704 0.37525000000000003 0.5812611018518519 0.3715 0.5639431620370371 0.37225 0.5586145648148149 0.3735 0.5497335694444444 0.378 0.5457371226851851 0.3835 0.5452930717592592 0.39075 0.5479573703703703 0.39525 0.5523978680555556 0.39899999999999997 0.5643872106481482 0.40275
13 0.3592362337962963 0.40375 0.36634103009259256 0.4035 0.37966252314814813 0.39925 0.3849911180555555 0.39525 0.3872113680555555 0.39075 0.3872113680555555 0.3835 0.38055062268518514 0.37525000000000003 0.3730017754629629 0.37124999999999997 0.35834813425925927 0.36975 0.3468028425925926 0.37175 0.3370337476851852 0.37625 0.333481349537037 0.38025 0.33259325 0.39075 0.3348135 0.39425 0.3423623449074074 0.40049999999999997 0.3592362337962963 0.40375
13 0.2442273541666667 0.46325 0.2557726458333333 0.46375 0.2690941388888889 0.46075000000000005 0.2797513310185185 0.45275 0.2815275300925926 0.4465 0.2797513310185185 0.4425 0.27264653703703706 0.43524999999999997 0.2677619884259259 0.43300000000000005 0.25888099537037035 0.4315 0.24111900462962962 0.43174999999999997 0.2309058611111111 0.435 0.22557726388888888 0.43925 0.22380106481481482 0.446 0.22690941435185186 0.45399999999999996 0.23401421064814815 0.4605 0.2442273541666667 0.46325
13 0.4604795740740741 0.46299999999999997 0.4764653634259259 0.46375 0.48046181250000003 0.46299999999999997 0.4902309050925926 0.457 0.4955595023148148 0.45 0.4951154537037037 0.44275 0.4915630555555556 0.43849999999999995 0.4857904074074074 0.43524999999999997 0.4711367662037037 0.43174999999999997 0.4613676736111111 0.4315 0.45293072916666666 0.43300000000000005 0.4444937824074074 0.43724999999999997 0.43960923611111113 0.44225 0.4391651875 0.44775 0.44182948379629633 0.45425 0.45026643055555554 0.46075000000000005 0.4604795740740741 0.46299999999999997
13 0.6718472476851851 0.46325 0.6860568379629629 0.46275 0.6927175833333332 0.46125 0.6998223796296296 0.45675 0.7051509768518519 0.45 0.7042628773148147 0.44325000000000003 0.6993783310185185 0.43650000000000005 0.6838365902777779 0.4315 0.6745115462962963 0.43024999999999997 0.6647424513888889 0.432 0.6567495555555555 0.43724999999999997 0.6536412083333333 0.44175000000000003 0.6536412083333333 0.44975 0.6558614560185185 0.45425 0.6629662523148149 0.4605 0.6718472476851851 0.46325
13 0.8725577268518518 0.46149999999999997 0.8823268217592592 0.46325 0.893872113425926 0.46299999999999997 0.9067495555555555 0.45925 0.9116341041666667 0.4555 0.9147424513888889 0.44975 0.9138543518518518 0.44199999999999995 0.9120781527777778 0.439 0.9045293078703703 0.434 0.893872113425926 0.43174999999999997 0.8801065717592592 0.43174999999999997 0.8698934282407408 0.4345 0.8605683842592592 0.44199999999999995 0.8592362337962962 0.44625 0.8614564837962964 0.452 0.8667850810185186 0.4585 0.8725577268518518 0.46149999999999997
13 0.7841918287037037 0.52225 0.792184724537037 0.5215000000000001 0.8001776203703704 0.519 0.8081705162037037 0.51225 0.8095026643518518 0.50525 0.8068383657407407 0.49924999999999997 0.8001776203703704 0.49375 0.7930728240740741 0.491 0.7788632337962963 0.491 0.7615452939814815 0.4945 0.7579928958333333 0.49825 0.7557726458333334 0.50725 0.7553285972222222 0.512 0.7602131435185185 0.517 0.774422736111111 0.5215000000000001 0.7841918287037037 0.52225
13 0.5697158078703703 0.52275 0.5812611018518519 0.52225 0.5883658958333333 0.52025 0.5963587916666667 0.5135 0.5999111898148148 0.5085 0.5990230902777779 0.5045 0.5954706921296297 0.5015 0.5928063935185185 0.49624999999999997 0.5883658958333333 0.49375 0.5785968032407408 0.49200000000000005 0.5639431620370371 0.49200000000000005 0.5559502662037037 0.49325 0.5492895208333333 0.4975 0.5461811712962963 0.504 0.5466252222222222 0.51275 0.5501776203703703 0.51725 0.5581705162037037 0.52075 0.5697158078703703 0.52275
13 0.3601243333333333 0.52325 0.3734458263888889 0.5215000000000001 0.38188277083333333 0.51775 0.3872113680555555 0.51175 0.38765541666666664 0.5075000000000001 0.38365896990740744 0.498 0.38010657175925927 0.49424999999999997 0.3636767314814815 0.49125 0.3490230902777778 0.49200000000000005 0.34280639351851855 0.494 0.33570159953703704 0.49875 0.3330373009259259 0.505 0.33259325 0.5085 0.33570159953703704 0.5167499999999999 0.3450266435185185 0.522 0.3601243333333333 0.52325
13 0.2442273541666667 0.58225 0.25888099537037035 0.582 0.270426287037037 0.579 0.27930728240740743 0.57425 0.28197158101851855 0.571 0.28285968055555555 0.5675 0.2797513310185185 0.559 0.2717584375 0.55325 0.2619893425925926 0.55025 0.2477797523148148 0.55075 0.2375666064814815 0.5527500000000001 0.2304618125 0.55625 0.22646536342592594 0.5625 0.22602131481481483 0.57125 0.2277975138888889 0.57375 0.23401421064814815 0.5795 0.2442273541666667 0.58225
13 0.45293072916666666 0.58 0.4706927175925926 0.5812499999999999 0.48046181250000003 0.5795 0.4884547060185185 0.576 0.49289520370370365 0.5720000000000001 0.49467140277777777 0.567 0.49111900462962965 0.5569999999999999 0.4831261111111111 0.55225 0.4729129652777778 0.5495 0.456483125 0.54975 0.44937833101851854 0.552 0.44360568287037033 0.55625 0.43960923611111113 0.5625 0.4391651875 0.5680000000000001 0.4413854351851852 0.5725 0.4484902314814815 0.57825 0.45293072916666666 0.58
13 0.6749555949074074 0.5805 0.688277087962963 0.5792499999999999 0.6953818819444444 0.5775 0.7007104791666667 0.57375 0.7038188287037037 0.56875 0.7033747777777778 0.56175 0.6993783310185185 0.5555 0.6953818819444444 0.5525 0.6829484907407407 0.54925 0.6651865 0.55075 0.6594138541666666 0.5525 0.6514209583333334 0.558 0.6483126111111112 0.56375 0.6478685601851851 0.569 0.6496447592592594 0.5725 0.6616341041666667 0.5785 0.6749555949074074 0.5805
13 0.8827708703703704 0.581 0.8934280648148147 0.5805 0.9023090578703703 0.578 0.9076376550925926 0.5745 0.9125222013888888 0.5680000000000001 0.9125222013888888 0.5605 0.9094138541666666 0.55625 0.9014209583333334 0.55125 0.8903197152777778 0.549 0.873001775462963 0.54975 0.8636767314814814 0.55475 0.8579040856481482 0.5605 0.8574600347222222 0.5665 0.8592362337962962 0.5715 0.8707815277777777 0.57825 0.8827708703703704 0.581
13 0.7828596805555555 0.63975 0.7939609236111111 0.6377499999999999 0.7992895208333333 0.6355 0.8046181180555556 0.632 0.8081705162037037 0.6265000000000001 0.8077264652777778 0.62125 0.8037300185185186 0.615 0.7930728240740741 0.6092500000000001 0.7864120787037037 0.608 0.7722024861111111 0.60875 0.7655417407407407 0.6104999999999999 0.7566607453703703 0.6155 0.7535523981481481 0.6215 0.7535523981481481 0.62725 0.7593250439814815 0.6337499999999999 0.7717584375000001 0.63825 0.7828596805555555 0.63975
13 0.5674955601851852 0.6407499999999999 0.5746003541666667 0.6409999999999999 0.5812611018518519 0.63975 0.5959147430555555 0.63225 0.5999111898148148 0.6267499999999999 0.5999111898148148 0.6222500000000001 0.5968028425925925 0.6162500000000001 0.5901420949074074 0.61175 0.5799289513888889 0.608 0.5634991111111111 0.6094999999999999 0.5523978680555556 0.61175 0.5484014212962963 0.6145 0.5452930717592592 0.62 0.5444049722222223 0.6267499999999999 0.5501776203703703 0.63675 0.5537300185185186 0.63675 0.5674955601851852 0.6407499999999999
13 0.35612788657407407 0.6417499999999999 0.37255772685185184 0.6409999999999999 0.38143872222222225 0.6355 0.3885435162037037 0.6275 0.3880994675925926 0.6215 0.3841030185185185 0.61575 0.3769982245370371 0.61175 0.36989342824074073 0.61075 0.3619005324074074 0.61 0.3494671412037037 0.611 0.33747779861111116 0.6160000000000001 0.33214920138888887 0.62125 0.3312611018518518 0.6267499999999999 0.3361456481481482 0.63525 0.3450266435185185 0.63975 0.35612788657407407 0.6417499999999999
13 0.4600355231481481 0.69975 0.4706927175925926 0.7 0.47690941435185186 0.6990000000000001 0.4840142106481482 0.6962499999999999 0.4915630555555556 0.69125 0.49333925462962963 0.68125 0.49111900462962965 0.67625 0.4853463587962963 0.6725 0.477353462962963 0.67 0.46403197222222226 0.66825 0.45115453009259254 0.66975 0.4422735347222222 0.67525 0.43960923611111113 0.6799999999999999 0.4391651875 0.6869999999999999 0.4409413865740741 0.6902499999999999 0.45026643055555554 0.697 0.4600355231481481 0.69975
13 0.6576376550925926 0.6945 0.6634103009259259 0.6975 0.6714031967592592 0.6990000000000001 0.6816163402777777 0.69875 0.6922735347222222 0.6964999999999999 0.6998223796296296 0.6925 0.7042628773148147 0.6865 0.7047069282407408 0.6815 0.7029307291666667 0.67675 0.6967140324074074 0.671 0.6856127893518519 0.6677500000000001 0.6749555949074074 0.6665 0.6580817060185185 0.67025 0.6505328587962963 0.67575 0.6492007106481481 0.6799999999999999 0.6500888101851852 0.68825 0.6549733564814815 0.691 0.6576376550925926 0.6945