2 0.35648148148148145 0.4050925925925926 0.3587962962962963 0.4074074074074074 0.3680555555555556 0.4074074074074074 0.37037037037037035 0.4097222222222222 0.3819444444444444 0.41203703703703703 0.39814814814814814 0.4212962962962963 0.41203703703703703 0.4375 0.41203703703703703 0.44212962962962965 0.41435185185185186 0.4444444444444444 0.41435185185185186 0.46064814814814814 0.41898148148148145 0.4652777777777778 0.4212962962962963 0.46296296296296297 0.4236111111111111 0.4652777777777778 0.4444444444444444 0.4652777777777778 0.44675925925925924 0.4699074074074074 0.44675925925925924 0.4837962962962963 0.44212962962962965 0.48842592592592593 0.4236111111111111 0.4861111111111111 0.4212962962962963 0.48842592592592593 0.4166666666666667 0.48842592592592593 0.41203703703703703 0.4976851851851852 0.41435185185185186 0.5023148148148148 0.41203703703703703 0.5138888888888888 0.41435185185185186 0.5162037037037037 0.41435185185185186 0.5208333333333334 0.41898148148148145 0.5254629629629629 0.4212962962962963 0.5231481481481481 0.42592592592592593 0.5254629629629629 0.42824074074074076 0.5231481481481481 0.44212962962962965 0.5231481481481481 0.44675925925925924 0.5277777777777778 0.44675925925925924 0.5324074074074074 0.4444444444444444 0.5347222222222222 0.4444444444444444 0.5462962962962963 0.41898148148148145 0.5462962962962963 0.41435185185185186 0.5509259259259259 0.41435185185185186 0.5671296296296297 0.41203703703703703 0.5694444444444444 0.41203703703703703 0.5763888888888888 0.3958333333333333 0.5925925925925926 0.3773148148148148 0.6018518518518519 0.36342592592592593 0.6041666666666666 0.3611111111111111 0.6064814814814815 0.3333333333333333 0.6064814814814815 0.3333333333333333 0.5925925925925926 0.3402777777777778 0.5833333333333334 0.35185185185185186 0.5833333333333334 0.3541666666666667 0.5810185185185185 0.3587962962962963 0.5810185185185185 0.37037037037037035 0.5717592592592593 0.37037037037037035 0.5509259259259259 0.36574074074074076 0.5462962962962963 0.3472222222222222 0.5486111111111112 0.3449074074074074 0.5462962962962963 0.3402777777777778 0.5462962962962963 0.33564814814814814 0.5393518518518519 0.33796296296296297 0.5254629629629629 0.36574074074074076 0.5254629629629629 0.37037037037037035 0.5208333333333334 0.37037037037037035 0.49074074074074076 0.36574074074074076 0.4861111111111111 0.3402777777777778 0.4861111111111111 0.33796296296296297 0.4837962962962963 0.33796296296296297 0.4652777777777778 0.3402777777777778 0.46296296296296297 0.3680555555555556 0.46296296296296297 0.37037037037037035 0.46064814814814814 0.37037037037037035 0.4444444444444444 0.3680555555555556 0.4398148148148148 0.3587962962962963 0.4305555555555556 0.3425925925925926 0.42824074074074076 0.33796296296296297 0.42592592592592593 0.33564814814814814 0.4212962962962963 0.33564814814814814 0.4074074074074074 0.33796296296296297 0.4050925925925926 0.3541666666666667 0.4050925925925926
11 0 0.749 0.002220247685185185 0.7494999999999999 0.003552398148148148 0.7527499999999999 0.00666074537037037 0.755 0.0039964467592592595 0.7575000000000001 0.0039964467592592595 0.76225 0.029307282407407407 0.7655000000000001 0.0532859675925926 0.7655000000000001 0.05683836574074074 0.76625 0.10301953703703705 0.7655000000000001 0.12921847222222224 0.767 0.14431616435185185 0.7655000000000001 0.15674955555555556 0.76625 0.17895204166666667 0.7652500000000001 0.1869449375 0.7635 0.19538188194444445 0.7665 0.20426287731481482 0.7659999999999999 0.22158081712962965 0.76725 0.4320603912037037 0.76875 0.44049733564814814 0.7675 0.44582593287037037 0.7685000000000001 0.4675843703703703 0.7675 0.4746891643518519 0.76925 0.5661634097222222 0.7685000000000001 0.5706039074074074 0.7695 0.5954706921296297 0.769 0.5985790416666666 0.7697499999999999 0.6079040856481482 0.769 0.6380994675925926 0.77 0.6634103009259259 0.76925 0.6714031967592592 0.77075 0.7539964467592593 0.771 0.7770870347222222 0.77025 0.8055062175925926 0.77175 0.8290408518518518 0.77025 0.8343694490740741 0.77175 0.8601243333333334 0.7705 0.8765541736111111 0.772 0.8863232685185186 0.7697499999999999 0.8903197152777778 0.77 0.8965364120370369 0.7665 0.9009769097222221 0.767 0.9040852569444445 0.76875 0.9227353472222222 0.76225 0.9267317939814815 0.75925 0.9316163402777777 0.75775 0.9418294837962963 0.7482500000000001 0.9493783310185185 0.73875 0.9515985787037037 0.73075 0.9502664305555556 0.7265 0.9529307291666667 0.722 0.9467140324074074 0.377 0.9449378333333334 0.373 0.9444937824074074 0.35500000000000004 0.9422735347222222 0.35275 0.9440497337962962 0.35025 0.9440497337962962 0.337 0.9431616342592593 0.32025000000000003 0.9391651875 0.30925 0.940053287037037 0.30375 0.9387211365740741 0.30174999999999996 0.9316163402777777 0.3 0.9329484907407407 0.29625 0.9285079930555555 0.2805 0.9302841921296297 0.27749999999999997 0.9311722916666667 0.26525 0.9365008888888888 0.26325 0.9373889884259259 0.2595 0.9413854351851852 0.25675 0.9431616342592593 0.25275000000000003 0.9444937824074074 0.223 0.939609236111111 0.2125 0.9373889884259259 0.2135 0.9280639421296297 0.20850000000000002 0.8925399652777778 0.20925 0.8872113680555556 0.21050000000000002 0.8761101250000001 0.21050000000000002 0.8712255763888889 0.2125 0.8663410300925926 0.20975 0.6736234467592593 0.2125 0.6678507986111112 0.21275 0.6647424513888889 0.21575 0.6611900532407406 0.21300000000000002 0.6598579050925926 0.2155 0.6558614560185185 0.21725 0.6514209583333334 0.21625 0.6474245115740741 0.21325 0.2841918287037037 0.217 0.2602131435185185 0.216 0.2548845462962963 0.21725 0.25133214814814814 0.21725 0.2482238009259259 0.21575 0.22602131481481483 0.2155 0.21536412037037037 0.217 0.1647424513888889 0.21650000000000003 0.14698046296296297 0.21775 0.13676731712962964 0.2175 0.1332149189814815 0.21650000000000003 0.009325043981481483 0.21875 0.003552398148148148 0.21975 0.001776199074074074 0.22225 0 0.2225 0 0.749
12 0 0.27703125 0.9642539953703704 0.27703125 0.9642539953703704 0.21240875 0 0.21240875 0 0.27703125
13 0.5532859675925926 0.34175 0.5608348125 0.341 0.5697158078703703 0.33775 0.5768206041666667 0.332 0.5785968032407408 0.32399999999999995 0.5763765532407408 0.319 0.5732682060185185 0.31575 0.5612788634259259 0.31024999999999997 0.542628775462963 0.31 0.5355239791666667 0.31125 0.5275310833333333 0.31575 0.5235346365740741 0.32125 0.5248667847222221 0.3305 0.5310834814814815 0.33599999999999997 0.5390763773148148 0.33949999999999997 0.5532859675925926 0.34175
13 0.3352575486111111 0.34225 0.35257548842592595 0.34149999999999997 0.3605683842592593 0.33725 0.3650088819444445 0.33249999999999996 0.36634103009259256 0.3285 0.3650088819444445 0.3215 0.3587921851851852 0.315 0.3485790416666667 0.31075 0.32859680324074075 0.3105 0.3197158078703704 0.31425 0.3112788634259259 0.32125 0.3108348125 0.3285 0.31527531018518523 0.33625 0.3250444050925926 0.341 0.3352575486111111 0.34225
13 0.6603019537037037 0.4015 0.6687388981481481 0.40049999999999997 0.6767317939814815 0.398 0.6825044398148149 0.39425 0.6873889884259259 0.3875 0.6869449375000001 0.381 0.6838365902777779 0.3765 0.6749555949074074 0.3715 0.6651865 0.36975 0.6509769097222221 0.36975 0.643872113425926 0.37124999999999997 0.6354351689814814 0.37599999999999995 0.6305506226851852 0.38225000000000003 0.6301065717592592 0.388 0.6336589699074074 0.393 0.6474245115740741 0.3995 0.6603019537037037 0.4015
13 0.440053287037037 0.40199999999999997 0.45293072916666666 0.40225 0.4600355231481481 0.4 0.46802841898148145 0.3945 0.4706927175925926 0.3905 0.4711367662037037 0.3835 0.46802841898148145 0.379 0.4595914745370371 0.373 0.4484902314814815 0.37074999999999997 0.4356127893518518 0.372 0.42539964583333334 0.37525000000000003 0.42095914814814817 0.37825 0.41740675 0.38375 0.41740675 0.3895 0.42140319675925925 0.39549999999999996 0.4271758425925926 0.39899999999999997 0.440053287037037 0.40199999999999997
13 0.22158081712962965 0.40125 0.23134991203703703 0.40249999999999997 0.2442273541666667 0.40199999999999997 0.25177619907407406 0.39925 0.25888099537037035 0.39375 0.2602131435185185 0.38649999999999995 0.2575488449074074 0.38 0.25532859722222223 0.37775 0.2446714027777778 0.3725 0.23445825925925926 0.371 0.2202486689814815 0.3725 0.2113676736111111 0.37625 0.20515097685185182 0.3835 0.20515097685185182 0.391 0.20825932407407408 0.39499999999999996 0.21669627083333334 0.40025 0.22158081712962965 0.40125
13 0.11412078240740742 0.46125 0.12566607407407407 0.4625 0.13765541666666667 0.462 0.14520426388888888 0.4585 0.15142095833333333 0.45275 0.1527531087962963 0.4465 0.15008881018518516 0.439 0.14387211342592593 0.434 0.13499111805555555 0.43174999999999997 0.12211367592592592 0.43125 0.10968028472222223 0.4335 0.10523978703703704 0.4355 0.09857904166666666 0.44225 0.09813499074074075 0.44825000000000004 0.10124334027777777 0.45449999999999996 0.10568383564814815 0.4585 0.11412078240740742 0.46125
13 0.3348135 0.46149999999999997 0.3472468912037037 0.46075000000000005 0.35568383564814815 0.45725000000000005 0.3627886319444445 0.44975 0.36323268287037036 0.44525000000000003 0.3596802847222222 0.43775000000000003 0.35301953703703703 0.434 0.34147424537037036 0.431 0.3312611018518518 0.432 0.3188277083333333 0.435 0.3143872106481482 0.4375 0.3108348125 0.4435 0.3112788634259259 0.4495 0.3143872106481482 0.45375000000000004 0.32460035416666666 0.45949999999999996 0.3348135 0.46149999999999997
13 0.5390763773148148 0.4605 0.5608348125 0.46175 0.5670515092592593 0.46 0.5746003541666667 0.455 0.5785968032407408 0.44975 0.5790408518518518 0.44549999999999995 0.5754884537037037 0.4375 0.5719360578703704 0.43475 0.5603907638888889 0.4315 0.5501776203703703 0.43024999999999997 0.5399644768518519 0.432 0.5248667847222221 0.439 0.5222024861111111 0.4425 0.5230905856481481 0.4495 0.5257548842592593 0.453 0.5390763773148148 0.4605
13 0.7677619884259259 0.46149999999999997 0.7819715810185185 0.46075000000000005 0.7952930717592592 0.45249999999999996 0.7975133217592593 0.4445 0.793516875 0.436 0.7855239791666667 0.4315 0.7793072824074074 0.42974999999999997 0.7722024861111111 0.4285 0.7588809953703703 0.43024999999999997 0.7455595023148148 0.43524999999999997 0.7402309050925925 0.4405 0.7402309050925925 0.4495 0.7446714027777778 0.45449999999999996 0.7606571944444445 0.46075000000000005 0.7677619884259259 0.46149999999999997
13 0.6585257546296297 0.522 0.6700710486111111 0.5205 0.6798401412037037 0.517 0.6851687384259258 0.51275 0.6869449375000001 0.508 0.6856127893518519 0.49974999999999997 0.6807282407407407 0.4945 0.6714031967592592 0.49074999999999996 0.6540852569444445 0.49025 0.6474245115740741 0.491 0.6363232685185186 0.49475 0.6314387222222222 0.5015 0.6314387222222222 0.50875 0.6354351689814814 0.5155 0.6514209583333334 0.52125 0.6585257546296297 0.522
13 0.44937833101851854 0.52325 0.456483125 0.522 0.46447602083333334 0.51775 0.46936056944444443 0.513 0.4715808171296296 0.50725 0.4702486689814815 0.501 0.46403197222222226 0.49424999999999997 0.4591474236111111 0.49224999999999997 0.4444937824074074 0.4905 0.42761989351851853 0.49325 0.4236234467592592 0.495 0.4196269976851852 0.50175 0.41918294907407405 0.506 0.42184724768518517 0.5135 0.4316163402777778 0.52 0.44937833101851854 0.52325
13 0.21669627083333334 0.52 0.22646536342592594 0.522 0.23579040740740742 0.5217499999999999 0.2477797523148148 0.52 0.2548845462962963 0.5165 0.25799289583333335 0.51175 0.2593250439814815 0.505 0.2548845462962963 0.4945 0.25133214814814814 0.493 0.24733570138888888 0.493 0.2397868564814815 0.49074999999999996 0.21758437037037037 0.49224999999999997 0.2091474236111111 0.49624999999999997 0.20515097685185182 0.5015 0.20426287731481482 0.5085 0.206483125 0.51325 0.208703375 0.51575 0.21669627083333334 0.52
13 0.11900532870370371 0.58175 0.1332149189814815 0.5815 0.14209591435185184 0.579 0.14786856018518518 0.5755 0.15097690972222222 0.5715 0.15186500925925925 0.56375 0.14964475925925924 0.5595 0.1456483125 0.5549999999999999 0.1407637662037037 0.55225 0.13676731712962964 0.5515 0.123889875 0.5499999999999999 0.11278863194444444 0.55125 0.1016873888888889 0.55625 0.0968028425925926 0.56275 0.09724689120370371 0.571 0.10035524074074074 0.57475 0.1065719351851852 0.579 0.11900532870370371 0.58175
13 0.3348135 0.58325 0.3459147430555556 0.5805 0.35479573611111115 0.5770000000000001 0.3601243333333333 0.57075 0.3605683842592593 0.56025 0.35657193518518515 0.556 0.3454706921296296 0.5515 0.33081705092592595 0.55075 0.32149200694444446 0.5529999999999999 0.31305506250000004 0.55825 0.309946712962963 0.5635 0.309946712962963 0.57125 0.31527531018518523 0.57675 0.32460035416666666 0.58075 0.3348135 0.58325
13 0.5430728240740741 0.5812499999999999 0.5523978680555556 0.58225 0.5639431620370371 0.581 0.5732682060185185 0.578 0.5777087037037036 0.57325 0.5785968032407408 0.564 0.5746003541666667 0.55725 0.5701598587962963 0.554 0.5568383657407407 0.5505 0.5408525763888888 0.551 0.5359680277777777 0.55225 0.5275310833333333 0.55775 0.5235346365740741 0.56375 0.5230905856481481 0.56875 0.5248667847222221 0.57275 0.5328596805555555 0.5785 0.5430728240740741 0.5812499999999999
13 0.7682060393518518 0.5840000000000001 0.7757548842592592 0.5845 0.7864120787037037 0.582 0.793516875 0.578 0.7988454699074075 0.57175 0.7988454699074075 0.56675 0.7952930717592592 0.559 0.7864120787037037 0.5529999999999999 0.7757548842592592 0.551 0.7624333935185185 0.551 0.7566607453703703 0.5525 0.7442273541666666 0.559 0.7411190046296297 0.56575 0.7406749560185185 0.5715 0.7473357013888888 0.5775 0.7575488449074074 0.58175 0.7682060393518518 0.5840000000000001
13 0.6540852569444445 0.6445 0.6611900532407406 0.645 0.6749555949074074 0.64325 0.6802841921296297 0.6409999999999999 0.6873889884259259 0.6347499999999999 0.689609236111111 0.6269999999999999 0.6860568379629629 0.62 0.6811722916666667 0.61575 0.6727353472222222 0.6134999999999999 0.6589698055555556 0.6125 0.6447602129629629 0.61475 0.6358792175925926 0.61875 0.6332149189814814 0.62275 0.6327708703703704 0.6307499999999999 0.6358792175925926 0.6355 0.6447602129629629 0.6417499999999999 0.6540852569444445 0.6445
13 0.43516873842592596 0.643 0.45293072916666666 0.64325 0.45737122453703705 0.6425 0.46314387268518514 0.64 0.46936056944444443 0.6335000000000001 0.4711367662037037 0.6262500000000001 0.46802841898148145 0.619 0.4626998217592593 0.61425 0.45293072916666666 0.611 0.4387211365740741 0.6104999999999999 0.4280639421296296 0.6134999999999999 0.4205150972222222 0.617 0.4169626990740741 0.6230000000000001 0.4169626990740741 0.6315 0.42140319675925925 0.6375 0.42761989351851853 0.64125 0.43516873842592596 0.643
13 0.21980461805555557 0.642 0.22912966203703705 0.64275 0.24156305555555554 0.6415 0.25177619907407406 0.63675 0.25532859722222223 0.6332500000000001 0.2571047962962963 0.6295000000000001 0.2557726458333333 0.6195 0.25 0.6155 0.24111900462962962 0.61175 0.23001776157407405 0.61025 0.21758437037037037 0.612 0.2055950277777778 0.618 0.20248667824074074 0.6225 0.20204262962962963 0.6285 0.20426287731481482 0.6335000000000001 0.2140319722222222 0.6402500000000001 0.21980461805555557 0.642
13 0.32992895138888884 0.7065 0.34280639351851855 0.70675 0.3521314398148148 0.7042499999999999 0.3601243333333333 0.6975 0.3636767314814815 0.69225 0.3636767314814815 0.6855000000000001 0.3610124328703704 0.68075 0.3570159861111111 0.67625 0.3490230902777778 0.67275 0.3294849027777778 0.6719999999999999 0.3210479583333334 0.674 0.31394316203703704 0.678 0.3090586134259259 0.6857500000000001 0.3086145648148148 0.693 0.3108348125 0.6975 0.3183836597222222 0.7027500000000001 0.32992895138888884 0.7065
13 0.542184724537037 0.70675 0.5523978680555556 0.70775 0.5643872106481482 0.7065 0.5737122546296296 0.7025 0.5785968032407408 0.6975 0.5799289513888889 0.68825 0.5781527523148148 0.68325 0.5719360578703704 0.67625 0.5634991111111111 0.67325 0.5568383657407407 0.6722499999999999 0.5359680277777777 0.67375 0.5293072824074074 0.6777500000000001 0.5235346365740741 0.6865 0.5230905856481481 0.6932499999999999 0.5248667847222221 0.6972499999999999 0.5364120787037037 0.7055 0.542184724537037 0.70675