9 0.19444444444444445 0.5717592592592593 0.21064814814814814 0.5810185185185185 0.2199074074074074 0.5833333333333334 0.22685185185185186 0.5902777777777778 0.22916666666666666 0.5949074074074074 0.22916666666666666 0.6041666666666666 0.23148148148148148 0.6064814814814815 0.22916666666666666 0.6111111111111112 0.22916666666666666 0.6226851851851852 0.23148148148148148 0.625 0.23842592592592593 0.6203703703703703 0.25462962962962965 0.6203703703703703 0.2569444444444444 0.6226851851851852 0.25462962962962965 0.6273148148148148 0.25462962962962965 0.6388888888888888 0.2523148148148148 0.6412037037037037 0.24074074074074073 0.6412037037037037 0.23842592592592593 0.6435185185185185 0.2361111111111111 0.6412037037037037 0.23148148148148148 0.6412037037037037 0.22685185185185186 0.6458333333333334 0.22685185185185186 0.6550925925925926 0.22916666666666666 0.6597222222222222 0.23842592592592593 0.6689814814814815 0.25462962962962965 0.6736111111111112 0.2569444444444444 0.6875 0.25462962962962965 0.6921296296296297 0.24768518518518517 0.6967592592592593 0.2175925925925926 0.6921296296296297 0.19907407407407407 0.6828703703703703 0.18981481481481483 0.6736111111111112 0.18518518518518517 0.6643518518518519 0.18518518518518517 0.6435185185185185 0.18287037037037038 0.6412037037037037 0.1412037037037037 0.6412037037037037 0.1388888888888889 0.6388888888888888 0.12268518518518519 0.6365740740740741 0.11574074074074074 0.6319444444444444 0.10648148148148148 0.6296296296296297 0.09490740740740741 0.6180555555555556 0.09027777777777778 0.6087962962962963 0.09027777777777778 0.6018518518518519 0.09490740740740741 0.5925925925925926 0.10648148148148148 0.5810185185185185 0.12037037037037036 0.5740740740740741 0.13425925925925927 0.5717592592592593 0.13657407407407407 0.5694444444444444 0.15046296296296297 0.5694444444444444 0.1527777777777778 0.5671296296296297 0.18287037037037038 0.5671296296296297 0.19212962962962962 0.5717592592592593
7 0.19444444444444445 0.5509259259259259 0.23148148148148148 0.5509259259259259 0.24074074074074073 0.5625 0.2523148148148148 0.5671296296296297 0.2847222222222222 0.5671296296296297 0.28935185185185186 0.5625 0.28935185185185186 0.5509259259259259 0.3263888888888889 0.5509259259259259 0.3263888888888889 0.5601851851851852 0.33101851851851855 0.5671296296296297 0.3333333333333333 0.5648148148148148 0.3541666666666667 0.5648148148148148 0.35648148148148145 0.5671296296296297 0.35648148148148145 0.5833333333333334 0.3541666666666667 0.5856481481481481 0.33564814814814814 0.5856481481481481 0.33101851851851855 0.5810185185185185 0.3263888888888889 0.5925925925925926 0.3287037037037037 0.6157407407407407 0.33101851851851855 0.6180555555555556 0.35648148148148145 0.6180555555555556 0.35648148148148145 0.6388888888888888 0.35185185185185186 0.6412037037037037 0.33101851851851855 0.6412037037037037 0.3287037037037037 0.6435185185185185 0.3287037037037037 0.6597222222222222 0.32407407407407407 0.6689814814814815 0.3125 0.6805555555555556 0.3055555555555556 0.6828703703703703 0.30092592592592593 0.6875 0.28935185185185186 0.6898148148148148 0.28703703703703703 0.6921296296296297 0.2800925925925926 0.6921296296296297 0.2777777777777778 0.6944444444444444 0.25925925925925924 0.6944444444444444 0.25925925925925924 0.6782407407407407 0.26157407407407407 0.6736111111111112 0.2662037037037037 0.6712962962962963 0.2800925925925926 0.6712962962962963 0.2847222222222222 0.6689814814814815 0.2916666666666667 0.6597222222222222 0.2916666666666667 0.6435185185185185 0.28935185185185186 0.6412037037037037 0.26157407407407407 0.6412037037037037 0.25925925925925924 0.6388888888888888 0.25925925925925924 0.625 0.26157407407407407 0.6203703703703703 0.2662037037037037 0.6203703703703703 0.26851851851851855 0.6180555555555556 0.2847222222222222 0.6203703703703703 0.2916666666666667 0.6157407407407407 0.28935185185185186 0.6134259259259259 0.28935185185185186 0.5879629629629629 0.28703703703703703 0.5856481481481481 0.2523148148148148 0.5879629629629629 0.25 0.5856481481481481 0.22453703703703703 0.5833333333333334 0.2037037037037037 0.5717592592592593 0.19675925925925927 0.5625 0.19444444444444445 0.5532407407407407
6 0.22916666666666666 0.44212962962962965 0.23148148148148148 0.44675925925925924 0.23148148148148148 0.45601851851851855 0.2337962962962963 0.4583333333333333 0.24537037037037038 0.4583333333333333 0.24768518518518517 0.46064814814814814 0.25925925925925924 0.46064814814814814 0.26157407407407407 0.4583333333333333 0.2777777777777778 0.45601851851851855 0.28935185185185186 0.44212962962962965 0.32407407407407407 0.44212962962962965 0.32407407407407407 0.4513888888888889 0.3194444444444444 0.4583333333333333 0.3125 0.4652777777777778 0.2986111111111111 0.4722222222222222 0.2847222222222222 0.47453703703703703 0.2824074074074074 0.47685185185185186 0.2708333333333333 0.47685185185185186 0.26851851851851855 0.4791666666666667 0.2662037037037037 0.47685185185185186 0.2638888888888889 0.4791666666666667 0.2361111111111111 0.4791666666666667 0.23148148148148148 0.4837962962962963 0.23148148148148148 0.49537037037037035 0.2337962962962963 0.4976851851851852 0.23148148148148148 0.5069444444444444 0.2361111111111111 0.5115740740740741 0.27546296296296297 0.5115740740740741 0.2777777777777778 0.5138888888888888 0.30092592592592593 0.5185185185185185 0.3101851851851852 0.5231481481481481 0.32407407407407407 0.5370370370370371 0.3263888888888889 0.5486111111111112 0.3194444444444444 0.5486111111111112 0.31712962962962965 0.5509259259259259 0.28935185185185186 0.5509259259259259 0.2800925925925926 0.5393518518518519 0.2662037037037037 0.5324074074074074 0.2361111111111111 0.5324074074074074 0.23148148148148148 0.5370370370370371 0.23148148148148148 0.5462962962962963 0.22916666666666666 0.5486111111111112 0.19444444444444445 0.5509259259259259 0.18981481481481483 0.5462962962962963 0.18981481481481483 0.5347222222222222 0.1875 0.5324074074074074 0.14583333333333334 0.5324074074074074 0.14351851851851852 0.5300925925925926 0.13425925925925927 0.5300925925925926 0.13194444444444445 0.5277777777777778 0.11342592592592593 0.5231481481481481 0.09953703703703703 0.5138888888888888 0.09027777777777778 0.5 0.09027777777777778 0.49074074074074076 0.09490740740740741 0.48148148148148145 0.10416666666666667 0.4722222222222222 0.11805555555555555 0.4652777777777778 0.13194444444444445 0.46296296296296297 0.13425925925925927 0.46064814814814814 0.14351851851851852 0.46064814814814814 0.14583333333333334 0.4583333333333333 0.1875 0.4583333333333333 0.18981481481481483 0.45601851851851855 0.18981481481481483 0.4444444444444444 0.19212962962962962 0.44212962962962965 0.22685185185185186 0.44212962962962965
4 0.37962962962962965 0.34953703703703703 0.3958333333333333 0.35648148148148145 0.40046296296296297 0.3611111111111111 0.4097222222222222 0.36342592592592593 0.41898148148148145 0.3726851851851852 0.4212962962962963 0.3773148148148148 0.4236111111111111 0.40046296296296297 0.42592592592592593 0.4027777777777778 0.4722222222222222 0.4050925925925926 0.47453703703703703 0.4074074074074074 0.48148148148148145 0.4074074074074074 0.4837962962962963 0.4097222222222222 0.49537037037037035 0.41203703703703703 0.5092592592592593 0.4236111111111111 0.5138888888888888 0.43287037037037035 0.5138888888888888 0.4398148148148148 0.4791666666666667 0.4398148148148148 0.4722222222222222 0.4305555555555556 0.4583333333333333 0.4236111111111111 0.42592592592592593 0.4236111111111111 0.4236111111111111 0.42592592592592593 0.4212962962962963 0.4375 0.4166666666666667 0.4398148148148148 0.38657407407407407 0.4398148148148148 0.38425925925925924 0.4351851851851852 0.38425925925925924 0.4305555555555556 0.38657407407407407 0.42824074074074076 0.3819444444444444 0.4236111111111111 0.33101851851851855 0.4236111111111111 0.3263888888888889 0.42824074074074076 0.3263888888888889 0.4375 0.32407407407407407 0.4398148148148148 0.29398148148148145 0.4398148148148148 0.28935185185185186 0.4351851851851852 0.28703703703703703 0.42592592592592593 0.2824074074074074 0.4212962962962963 0.2777777777777778 0.4236111111111111 0.24768518518518517 0.4236111111111111 0.23148148148148148 0.4375 0.22453703703703703 0.4375 0.2222222222222222 0.4398148148148148 0.19444444444444445 0.4398148148148148 0.19212962962962962 0.4375 0.19212962962962962 0.42824074074074076 0.19675925925925927 0.4212962962962963 0.2199074074074074 0.4074074074074074 0.22453703703703703 0.4074074074074074 0.2337962962962963 0.4027777777777778 0.25462962962962965 0.4027777777777778 0.2569444444444444 0.40046296296296297 0.28935185185185186 0.40046296296296297 0.2916666666666667 0.39814814814814814 0.2916666666666667 0.39351851851851855 0.28935185185185186 0.3912037037037037 0.28935185185185186 0.37962962962962965 0.29398148148148145 0.37037037037037035 0.30092592592592593 0.36342592592592593 0.30787037037037035 0.3587962962962963 0.31712962962962965 0.35648148148148145 0.32175925925925924 0.35185185185185186 0.33101851851851855 0.35185185185185186 0.3333333333333333 0.34953703703703703 0.3773148148148148 0.34953703703703703
10 0.3888888888888889 0.4398148148148148 0.4212962962962963 0.4398148148148148 0.4375 0.45601851851851855 0.44212962962962965 0.45601851851851855 0.4444444444444444 0.4583333333333333 0.4791666666666667 0.4583333333333333 0.48148148148148145 0.45601851851851855 0.48148148148148145 0.44212962962962965 0.4861111111111111 0.4398148148148148 0.49074074074074076 0.44212962962962965 0.5138888888888888 0.4398148148148148 0.5185185185185185 0.4444444444444444 0.5185185185185185 0.45601851851851855 0.5208333333333334 0.4583333333333333 0.5393518518518519 0.4583333333333333 0.5416666666666666 0.46064814814814814 0.5462962962962963 0.46064814814814814 0.5462962962962963 0.47453703703703703 0.5416666666666666 0.4791666666666667 0.5370370370370371 0.47685185185185186 0.5324074074074074 0.4791666666666667 0.5300925925925926 0.47685185185185186 0.5277777777777778 0.4791666666666667 0.5185185185185185 0.4791666666666667 0.5162037037037037 0.48148148148148145 0.5162037037037037 0.5092592592592593 0.5208333333333334 0.5138888888888888 0.5416666666666666 0.5138888888888888 0.5439814814814815 0.5162037037037037 0.5439814814814815 0.5300925925925926 0.5416666666666666 0.5324074074074074 0.5277777777777778 0.5324074074074074 0.5254629629629629 0.5300925925925926 0.5208333333333334 0.5300925925925926 0.5162037037037037 0.5347222222222222 0.5162037037037037 0.5509259259259259 0.5138888888888888 0.5532407407407407 0.5138888888888888 0.5578703703703703 0.5092592592592593 0.5648148148148148 0.4976851851851852 0.5740740740740741 0.47453703703703703 0.5833333333333334 0.4652777777777778 0.5833333333333334 0.46296296296296297 0.5856481481481481 0.44212962962962965 0.5856481481481481 0.4398148148148148 0.5833333333333334 0.42824074074074076 0.5833333333333334 0.42592592592592593 0.5810185185185185 0.41203703703703703 0.5787037037037037 0.39351851851851855 0.5671296296296297 0.38657407407407407 0.5578703703703703 0.38657407407407407 0.5509259259259259 0.38425925925925924 0.5486111111111112 0.38657407407407407 0.5462962962962963 0.38657407407407407 0.5393518518518519 0.39351851851851855 0.5300925925925926 0.4027777777777778 0.5231481481481481 0.42824074074074076 0.5138888888888888 0.4375 0.5138888888888888 0.4398148148148148 0.5115740740740741 0.4722222222222222 0.5115740740740741 0.47685185185185186 0.5138888888888888 0.48148148148148145 0.5092592592592593 0.48148148148148145 0.48148148148148145 0.4791666666666667 0.4791666666666667 0.4398148148148148 0.4791666666666667 0.4375 0.47685185185185186 0.4212962962962963 0.47453703703703703 0.4027777777777778 0.4652777777777778 0.3912037037037037 0.4537037037037037 0.3888888888888889 0.44212962962962965
1 0.5486111111111112 0.46064814814814814 0.5740740740740741 0.46064814814814814 0.5763888888888888 0.46296296296296297 0.5833333333333334 0.46296296296296297 0.6018518518518519 0.4722222222222222 0.6087962962962963 0.4791666666666667 0.6134259259259259 0.48842592592592593 0.6134259259259259 0.5092592592592593 0.6180555555555556 0.5138888888888888 0.6296296296296297 0.5138888888888888 0.6319444444444444 0.5115740740740741 0.6365740740740741 0.5138888888888888 0.6666666666666666 0.5115740740740741 0.6689814814814815 0.5092592592592593 0.6689814814814815 0.4976851851851852 0.7037037037037037 0.4976851851851852 0.7060185185185185 0.49537037037037035 0.7106481481481481 0.5 0.7106481481481481 0.5069444444444444 0.7083333333333334 0.5092592592592593 0.7129629629629629 0.5138888888888888 0.7430555555555556 0.5138888888888888 0.7569444444444444 0.5069444444444444 0.7615740740740741 0.5 0.7662037037037037 0.4976851851851852 0.8032407407407407 0.4976851851851852 0.8032407407407407 0.5069444444444444 0.8009259259259259 0.5115740740740741 0.7800925925925926 0.5254629629629629 0.7754629629629629 0.5254629629629629 0.7662037037037037 0.5300925925925926 0.7592592592592593 0.5300925925925926 0.7569444444444444 0.5324074074074074 0.7106481481481481 0.5324074074074074 0.7060185185185185 0.5393518518518519 0.7083333333333334 0.5416666666666666 0.7083333333333334 0.5486111111111112 0.7060185185185185 0.5509259259259259 0.7037037037037037 0.5625 0.6875 0.5763888888888888 0.6689814814814815 0.5833333333333334 0.6296296296296297 0.5856481481481481 0.6273148148148148 0.5833333333333334 0.6087962962962963 0.5810185185185185 0.6064814814814815 0.5787037037037037 0.6018518518518519 0.5787037037037037 0.5972222222222222 0.5740740740740741 0.5925925925925926 0.5740740740740741 0.5763888888888888 0.5578703703703703 0.5763888888888888 0.5509259259259259 0.5740740740740741 0.5486111111111112 0.5763888888888888 0.5347222222222222 0.5717592592592593 0.5300925925925926 0.5486111111111112 0.5300925925925926 0.5486111111111112 0.5115740740740741 0.5717592592592593 0.5115740740740741 0.5763888888888888 0.5069444444444444 0.5763888888888888 0.49074074074074076 0.5740740740740741 0.4861111111111111 0.5694444444444444 0.48148148148148145 0.5509259259259259 0.4791666666666667 0.5486111111111112 0.47685185185185186 0.5486111111111112 0.46296296296296297
5 0.5763888888888888 0.35185185185185186 0.5949074074074074 0.3587962962962963 0.6111111111111112 0.3726851851851852 0.6134259259259259 0.38425925925925924 0.6157407407407407 0.38657407407407407 0.6134259259259259 0.39814814814814814 0.6180555555555556 0.4050925925925926 0.6643518518518519 0.4050925925925926 0.6666666666666666 0.4074074074074074 0.6736111111111112 0.4074074074074074 0.6759259259259259 0.4097222222222222 0.6875 0.41203703703703703 0.7037037037037037 0.4236111111111111 0.7083333333333334 0.43287037037037035 0.7083333333333334 0.45601851851851855 0.7129629629629629 0.46064814814814814 0.7592592592592593 0.46064814814814814 0.7615740740740741 0.46296296296296297 0.7685185185185185 0.46296296296296297 0.7708333333333334 0.4652777777777778 0.7824074074074074 0.4675925925925926 0.8009259259259259 0.4837962962962963 0.8032407407407407 0.49537037037037035 0.7638888888888888 0.49537037037037035 0.7615740740740741 0.4930555555555556 0.7615740740740741 0.48842592592592593 0.7546296296296297 0.48148148148148145 0.7384259259259259 0.4791666666666667 0.7361111111111112 0.47685185185185186 0.7129629629629629 0.47685185185185186 0.7083333333333334 0.48148148148148145 0.7083333333333334 0.49074074074074076 0.7013888888888888 0.49537037037037035 0.6967592592592593 0.49537037037037035 0.6944444444444444 0.4930555555555556 0.6736111111111112 0.49537037037037035 0.6689814814814815 0.4930555555555556 0.6689814814814815 0.48148148148148145 0.6643518518518519 0.47685185185185186 0.6226851851851852 0.47685185185185186 0.6203703703703703 0.47453703703703703 0.6041666666666666 0.4722222222222222 0.5995370370370371 0.4675925925925926 0.5879629629629629 0.46296296296296297 0.5763888888888888 0.4513888888888889 0.5763888888888888 0.42824074074074076 0.5717592592592593 0.4236111111111111 0.5625 0.4236111111111111 0.5601851851851852 0.42592592592592593 0.5578703703703703 0.4236111111111111 0.5277777777777778 0.4236111111111111 0.5254629629629629 0.4212962962962963 0.5069444444444444 0.4166666666666667 0.5023148148148148 0.41203703703703703 0.49537037037037035 0.4097222222222222 0.48148148148148145 0.3912037037037037 0.4837962962962963 0.3773148148148148 0.4930555555555556 0.36574074074074076 0.5138888888888888 0.3541666666666667 0.5300925925925926 0.35185185185185186 0.5324074074074074 0.34953703703703703 0.5671296296296297 0.34953703703703703 0.5694444444444444 0.35185185185185186 0.5740740740740741 0.35185185185185186
11 0.017761988425925926 0.75325 0.025754884259259262 0.7657499999999999 0.030195381944444443 0.7645000000000001 0.03152753009259259 0.7667499999999999 0.03996447685185185 0.7722500000000001 0.04218472453703704 0.7715000000000001 0.0532859675925926 0.776 0.09103019444444443 0.7785000000000001 0.1047957361111111 0.777 0.13765541666666667 0.77775 0.14742451157407407 0.7775 0.1505328587962963 0.7765 0.15630550694444445 0.77725 0.1598579050925926 0.7765 0.1993783310185185 0.7767499999999999 0.20293072916666668 0.776 0.206483125 0.7775 0.22424511574074074 0.7775 0.23445825925925926 0.776 0.24156305555555554 0.77725 0.2584369444444445 0.7765 0.26154529398148146 0.77525 0.2748667847222222 0.7745 0.2859680277777778 0.77625 0.30062166898148146 0.777 0.7384547060185185 0.7737499999999999 0.8210479583333333 0.7725000000000001 0.8472468912037037 0.767 0.8587921851851852 0.76 0.8663410300925926 0.7585000000000001 0.8738898749999999 0.7517499999999999 0.8725577268518518 0.74775 0.8761101250000001 0.74675 0.8809946712962963 0.7384999999999999 0.8832149189814814 0.7002499999999999 0.8836589699074074 0.6565 0.8818827708333333 0.6525 0.8832149189814814 0.6445 0.8818827708333333 0.6402500000000001 0.8836589699074074 0.638 0.8836589699074074 0.63 0.8818827708333333 0.6275 0.8836589699074074 0.6225 0.8809946712962963 0.61275 0.8832149189814814 0.6094999999999999 0.8841030185185185 0.603 0.8845470694444444 0.56725 0.8809946712962963 0.5565 0.8836589699074074 0.554 0.8832149189814814 0.542 0.8849911180555556 0.54 0.8841030185185185 0.51375 0.8854351689814814 0.4975 0.8836589699074074 0.488 0.8854351689814814 0.48500000000000004 0.8849911180555556 0.444 0.8872113680555556 0.43849999999999995 0.8841030185185185 0.4315 0.8867673171296296 0.429 0.8849911180555556 0.42108324999999996 0.8872113680555556 0.40025 0.8827708703703704 0.39025 0.8863232685185186 0.38725 0.8845470694444444 0.377 0.8872113680555556 0.3725 0.8836589699074074 0.36700000000000005 0.8801065717592592 0.352 0.8814387222222222 0.34525 0.8876554166666666 0.34125 0.8920959143518518 0.32208325 0.895204263888889 0.31775 0.8943161643518519 0.30025 0.8863232685185186 0.28975 0.8663410300925926 0.287 0.8521314398148149 0.28850000000000003 0.8436944930555555 0.28575 0.8383658958333333 0.28575 0.8134991111111112 0.2895 0.8077264652777778 0.288 0.7690941388888889 0.28875 0.7619893425925925 0.28625 0.5013321481481482 0.28600000000000003 0.4977797523148148 0.28675 0.49067495601851846 0.28525 0.4409413865740741 0.28725 0.4107460046296296 0.287 0.4080817060185185 0.28600000000000003 0.39387211342592593 0.2855 0.38277087037037033 0.287 0.36678508101851853 0.28500000000000003 0.3419182939814815 0.28575 0.3392539953703704 0.28500000000000003 0.30728241666666667 0.28475 0.3028419189814815 0.28600000000000003 0.29795737037037034 0.28600000000000003 0.2664298402777778 0.28425 0.23667850694444445 0.28525 0.21669627083333334 0.28400000000000003 0.18206039120370368 0.28475 0.1793960925925926 0.2855 0.16829484953703702 0.2845 0.1647424513888889 0.28600000000000003 0.1580817060185185 0.2845 0.14387211342592593 0.28575 0.14031971527777778 0.28475 0.13676731712962964 0.28600000000000003 0.12921847222222224 0.28475 0.12033747685185185 0.28625 0.11278863194444444 0.2855 0.10568383564814815 0.287 0.10257548842592591 0.2855 0.05728241666666666 0.28525 0.05239786805555555 0.28925 0.03907637731481481 0.28975 0.03596802777777778 0.28825 0.03330372916666667 0.29025 0.023534636574074078 0.28925 0.017761988425925926 0.29025 0.007992895833333333 0.28850000000000003 0.004884546296296296 0.2895 0.003552398148148148 0.29550000000000004 0.00888099537037037 0.7384999999999999 0.011989342592592591 0.74975 0.013765541666666667 0.74925 0.017761988425925926 0.75325
12 0 0.34300125 0.9147424513888889 0.34300125 0.9147424513888889 0.27568375 0 0.27568375 0 0.34300125
13 0.36545293055555556 0.39975 0.3743339259259259 0.398 0.37966252314814813 0.39075 0.38010657175925927 0.38325 0.3690053287037037 0.375 0.35834813425925927 0.37175 0.3459147430555556 0.37225 0.33658969907407404 0.37575000000000003 0.33214920138888887 0.3805 0.33081705092592595 0.391 0.3348135 0.398 0.35257548842592595 0.40025 0.36545293055555556 0.39975
13 0.5364120787037037 0.40025 0.5457371226851851 0.40199999999999997 0.5563943171296296 0.40175000000000005 0.5643872106481482 0.3995 0.5679396087962962 0.39725 0.5701598587962963 0.39349999999999996 0.5701598587962963 0.38325 0.5586145648148149 0.37474999999999997 0.5506216689814815 0.37274999999999997 0.5368561273148148 0.3735 0.5261989351851851 0.378 0.5217584375 0.3835 0.520426287037037 0.387 0.5222024861111111 0.39225 0.5248667847222221 0.39475000000000005 0.5364120787037037 0.40025
13 0.6265541736111111 0.4535 0.6367673171296296 0.45625 0.6474245115740741 0.45575 0.6518650092592593 0.45475 0.6611900532407406 0.44925 0.6638543518518518 0.4445 0.664298400462963 0.439 0.6571936064814815 0.431 0.6478685601851851 0.4285 0.6332149189814814 0.428 0.626998224537037 0.42974999999999997 0.6194493773148148 0.4355 0.6172291296296296 0.43925 0.6176731782407408 0.44625 0.6198934282407408 0.4495 0.6265541736111111 0.4535
13 0.4449378333333333 0.45675 0.4547069282407407 0.45725000000000005 0.46625221990740745 0.45375000000000004 0.4720248657407407 0.44899999999999995 0.4755772638888889 0.4425 0.4751332152777778 0.43875 0.46802841898148145 0.4315 0.45781527546296297 0.428 0.44538188194444445 0.42824999999999996 0.4387211365740741 0.42950000000000005 0.43072824074074073 0.43425 0.4280639421296296 0.43875 0.4280639421296296 0.44525000000000003 0.4316163402777778 0.45025000000000004 0.43605683796296296 0.45375000000000004 0.4449378333333333 0.45675
13 0.250888099537037 0.45675 0.25888099537037035 0.45749999999999996 0.26865008796296297 0.4565 0.2766429837962963 0.45375000000000004 0.28197158101851855 0.4495 0.2846358796296296 0.443 0.2841918287037037 0.439 0.2810834814814815 0.4345 0.27220248611111114 0.42974999999999997 0.26154529398148146 0.42775 0.2477797523148148 0.42775 0.2397868564814815 0.43125 0.23445825925925926 0.43849999999999995 0.23401421064814815 0.44275 0.23889875694444443 0.45025000000000004 0.24600355324074072 0.45525 0.250888099537037 0.45675
13 0.15142095833333333 0.50925 0.1603019537037037 0.511 0.16740675 0.511 0.1798401412037037 0.5095000000000001 0.18472468981481482 0.50775 0.18605683796296296 0.50375 0.18516873842592593 0.48874999999999996 0.18206039120370368 0.48425 0.17806394212962964 0.4825 0.16296625231481482 0.47975 0.15097690972222222 0.4805 0.14165186574074073 0.4845 0.13765541666666667 0.48975 0.13632326851851853 0.49550000000000005 0.1380994675925926 0.50125 0.1412078148148148 0.50425 0.15142095833333333 0.50925
13 0.35435168749999996 0.5105 0.36634103009259256 0.51 0.3743339259259259 0.50675 0.38143872222222225 0.50175 0.3809946712962963 0.491 0.3765541736111111 0.4855 0.37078152777777773 0.48225 0.3614564837962963 0.47950000000000004 0.3454706921296296 0.4805 0.33658969907407404 0.48524999999999996 0.33081705092592595 0.49274999999999997 0.33170515046296295 0.5015 0.33792184722222224 0.50575 0.3485790416666667 0.5097499999999999 0.35435168749999996 0.5105
13 0.5603907638888889 0.508 0.5706039074074074 0.502 0.5710479583333333 0.491 0.5674955601851852 0.487 0.5537300185185186 0.48075 0.5466252222222222 0.48024999999999995 0.5430728240740741 0.48175 0.5266429837962963 0.4825 0.522646537037037 0.48425 0.520426287037037 0.48850000000000005 0.520870337962963 0.50075 0.5257548842592593 0.50875 0.5466252222222222 0.51 0.5603907638888889 0.508
13 0.7464476018518519 0.509 0.7544404976851852 0.50325 0.7606571944444445 0.49475 0.7557726458333334 0.48625 0.7513321481481482 0.48374999999999996 0.7451154537037037 0.48225 0.7335701597222223 0.48175 0.7246891643518518 0.4825 0.7202486689814814 0.48500000000000004 0.7166962708333334 0.4855 0.7118117222222222 0.4905 0.7122557731481481 0.5085 0.7233570162037037 0.51075 0.7375666064814815 0.51125 0.7464476018518519 0.509
13 0.6296625231481481 0.56275 0.6394316157407408 0.5630000000000001 0.6509769097222221 0.56125 0.6567495555555555 0.5585 0.6625222013888888 0.55375 0.664298400462963 0.54775 0.6625222013888888 0.5415 0.6598579050925926 0.539 0.6518650092592593 0.53575 0.6407637662037038 0.5345 0.6238898749999999 0.53525 0.6172291296296296 0.538 0.6141207824074074 0.54425 0.6145648310185186 0.55075 0.6181172291666667 0.5565 0.6261101250000001 0.56175 0.6296625231481481 0.56275
13 0.44582593287037037 0.56325 0.456483125 0.5630000000000001 0.46492007175925926 0.561 0.4706927175925926 0.55725 0.4746891643518519 0.5465 0.4698046180555555 0.5375 0.4626998217592593 0.53525 0.4538188287037037 0.5337500000000001 0.4449378333333333 0.5337500000000001 0.43516873842592596 0.53575 0.4271758425925926 0.53975 0.42406749537037036 0.54525 0.4258436944444444 0.55325 0.43294849074074077 0.5595 0.4391651875 0.5619999999999999 0.44582593287037037 0.56325
13 0.24733570138888888 0.5635 0.25133214814814814 0.56475 0.2650976898148148 0.5652499999999999 0.28019538194444443 0.5619999999999999 0.2841918287037037 0.5495 0.2797513310185185 0.54175 0.27264653703703706 0.53625 0.2584369444444445 0.5339999999999999 0.25133214814814814 0.5345 0.2375666064814815 0.54025 0.23445825925925926 0.54525 0.23401421064814815 0.55025 0.23579040740740742 0.554 0.24067495601851852 0.5599999999999999 0.24733570138888888 0.5635
13 0.15408525694444444 0.618 0.16918294907407408 0.61875 0.17850799305555556 0.61825 0.18383659027777777 0.6155 0.18650088888888888 0.6082500000000001 0.18561278935185185 0.6 0.18161634027777776 0.5952500000000001 0.1749555949074074 0.5912499999999999 0.16429840046296298 0.589 0.15364120833333333 0.589 0.14253996527777776 0.59175 0.1380994675925926 0.5950000000000001 0.13632326851851853 0.5982500000000001 0.13587921759259258 0.606 0.1412078148148148 0.613 0.14742451157407407 0.6160000000000001 0.15408525694444444 0.618
13 0.33792184722222224 0.6155 0.35301953703703703 0.615 0.3614564837962963 0.6185 0.36634103009259256 0.6185 0.3809946712962963 0.614 0.38365896990740744 0.6145 0.3898756666666667 0.613 0.39387211342592593 0.61025 0.3983126111111111 0.604 0.39920071064814816 0.5942500000000001 0.39564831250000004 0.5885 0.38454706944444444 0.58075 0.3730017754629629 0.57675 0.3605683842592593 0.57675 0.35479573611111115 0.5865 0.3521314398148148 0.588 0.3370337476851852 0.59 0.33259325 0.589 0.32992895138888884 0.5935 0.33081705092592595 0.6085 0.33259325 0.61275 0.3348135 0.61475 0.33792184722222224 0.6155
13 0.5612788634259259 0.6134999999999999 0.5688277083333333 0.6092500000000001 0.5710479583333333 0.6022500000000001 0.5683836597222223 0.59675 0.5652753101851852 0.593 0.5577264652777778 0.5882499999999999 0.5470692708333333 0.5865 0.5377442268518519 0.58725 0.5261989351851851 0.5915 0.5222024861111111 0.5945 0.5230905856481481 0.6055 0.5328596805555555 0.61325 0.5501776203703703 0.6155 0.5612788634259259 0.6134999999999999
13 0.725577263888889 0.614 0.7371225578703703 0.6152500000000001 0.7442273541666666 0.6145 0.75 0.61275 0.7562166967592593 0.6092500000000001 0.7588809953703703 0.60625 0.7606571944444445 0.6024999999999999 0.7588809953703703 0.5954999999999999 0.751776199074074 0.58925 0.7415630555555555 0.58675 0.727353462962963 0.58575 0.7202486689814814 0.587 0.7166962708333334 0.5885 0.7100355231481481 0.5952500000000001 0.7095914745370371 0.5994999999999999 0.7118117222222222 0.60575 0.7162522199074074 0.61025 0.725577263888889 0.614
13 0.6363232685185186 0.66875 0.646980462962963 0.66825 0.6558614560185185 0.6655 0.6656305509259259 0.6582499999999999 0.6651865 0.6515 0.6603019537037037 0.64375 0.6576376550925926 0.64225 0.6540852569444445 0.64225 0.6456483125 0.63975 0.6332149189814814 0.6402500000000001 0.6247779745370371 0.64275 0.6194493773148148 0.6455 0.6163410300925926 0.65025 0.6158969814814815 0.65525 0.6190053287037037 0.66275 0.6301065717592592 0.6677500000000001 0.6363232685185186 0.66875
13 0.458703375 0.66925 0.46625221990740745 0.6675 0.4746891643518519 0.661 0.4764653634259259 0.654 0.47424511574074074 0.64925 0.46492007175925926 0.64275 0.4555950277777778 0.64 0.4498223796296297 0.63975 0.4387211365740741 0.64225 0.4280639421296296 0.6472500000000001 0.4262877453703704 0.6505000000000001 0.4271758425925926 0.6619999999999999 0.4365008888888889 0.66725 0.4476021319444445 0.6695 0.458703375 0.66925
13 0.2593250439814815 0.6715000000000001 0.2766429837962963 0.6689999999999999 0.28507992824074074 0.6645000000000001 0.2873001782407407 0.6577500000000001 0.28285968055555555 0.6485 0.2775310833333333 0.645 0.2575488449074074 0.6417499999999999 0.23401421064814815 0.649 0.23268206018518517 0.6505000000000001 0.23312611111111112 0.65875 0.24333925462962963 0.6689999999999999 0.2593250439814815 0.6715000000000001
13 0.3521314398148148 0.72425 0.3636767314814815 0.724 0.3730017754629629 0.72125 0.37744227314814816 0.718 0.38188277083333333 0.7100000000000001 0.38010657175925927 0.7032499999999999 0.3734458263888889 0.69825 0.36323268287037036 0.694 0.35612788657407407 0.69175 0.35257548842592595 0.6935 0.3490230902777778 0.69275 0.3383658958333334 0.6975 0.33259325 0.7034999999999999 0.3312611018518518 0.71075 0.3330373009259259 0.7167500000000001 0.34147424537037036 0.7214999999999999 0.3521314398148148 0.72425
13 0.5399644768518519 0.722 0.5470692708333333 0.72275 0.5568383657407407 0.7214999999999999 0.5661634097222222 0.7170000000000001 0.5701598587962963 0.7135 0.5697158078703703 0.7042499999999999 0.5652753101851852 0.698 0.559946712962963 0.6950000000000001 0.5506216689814815 0.6920000000000001 0.5359680277777777 0.6932499999999999 0.5257548842592593 0.6985 0.520870337962963 0.70525 0.520426287037037 0.71075 0.5248667847222221 0.7167500000000001 0.5301953819444445 0.7195 0.5399644768518519 0.722