9 0.6064814814814815 0.4351851851851852 0.6087962962962963 0.4375 0.625 0.4375 0.6273148148148148 0.4398148148148148 0.6342592592592593 0.4398148148148148 0.6412037037037037 0.4444444444444444 0.6504629629629629 0.44675925925925924 0.6597222222222222 0.45601851851851855 0.6620370370370371 0.45601851851851855 0.6689814814814815 0.4722222222222222 0.6643518518518519 0.4861111111111111 0.6550925925925926 0.49537037037037035 0.6481481481481481 0.4976851851851852 0.6388888888888888 0.5046296296296297 0.6180555555555556 0.5069444444444444 0.6157407407407407 0.5092592592592593 0.5833333333333334 0.5092592592592593 0.5810185185185185 0.5069444444444444 0.5717592592592593 0.5069444444444444 0.5347222222222222 0.48842592592592593 0.5254629629629629 0.48842592592592593 0.5185185185185185 0.49537037037037035 0.5138888888888888 0.49537037037037035 0.5092592592592593 0.5 0.5046296296296297 0.5 0.49537037037037035 0.5046296296296297 0.48842592592592593 0.5046296296296297 0.4861111111111111 0.5069444444444444 0.44675925925925924 0.5069444444444444 0.4444444444444444 0.5046296296296297 0.42824074074074076 0.5023148148148148 0.4212962962962963 0.4976851851851852 0.4236111111111111 0.4930555555555556 0.44212962962962965 0.4837962962962963 0.4513888888888889 0.4837962962962963 0.4583333333333333 0.48842592592592593 0.47685185185185186 0.48842592592592593 0.4930555555555556 0.48148148148148145 0.4976851851851852 0.47685185185185186 0.5023148148148148 0.47685185185185186 0.5046296296296297 0.4722222222222222 0.49074074074074076 0.46296296296296297 0.49074074074074076 0.4583333333333333 0.5046296296296297 0.44907407407407407 0.5162037037037037 0.44675925925925924 0.5347222222222222 0.4583333333333333 0.5486111111111112 0.44907407407407407 0.5532407407407407 0.44907407407407407 0.5694444444444444 0.4398148148148148 0.6041666666666666 0.4351851851851852
11 0 0.60325 0.001776199074074074 0.60325 0.003108347222222222 0.605 0.0039964467592592595 0.61275 0.007548844907407408 0.615 0.011545293981481483 0.6234999999999999 0.011545293981481483 0.6337499999999999 0.014209592592592591 0.6355 0.015097689814814816 0.63925 0.020870337962962962 0.6415 0.020870337962962962 0.64575 0.017317939814814814 0.6475000000000001 0.0217584375 0.64925 0.0217584375 0.6517499999999999 0.01554174074074074 0.6565 0.011989342592592591 0.654 0.010657194444444443 0.6549999999999999 0.004884546296296296 0.653 0.003108347222222222 0.6542500000000001 0.0039964467592592595 0.6557499999999999 0.0062166967592592595 0.656 0.0026642986111111108 0.668 0.004440497685185185 0.67575 0.0039964467592592595 0.6855000000000001 0.0053285972222222215 0.6869999999999999 0.0026642986111111108 0.6964999999999999 0.00666074537037037 0.7002499999999999 0.004440497685185185 0.7032499999999999 0.003108347222222222 0.7102499999999999 0.003552398148148148 0.71275 0.00888099537037037 0.7167500000000001 0.01598578935185185 0.719 0.01820603935185185 0.7172499999999999 0.025754884259259262 0.71625 0.03330372916666667 0.7135 0.0364120787037037 0.715 0.04484902314814815 0.71275 0.05284191898148148 0.7125 0.05639431712962963 0.7095 0.06749556018518518 0.7125 0.09369449305555556 0.71325 0.1047957361111111 0.715 0.11722912962962963 0.7142499999999999 0.1580817060185185 0.71475 0.16326243287037037 0.714 0.1749555949074074 0.7145 0.18916518750000003 0.7172499999999999 0.2531083472222222 0.71525 0.2619893425925926 0.71625 0.2646536412037037 0.715 0.27264653703703706 0.715 0.2859680277777778 0.71775 0.29795737037037034 0.7172499999999999 0.3330373009259259 0.7185 0.35301953703703703 0.7174999999999999 0.3721136759259259 0.7185 0.4014209583333333 0.7182499999999999 0.40896980555555557 0.7170000000000001 0.42184724768518517 0.7185 0.45337477777777774 0.7174999999999999 0.4764653634259259 0.71975 0.4880106574074074 0.71875 0.5004440486111111 0.7202500000000001 0.5328596805555555 0.719 0.5586145648148149 0.7204999999999999 0.5706039074074074 0.7192500000000001 0.5746003541666667 0.7207499999999999 0.5892539953703704 0.7204999999999999 0.5910301944444444 0.71975 0.6016873888888888 0.7207499999999999 0.6443161643518519 0.7207499999999999 0.6580817060185185 0.7195 0.6731793958333333 0.7204999999999999 0.7020426296296297 0.71975 0.727353462962963 0.72125 0.7553285972222222 0.7204999999999999 0.7864120787037037 0.7135 0.7966252222222222 0.70825 0.810390763888889 0.6950000000000001 0.811722912037037 0.68825 0.8139431620370371 0.6857500000000001 0.8170515092592593 0.6475000000000001 0.8157193611111111 0.64225 0.8130550624999999 0.6405000000000001 0.8157193611111111 0.6365000000000001 0.8134991111111112 0.6345 0.8148312615740742 0.6295000000000001 0.8126110115740741 0.6275 0.8174955601851851 0.62125 0.8210479583333333 0.5325 0.8170515092592593 0.5257499999999999 0.8210479583333333 0.52275 0.8259325046296296 0.3615 0.8281527523148149 0.35275 0.8285968032407408 0.3035 0.8268206041666667 0.3005 0.8281527523148149 0.29675 0.8263765532407407 0.29225 0.8290408518518518 0.28375 0.8294849027777778 0.26725 0.8281527523148149 0.26475 0.8294849027777778 0.262 0.8290408518518518 0.25475000000000003 0.8263765532407407 0.25175 0.8254884537037037 0.2455 0.8148312615740742 0.23450000000000001 0.810390763888889 0.232 0.8063943171296296 0.23125 0.8050621666666666 0.22925 0.7966252222222222 0.22475 0.7899644768518519 0.223 0.7722024861111111 0.22099999999999997 0.7628774421296297 0.222 0.7553285972222222 0.21975 0.7384547060185185 0.22125 0.7340142106481481 0.2195 0.6536412083333333 0.21924999999999997 0.6385435162037036 0.22099999999999997 0.6287744236111111 0.21975 0.6234458263888889 0.22125 0.6185612777777778 0.21975 0.6136767314814814 0.22099999999999997 0.6052397870370371 0.22075 0.5981349907407407 0.22175 0.5919182939814815 0.2195 0.5861456481481482 0.219 0.5634991111111111 0.219 0.5213143865740741 0.22 0.5124333935185186 0.22225 0.49467140277777777 0.22075 0.48623445833333334 0.22325 0.456483125 0.22025 0.45026643055555554 0.22099999999999997 0.44582593287037037 0.21975 0.44271758333333333 0.22099999999999997 0.4387211365740741 0.219 0.4289520416666666 0.222 0.42539964583333334 0.2215 0.42451154629629634 0.22274999999999998 0.4138543518518518 0.22325 0.4080817060185185 0.2205 0.3894316157407407 0.222 0.3765541736111111 0.21975 0.3596802847222222 0.222 0.3481349907407407 0.2195 0.3241563055555556 0.2225 0.3210479583333334 0.224 0.312166962962963 0.22375 0.3108348125 0.222 0.30817051620370367 0.22375 0.3059502662037037 0.22375 0.3037300185185185 0.2215 0.2446714027777778 0.22 0.23889875694444443 0.22099999999999997 0.23623445833333334 0.22274999999999998 0.22646536342592594 0.22075 0.2202486689814815 0.22099999999999997 0.21758437037037037 0.223 0.21269982175925928 0.222 0.21003552314814816 0.2235 0.20248667824074074 0.2235 0.1993783310185185 0.22099999999999997 0.18960923611111113 0.22099999999999997 0.18872113657407408 0.22025 0.18250443981481482 0.22125 0.12921847222222224 0.22099999999999997 0.1265541736111111 0.22325 0.12211367592592592 0.2235 0.1092362337962963 0.22175 0.10746003472222222 0.22375 0.10390763657407406 0.22375 0.10257548842592591 0.22225 0.10035524074074074 0.22325 0.08792184722222222 0.2215 0.07904085185185185 0.22475 0.06749556018518518 0.224 0.05905861342592593 0.22925 0.05017762037037037 0.22675 0.045293071759259264 0.2275 0.03463587962962963 0.21875 0.020426287037037038 0.217 0.014209592592592591 0.21725 0.011545293981481483 0.21625 0.008436944444444445 0.218 0.0039964467592592595 0.22375 0.00666074537037037 0.22624999999999998 0.00666074537037037 0.22825 0.004884546296296296 0.23049999999999998 0.0053285972222222215 0.23825000000000002 0 0.2805 0 0.60325
12 0 0.72421 0.0663410300925926 0.72421 0.0663410300925926 0.207295 0 0.207295 0 0.72421
13 0.6953818819444444 0.43374999999999997 0.706483125 0.4335 0.7095914745370371 0.43075 0.7135879212962963 0.43075 0.7206927175925926 0.428 0.7229129652777778 0.42175 0.7211367662037037 0.41074999999999995 0.7166962708333334 0.40724999999999995 0.7126998217592593 0.40700000000000003 0.707371224537037 0.40399999999999997 0.6825044398148149 0.4045 0.6807282407407407 0.41525 0.6767317939814815 0.41825 0.6762877453703703 0.42674999999999996 0.6816163402777777 0.43125 0.6851687384259258 0.4325 0.6953818819444444 0.43374999999999997
13 0.5674955601851852 0.47375 0.5710479583333333 0.47775 0.5852575486111111 0.486 0.5985790416666666 0.4895 0.6065719351851853 0.4895 0.6096802847222222 0.48850000000000005 0.6127886319444444 0.48524999999999996 0.6176731782407408 0.48425 0.6190053287037037 0.4825 0.623001775462963 0.48125 0.6247779745370371 0.47475 0.623001775462963 0.46675 0.6203374768518519 0.46525 0.6198934282407408 0.4625 0.6150088819444444 0.46299999999999997 0.6087921851851852 0.45775 0.5985790416666666 0.45675 0.5839254004629629 0.45975 0.5821492013888888 0.46225 0.5777087037037036 0.46325 0.5821492013888888 0.47 0.5812611018518519 0.47100000000000003 0.5710479583333333 0.4715 0.5674955601851852 0.47375
13 0.29662522222222226 0.5385 0.3001776203703703 0.53775 0.31039076388888887 0.5425 0.31660746064814815 0.54325 0.3206039074074074 0.54025 0.32460035416666666 0.54125 0.3277087037037037 0.5385 0.33259325 0.53775 0.3348135 0.52925 0.3423623449074074 0.5275 0.3454706921296296 0.52525 0.3459147430555556 0.5217499999999999 0.34369449305555555 0.5195 0.3450266435185185 0.5155 0.3210479583333334 0.51275 0.3179396087962963 0.51375 0.3068383657407407 0.51325 0.2957371226851852 0.51425 0.2917406759259259 0.51575 0.2908525763888889 0.52525 0.2873001782407407 0.52975 0.293516875 0.5375 0.29662522222222226 0.5385
13 0.09857904166666666 0.5335 0.10257548842592591 0.5339999999999999 0.1047957361111111 0.5365 0.11589698148148148 0.5409999999999999 0.12033747685185185 0.5405 0.12300177546296297 0.54225 0.1265541736111111 0.539 0.13010657175925924 0.5407500000000001 0.1327708703703704 0.53825 0.13721136805555556 0.5387500000000001 0.14165186574074073 0.53625 0.14209591435185184 0.532 0.1456483125 0.53025 0.15097690972222222 0.53 0.14964475925925924 0.5295 0.1531971574074074 0.52325 0.15097690972222222 0.5155 0.1380994675925926 0.51225 0.13721136805555556 0.5085 0.12966252314814813 0.5085 0.12966252314814813 0.51025 0.1212255763888889 0.51325 0.11589698148148148 0.513 0.0968028425925926 0.5155 0.09635879166666667 0.52325 0.09813499074074075 0.5265 0.09502664351851851 0.52925 0.09857904166666666 0.5335
13 0.3854351689814815 0.48075 0.3903197152777778 0.4875 0.4014209583333333 0.49025 0.4040852569444444 0.49200000000000005 0.41740675 0.49274999999999997 0.42850799305555554 0.48924999999999996 0.44271758333333333 0.47975 0.4440497337962963 0.47475 0.44271758333333333 0.46675 0.4365008888888889 0.46175 0.43694493749999996 0.45975 0.4316163402777778 0.46 0.42850799305555554 0.45825 0.4045293078703704 0.45625 0.39875665972222224 0.4585 0.3903197152777778 0.45925 0.3889875671296296 0.46075000000000005 0.3880994675925926 0.4699375 0.3849911180555555 0.474 0.3872113680555555 0.47800000000000004 0.3854351689814815 0.48075
13 0.31039076388888887 0.32975 0.31305506250000004 0.32875000000000004 0.32015985879629627 0.33 0.3241563055555556 0.32949999999999996 0.3277087037037037 0.3265 0.3303730023148148 0.32625 0.33259325 0.32075 0.3454706921296296 0.31925 0.3485790416666667 0.3175 0.3476909421296296 0.30625 0.3490230902777778 0.30375 0.3454706921296296 0.2995 0.3383658958333334 0.29824999999999996 0.33170515046296295 0.2925 0.3263765532407408 0.29275 0.3077264652777778 0.29075 0.3028419189814815 0.2915 0.29262877546296295 0.295 0.2864120787037037 0.30225 0.2859680277777778 0.31024999999999997 0.2886323263888889 0.31699999999999995 0.29484902314814815 0.322 0.31039076388888887 0.32975
13 0.5848135 0.38375 0.5919182939814815 0.38575000000000004 0.6096802847222222 0.387 0.6123445833333334 0.38475 0.6163410300925926 0.384 0.6212255763888889 0.381 0.6252220254629629 0.37599999999999995 0.6354351689814814 0.37325 0.6372113680555556 0.371 0.6372113680555556 0.3625 0.625666074074074 0.3575 0.623001775462963 0.34800000000000003 0.6101243333333334 0.347 0.5848135 0.34775 0.583037300925926 0.349 0.581705150462963 0.35925 0.5706039074074074 0.3625 0.5710479583333333 0.37400000000000005 0.5781527523148148 0.37575000000000003 0.58259325 0.37949999999999995 0.5848135 0.38375
13 0.49333925462962963 0.3315 0.5088809953703703 0.33225000000000005 0.520870337962963 0.32675000000000004 0.5244227361111111 0.32675000000000004 0.5257548842592593 0.328 0.5275310833333333 0.32049999999999995 0.5386323263888889 0.319 0.5408525763888888 0.31725 0.5399644768518519 0.306 0.5279751342592592 0.29675 0.5257548842592593 0.29325 0.5084369444444444 0.29125 0.49422735416666663 0.2915 0.48889875694444446 0.2925 0.48623445833333334 0.2935 0.4738010648148148 0.307 0.4733570162037037 0.31775 0.4826820601851852 0.32049999999999995 0.4875666064814815 0.32949999999999996 0.49333925462962963 0.3315
13 0.20959147453703703 0.49 0.22380106481481482 0.49200000000000005 0.22690941435185186 0.49074999999999996 0.2353463587962963 0.49074999999999996 0.2526642986111111 0.48425 0.25532859722222223 0.48125 0.2544404976851852 0.47925 0.25888099537037035 0.47775 0.2575488449074074 0.4735 0.26065719444444446 0.47125 0.26065719444444446 0.46900000000000003 0.25799289583333335 0.46625 0.25888099537037035 0.46325 0.2548845462962963 0.45975 0.2526642986111111 0.46 0.2375666064814815 0.45599999999999996 0.23001776157407405 0.4555 0.22735346296296297 0.45249999999999996 0.21980461805555557 0.452 0.21802841898148148 0.45375000000000004 0.21225577314814817 0.45249999999999996 0.206483125 0.45725000000000005 0.19671403240740742 0.45799999999999996 0.19360568287037036 0.46 0.19316163425925925 0.46945824999999997 0.18827708796296297 0.474 0.19582593287037037 0.48475 0.20959147453703703 0.49
13 0.4880106574074074 0.439 0.5053285972222222 0.443 0.5115452939814815 0.4425 0.5297513310185186 0.43575 0.5399644768518519 0.42624999999999996 0.5417406759259259 0.41750000000000004 0.539520425925926 0.411 0.5386323263888889 0.4115 0.5319715810185185 0.40875 0.5275310833333333 0.403 0.5150976898148149 0.401 0.5119893425925925 0.39925 0.49866785185185186 0.39925 0.4880106574074074 0.4015 0.48001776157407405 0.40575 0.4715808171296296 0.41825 0.4729129652777778 0.42925 0.4755772638888889 0.43225 0.4880106574074074 0.439
13 0.2131438726851852 0.38575000000000004 0.22690941435185186 0.38675 0.23445825925925926 0.3855 0.2495559513888889 0.37875000000000003 0.25666074537037037 0.37274999999999997 0.25888099537037035 0.36475 0.2557726458333333 0.35575 0.2482238009259259 0.34775 0.23401421064814815 0.34349999999999997 0.22957371296296294 0.34375 0.2202486689814815 0.34225 0.20959147453703703 0.34400000000000003 0.1993783310185185 0.34725 0.19449378240740742 0.35 0.18827708796296297 0.35925 0.18738898842592594 0.3695 0.19138543518518517 0.3765 0.20603907638888888 0.384 0.2131438726851852 0.38575000000000004
13 0.39742451157407405 0.38725 0.4147424513888889 0.388 0.4293960925925926 0.385 0.440053287037037 0.38025 0.44937833101851854 0.37 0.44937833101851854 0.36224999999999996 0.43738898842592594 0.349 0.4289520416666666 0.3465 0.42140319675925925 0.3465 0.4147424513888889 0.34375 0.4040852569444444 0.34400000000000003 0.3907637662037037 0.34675 0.38587921759259264 0.34875 0.38277087037037033 0.35125 0.3765541736111111 0.36125 0.3769982245370371 0.37325 0.3872113680555555 0.38 0.3903197152777778 0.38475 0.39742451157407405 0.38725
13 0.12300177546296297 0.439 0.13676731712962964 0.43875 0.14431616435185185 0.4355 0.15097690972222222 0.43425 0.15364120833333333 0.43125 0.15941385416666665 0.42875 0.1651865 0.4195 0.1651865 0.41074999999999995 0.15941385416666665 0.4045 0.1456483125 0.39975 0.14387211342592593 0.398 0.14031971527777778 0.39849999999999997 0.13676731712962964 0.39625 0.12211367592592592 0.39675 0.11278863194444444 0.398 0.09413854398148148 0.4045 0.09103019444444443 0.408 0.0874777986111111 0.41675 0.08925399537037038 0.42525 0.09236234490740741 0.4285 0.10612788657407408 0.43524999999999997 0.12300177546296297 0.439
13 0.2930728240740741 0.43625 0.30950266435185186 0.4405 0.32149200694444446 0.44075 0.3419182939814815 0.43625 0.35257548842592595 0.42974999999999997 0.35612788657407407 0.423 0.35568383564814815 0.4145 0.35257548842592595 0.40975 0.3423623449074074 0.401 0.33170515046296295 0.3975 0.3277087037037037 0.39849999999999997 0.32460035416666666 0.39699999999999996 0.3086145648148148 0.39725 0.29262877546296295 0.40249999999999997 0.2859680277777778 0.40650000000000003 0.2810834814814815 0.41675 0.2815275300925926 0.4255 0.2846358796296296 0.42925 0.291296625 0.4335 0.2930728240740741 0.43625
13 0.49467140277777777 0.54025 0.5084369444444444 0.54025 0.5190941388888889 0.5375 0.5248667847222221 0.533 0.5279751342592592 0.52625 0.5270870347222222 0.522 0.5235346365740741 0.51825 0.5084369444444444 0.51275 0.49467140277777777 0.514 0.48623445833333334 0.517 0.48134991203703703 0.52025 0.47912966203703705 0.5245 0.47912966203703705 0.52925 0.48179396064814817 0.5339999999999999 0.4853463587962963 0.537 0.49467140277777777 0.54025
13 0.6656305509259259 0.5367500000000001 0.668294849537037 0.5409999999999999 0.6944937824074074 0.545 0.6998223796296296 0.5445 0.7029307291666667 0.543 0.706483125 0.5435 0.7166962708333334 0.53975 0.7206927175925926 0.5365 0.7224689166666667 0.5275 0.7211367662037037 0.521 0.7162522199074074 0.517 0.7033747777777778 0.512 0.6958259328703704 0.51125 0.6820603912037037 0.512 0.6776198935185185 0.5155 0.668294849537037 0.5175 0.6598579050925926 0.5245 0.6598579050925926 0.52625 0.6638543518518518 0.5265 0.666962699074074 0.52925 0.6656305509259259 0.5367500000000001
13 0.21269982175925928 0.59775 0.23401421064814815 0.5975 0.24156305555555554 0.5952500000000001 0.24911190046296297 0.5840000000000001 0.25888099537037035 0.5815 0.25399644675925925 0.57375 0.2557726458333333 0.5720000000000001 0.2548845462962963 0.56425 0.25133214814814814 0.5655 0.2482238009259259 0.5615 0.2446714027777778 0.5597500000000001 0.2397868564814815 0.5605 0.23401421064814815 0.5565 0.22690941435185186 0.55625 0.22380106481481482 0.5585 0.2202486689814815 0.5585 0.2131438726851852 0.5615 0.21047957407407408 0.5605 0.20293072916666668 0.5605 0.19582593287037037 0.5650000000000001 0.18916518750000003 0.57475 0.18872113657407408 0.5815 0.19538188194444445 0.59025 0.20293072916666668 0.5954999999999999 0.21269982175925928 0.59775
13 0.5714920069444445 0.59675 0.5861456481481482 0.60025 0.5954706921296297 0.60075 0.5981349907407407 0.5994999999999999 0.6092362337962962 0.5982500000000001 0.6238898749999999 0.5932499999999999 0.6301065717592592 0.58525 0.6318827708333333 0.5792499999999999 0.6301065717592592 0.5735 0.6309946712962963 0.57075 0.6287744236111111 0.5675 0.6198934282407408 0.56075 0.6163410300925926 0.56125 0.6092362337962962 0.5569999999999999 0.5936944930555555 0.556 0.5812611018518519 0.55725 0.5710479583333333 0.561 0.5679396087962962 0.56575 0.5595026643518518 0.57125 0.5572824166666667 0.5815 0.5603907638888889 0.5862499999999999 0.5634991111111111 0.5875 0.5714920069444445 0.59675
13 0.46936056944444443 0.6407499999999999 0.4764653634259259 0.6472500000000001 0.4875666064814815 0.651 0.5053285972222222 0.652 0.5155417407407408 0.651 0.5257548842592593 0.64825 0.539520425925926 0.637 0.541296625 0.6265000000000001 0.5390763773148148 0.62275 0.5270870347222222 0.6125 0.5155417407407408 0.6092500000000001 0.5111012430555556 0.6097499999999999 0.5084369444444444 0.60875 0.5044404976851852 0.61025 0.4977797523148148 0.608 0.49422735416666663 0.608 0.48978685648148146 0.6097499999999999 0.4871225578703704 0.6092500000000001 0.47602131481481486 0.61275 0.4666962708333333 0.6225 0.4706927175925926 0.63125 0.4689165185185185 0.6332500000000001 0.4706927175925926 0.63675 0.46936056944444443 0.6407499999999999
13 0.28774422685185186 0.64375 0.29662522222222226 0.6479999999999999 0.30461811805555555 0.6495 0.31660746064814815 0.65 0.33170515046296295 0.6487499999999999 0.3383658958333334 0.6475000000000001 0.3441385439814815 0.6447499999999999 0.35301953703703703 0.638 0.35568383564814815 0.6325000000000001 0.35612788657407407 0.6262500000000001 0.35257548842592595 0.61975 0.3450266435185185 0.61325 0.333925400462963 0.6092500000000001 0.3228241574074074 0.6075 0.29973356944444446 0.60875 0.2886323263888889 0.61275 0.2841918287037037 0.6192500000000001 0.28197158101851855 0.61975 0.27930728240740743 0.6230000000000001 0.27930728240740743 0.63025 0.2810834814814815 0.6345 0.28774422685185186 0.64375
13 0.37966252314814813 0.592 0.38188277083333333 0.5925 0.38454706944444444 0.5952500000000001 0.3903197152777778 0.59725 0.40719360648148145 0.5994999999999999 0.42850799305555554 0.5975 0.4365008888888889 0.59275 0.44893428009259256 0.5825 0.4498223796296297 0.57675 0.44582593287037037 0.5675 0.44271758333333333 0.56375 0.42850799305555554 0.55725 0.41829484953703705 0.55575 0.4076376550925926 0.556 0.4040852569444444 0.55725 0.4000888101851852 0.55575 0.38365896990740744 0.56075 0.37522202546296296 0.5675 0.3743339259259259 0.5815 0.3778863240740741 0.587 0.38055062268518514 0.588 0.37966252314814813 0.592