3 0.3888888888888889 0.4861111111111111 0.3912037037037037 0.48842592592592593 0.39351851851851855 0.4861111111111111 0.3958333333333333 0.48842592592592593 0.4074074074074074 0.48842592592592593 0.4074074074074074 0.4976851851851852 0.41203703703703703 0.5023148148148148 0.41435185185185186 0.5 0.4305555555555556 0.5 0.43287037037037035 0.5023148148148148 0.4351851851851852 0.5 0.4375 0.5023148148148148 0.46064814814814814 0.5046296296296297 0.47685185185185186 0.5138888888888888 0.4837962962962963 0.5254629629629629 0.48148148148148145 0.5300925925925926 0.4537037037037037 0.5300925925925926 0.4513888888888889 0.5231481481481481 0.44212962962962965 0.5162037037037037 0.4097222222222222 0.5162037037037037 0.4074074074074074 0.5185185185185185 0.4074074074074074 0.5300925925925926 0.38657407407407407 0.5300925925925926 0.38425925925925924 0.5277777777777778 0.37962962962962965 0.5300925925925926 0.375 0.5254629629629629 0.3773148148148148 0.5231481481481481 0.3773148148148148 0.5185185185185185 0.375 0.5162037037037037 0.33101851851851855 0.5162037037037037 0.3263888888888889 0.5208333333333334 0.3263888888888889 0.5370370370370371 0.32407407407407407 0.5416666666666666 0.30787037037037035 0.5532407407407407 0.2962962962962963 0.5578703703703703 0.28935185185185186 0.5578703703703703 0.28703703703703703 0.5601851851851852 0.25 0.5601851851851852 0.24768518518518517 0.5578703703703703 0.24074074074074073 0.5578703703703703 0.2337962962962963 0.5532407407407407 0.22916666666666666 0.5532407407407407 0.2199074074074074 0.5462962962962963 0.21296296296296297 0.5370370370370371 0.21296296296296297 0.5277777777777778 0.2175925925925926 0.5185185185185185 0.22453703703703703 0.5115740740740741 0.24768518518518517 0.5023148148148148 0.2916666666666667 0.5 0.2962962962962963 0.49537037037037035 0.2962962962962963 0.48842592592592593 0.2986111111111111 0.4861111111111111 0.32407407407407407 0.4861111111111111 0.3263888888888889 0.48842592592592593 0.3263888888888889 0.4976851851851852 0.3287037037037037 0.5 0.375 0.5 0.3773148148148148 0.4976851851851852 0.3773148148148148 0.48842592592592593 0.37962962962962965 0.4861111111111111 0.38657407407407407 0.4861111111111111
1 0.3773148148148148 0.5324074074074074 0.4050925925925926 0.5324074074074074 0.4074074074074074 0.5347222222222222 0.4074074074074074 0.5416666666666666 0.41203703703703703 0.5462962962962963 0.4398148148148148 0.5462962962962963 0.44212962962962965 0.5439814814814815 0.44675925925925924 0.5439814814814815 0.4583333333333333 0.5324074074074074 0.4837962962962963 0.5324074074074074 0.4861111111111111 0.5347222222222222 0.4837962962962963 0.5416666666666666 0.47453703703703703 0.5509259259259259 0.4675925925925926 0.5532407407407407 0.46296296296296297 0.5578703703703703 0.4444444444444444 0.5601851851851852 0.44212962962962965 0.5625 0.4097222222222222 0.5625 0.4050925925925926 0.5671296296296297 0.4050925925925926 0.5879629629629629 0.4097222222222222 0.5925925925925926 0.41898148148148145 0.5925925925925926 0.4212962962962963 0.5902777777777778 0.42824074074074076 0.5925925925925926 0.42824074074074076 0.6064814814814815 0.42592592592592593 0.6087962962962963 0.4074074074074074 0.6087962962962963 0.4027777777777778 0.6134259259259259 0.4027777777777778 0.625 0.4097222222222222 0.6319444444444444 0.42592592592592593 0.6365740740740741 0.42824074074074076 0.6412037037037037 0.42824074074074076 0.6504629629629629 0.4236111111111111 0.6550925925925926 0.4050925925925926 0.6527777777777778 0.38425925925925924 0.6435185185185185 0.3726851851851852 0.6296296296296297 0.3726851851851852 0.6111111111111112 0.3680555555555556 0.6064814814814815 0.35185185185185186 0.6064814814814815 0.34953703703703703 0.6087962962962963 0.3472222222222222 0.6064814814814815 0.3263888888888889 0.6064814814814815 0.3055555555555556 0.5972222222222222 0.29398148148148145 0.5856481481481481 0.29398148148148145 0.5694444444444444 0.2962962962962963 0.5648148148148148 0.30787037037037035 0.5555555555555556 0.3125 0.5555555555555556 0.32175925925925924 0.5486111111111112 0.33101851851851855 0.5486111111111112 0.3333333333333333 0.5462962962962963 0.3726851851851852 0.5462962962962963 0.3773148148148148 0.5416666666666666 0.3773148148148148 0.5347222222222222
9 0.5347222222222222 0.4583333333333333 0.5509259259259259 0.4652777777777778 0.5601851851851852 0.47453703703703703 0.5625 0.4791666666666667 0.5625 0.4976851851851852 0.5671296296296297 0.5023148148148148 0.5833333333333334 0.5023148148148148 0.5856481481481481 0.5046296296296297 0.5856481481481481 0.5162037037037037 0.5833333333333334 0.5185185185185185 0.5625 0.5185185185185185 0.5578703703703703 0.5300925925925926 0.5625 0.5393518518518519 0.5694444444444444 0.5439814814814815 0.5810185185185185 0.5462962962962963 0.5833333333333334 0.5509259259259259 0.5787037037037037 0.5625 0.5740740740740741 0.5625 0.5717592592592593 0.5601851851851852 0.5601851851851852 0.5601851851851852 0.5393518518518519 0.5509259259259259 0.5300925925925926 0.5416666666666666 0.5277777777777778 0.5185185185185185 0.5254629629629629 0.5162037037037037 0.5069444444444444 0.5162037037037037 0.5046296296296297 0.5138888888888888 0.49074074074074076 0.5138888888888888 0.48842592592592593 0.5115740740740741 0.47453703703703703 0.5092592592592593 0.4675925925925926 0.5046296296296297 0.45601851851851855 0.49074074074074076 0.45601851851851855 0.4791666666666667 0.4583333333333333 0.47453703703703703 0.4722222222222222 0.46296296296296297 0.47685185185185186 0.46296296296296297 0.4837962962962963 0.4583333333333333 0.4930555555555556 0.4583333333333333 0.49537037037037035 0.45601851851851855 0.5254629629629629 0.45601851851851855 0.5277777777777778 0.4583333333333333 0.5324074074074074 0.4583333333333333
2 0.5370370370370371 0.44212962962962965 0.5648148148148148 0.44212962962962965 0.5763888888888888 0.4537037037037037 0.5810185185185185 0.4537037037037037 0.5833333333333334 0.45601851851851855 0.6087962962962963 0.45601851851851855 0.6134259259259259 0.4444444444444444 0.6180555555555556 0.4444444444444444 0.6203703703703703 0.44212962962962965 0.6388888888888888 0.44212962962962965 0.6435185185185185 0.4444444444444444 0.6435185185185185 0.4513888888888889 0.6481481481481481 0.4583333333333333 0.6805555555555556 0.4583333333333333 0.6828703703703703 0.45601851851851855 0.6851851851851852 0.4583333333333333 0.6898148148148148 0.4537037037037037 0.6898148148148148 0.44675925925925924 0.6921296296296297 0.4444444444444444 0.7222222222222222 0.4444444444444444 0.7245370370370371 0.44675925925925924 0.7245370370370371 0.4513888888888889 0.7222222222222222 0.4537037037037037 0.7268518518518519 0.4583333333333333 0.7314814814814815 0.45601851851851855 0.7337962962962963 0.4583333333333333 0.7523148148148148 0.4583333333333333 0.7546296296296297 0.45601851851851855 0.7592592592592593 0.45601851851851855 0.7662037037037037 0.44675925925925924 0.7708333333333334 0.4444444444444444 0.8009259259259259 0.4444444444444444 0.8009259259259259 0.4513888888888889 0.7893518518518519 0.46296296296296297 0.7685185185185185 0.4722222222222222 0.7569444444444444 0.4722222222222222 0.7546296296296297 0.47453703703703703 0.7268518518518519 0.47453703703703703 0.7245370370370371 0.47685185185185186 0.7245370370370371 0.4837962962962963 0.7175925925925926 0.48842592592592593 0.6944444444444444 0.48842592592592593 0.6851851851851852 0.47453703703703703 0.6527777777777778 0.47453703703703703 0.6458333333333334 0.4791666666666667 0.6458333333333334 0.4837962962962963 0.6435185185185185 0.4861111111111111 0.6111111111111112 0.4861111111111111 0.6111111111111112 0.47453703703703703 0.6087962962962963 0.4722222222222222 0.5902777777777778 0.4722222222222222 0.5879629629629629 0.47453703703703703 0.5833333333333334 0.47453703703703703 0.5810185185185185 0.4722222222222222 0.5717592592592593 0.4722222222222222 0.5694444444444444 0.4699074074074074 0.5578703703703703 0.4675925925925926 0.5532407407407407 0.46296296296296297 0.5462962962962963 0.46064814814814814 0.5370370370370371 0.4513888888888889 0.5370370370370371 0.4444444444444444
4 0.6805555555555556 0.3680555555555556 0.6828703703703703 0.37037037037037035 0.6990740740740741 0.3726851851851852 0.7129629629629629 0.37962962962962965 0.7222222222222222 0.3912037037037037 0.7222222222222222 0.4050925925925926 0.7199074074074074 0.4074074074074074 0.7245370370370371 0.41203703703703703 0.7569444444444444 0.41203703703703703 0.7592592592592593 0.41435185185185186 0.7708333333333334 0.41435185185185186 0.7731481481481481 0.4166666666666667 0.7777777777777778 0.4166666666666667 0.7916666666666666 0.4236111111111111 0.7962962962962963 0.42824074074074076 0.8009259259259259 0.4351851851851852 0.8009259259259259 0.44212962962962965 0.7662037037037037 0.44212962962962965 0.7638888888888888 0.4375 0.7546296296296297 0.4305555555555556 0.7453703703703703 0.4305555555555556 0.7430555555555556 0.42824074074074076 0.7291666666666666 0.42824074074074076 0.7245370370370371 0.43287037037037035 0.7222222222222222 0.44212962962962965 0.6898148148148148 0.44212962962962965 0.6898148148148148 0.43287037037037035 0.6851851851851852 0.42824074074074076 0.6481481481481481 0.42824074074074076 0.6435185185185185 0.43287037037037035 0.6435185185185185 0.4398148148148148 0.6365740740740741 0.4398148148148148 0.6342592592592593 0.44212962962962965 0.6273148148148148 0.44212962962962965 0.625 0.4398148148148148 0.6157407407407407 0.44212962962962965 0.6134259259259259 0.4398148148148148 0.6134259259259259 0.43287037037037035 0.6087962962962963 0.42824074074074076 0.5833333333333334 0.42824074074074076 0.5717592592592593 0.43287037037037035 0.5671296296296297 0.44212962962962965 0.5625 0.44212962962962965 0.5601851851851852 0.4398148148148148 0.5416666666666666 0.4398148148148148 0.5370370370370371 0.44212962962962965 0.5370370370370371 0.4375 0.5416666666666666 0.42824074074074076 0.5532407407407407 0.41898148148148145 0.5578703703703703 0.41898148148148145 0.5740740740740741 0.41203703703703703 0.6087962962962963 0.41203703703703703 0.6134259259259259 0.4074074074074074 0.6134259259259259 0.3958333333333333 0.6157407407407407 0.3912037037037037 0.6203703703703703 0.38425925925925924 0.6296296296296297 0.3773148148148148 0.6388888888888888 0.3726851851851852 0.6550925925925926 0.37037037037037035 0.6574074074074074 0.3680555555555556 0.6782407407407407 0.3680555555555556
11 0.14831261111111113 0.6717500000000001 0.15408525694444444 0.6735 0.1647424513888889 0.6789999999999999 0.17895204166666667 0.682 0.1993783310185185 0.68325 0.24511545370370372 0.68325 0.3383658958333334 0.68275 0.3485790416666667 0.68125 0.3627886319444445 0.681 0.36678508101851853 0.682 0.3756660740740741 0.6805 0.3885435162037037 0.68075 0.3929840138888889 0.682 0.4000888101851852 0.68225 0.4036412083333334 0.6815 0.40852575462962964 0.68225 0.8108348125 0.68075 0.8152753101851852 0.6795 0.8383658958333333 0.6792499999999999 0.8556838356481481 0.6735 0.8663410300925926 0.6685 0.8765541736111111 0.6577500000000001 0.8796625231481481 0.651 0.8774422731481482 0.647 0.8792184722222223 0.6455 0.8809946712962963 0.6377499999999999 0.8801065717592592 0.61975 0.8783303726851851 0.616125 0.8787744236111111 0.5950000000000001 0.8765541736111111 0.5875 0.8725577268518518 0.582 0.876998224537037 0.576 0.8765541736111111 0.54925 0.874333925925926 0.54675 0.8761101250000001 0.53275 0.8738898749999999 0.5307499999999999 0.873001775462963 0.5265 0.8734458263888889 0.48374999999999996 0.8712255763888889 0.4215 0.8698934282407408 0.4185 0.8707815277777777 0.408 0.8685612777777778 0.40399999999999997 0.8690053287037037 0.37124999999999997 0.8667850810185186 0.342 0.8650088819444444 0.33999999999999997 0.8650088819444444 0.33475 0.8619005324074074 0.33125 0.8623445833333334 0.31150000000000005 0.8658969814814815 0.30775 0.8672291296296296 0.28525 0.8627886319444444 0.279 0.8592362337962962 0.27725 0.8556838356481481 0.27675 0.8503552407407406 0.27825 0.8419182939814815 0.276 0.833481349537037 0.27725 0.8281527523148149 0.276 0.7411190046296297 0.27575 0.7388987569444445 0.27725 0.7322380115740741 0.276 0.7277975138888889 0.27675 0.7162522199074074 0.2755 0.7131438726851852 0.276 0.7118117222222222 0.27875 0.7091474236111112 0.279 0.7069271759259259 0.27675 0.6998223796296296 0.277 0.6971580810185185 0.27825 0.6913854351851852 0.277 0.689609236111111 0.2755 0.6856127893518519 0.27575 0.6816163402777777 0.27749999999999997 0.6740674953703704 0.2755 0.3241563055555556 0.2745 0.31660746064814815 0.27575 0.31039076388888887 0.27525 0.3086145648148148 0.27849999999999997 0.2646536412037037 0.27499999999999997 0.2593250439814815 0.2735 0.2544404976851852 0.2745 0.2375666064814815 0.27325 0.23445825925925926 0.27425 0.22380106481481482 0.2735 0.16829484953703702 0.2755 0.1656305509259259 0.28099999999999997 0.16119005324074073 0.28099999999999997 0.1598579050925926 0.28250000000000003 0.1647424513888889 0.28975 0.15763765509259262 0.29325 0.1603019537037037 0.3035 0.15763765509259262 0.30674999999999997 0.15364120833333333 0.30725 0.15097690972222222 0.306 0.15008881018518516 0.307 0.15364120833333333 0.314 0.15541740740740742 0.3145 0.15674955555555556 0.32925 0.15364120833333333 0.33125 0.15097690972222222 0.3315 0.14609236342592594 0.34125 0.14476021296296296 0.3675 0.14609236342592594 0.3875 0.14431616435185185 0.3905 0.14431616435185185 0.43 0.1407637662037037 0.46475 0.13987566666666668 0.5295 0.1380994675925926 0.536 0.13943161574074073 0.55125 0.13676731712962964 0.5630000000000001 0.13410301851851852 0.6407499999999999 0.13410301851851852 0.6505000000000001 0.13676731712962964 0.6615 0.14831261111111113 0.6717500000000001
12 0.9141096805555555 0.273075 0.07300399537037038 0.273075 0.07300399537037038 0.32354 0.9141096805555555 0.32354 0.9141096805555555 0.273075
13 0.44582593287037037 0.36700000000000005 0.45026643055555554 0.3645 0.45248667824074074 0.36000000000000004 0.45159857870370373 0.352 0.44804618055555556 0.34875 0.44049733564814814 0.34525 0.4320603912037037 0.34400000000000003 0.42451154629629634 0.34450000000000003 0.41829484953703705 0.3465 0.4129662523148148 0.35225 0.41429840046296296 0.3625 0.42184724768518517 0.36724999999999997 0.4387211365740741 0.368 0.44582593287037037 0.36700000000000005
13 0.5888099467592592 0.36825 0.5985790416666666 0.36724999999999997 0.6052397870370371 0.36475 0.6087921851851852 0.3555 0.6065719351851853 0.35075 0.5985790416666666 0.34600000000000003 0.5928063935185185 0.34450000000000003 0.581705150462963 0.34474999999999995 0.5754884537037037 0.347 0.5688277083333333 0.352 0.5674955601851852 0.35500000000000004 0.5688277083333333 0.361 0.5741563055555555 0.3665 0.5888099467592592 0.36825
13 0.668294849537037 0.40975 0.6780639421296297 0.40875 0.6833925393518518 0.40700000000000003 0.6856127893518519 0.40399999999999997 0.6856127893518519 0.39699999999999996 0.6833925393518518 0.39375 0.6767317939814815 0.38975000000000004 0.666518650462963 0.388 0.6594138541666666 0.38825 0.6518650092592593 0.3905 0.6474245115740741 0.39499999999999996 0.6465364120370369 0.40575 0.6478685601851851 0.408 0.6567495555555555 0.4095 0.668294849537037 0.40975
13 0.5115452939814815 0.41125 0.5173179398148148 0.411 0.5222024861111111 0.40925 0.5284191828703704 0.40549999999999997 0.5310834814814815 0.401 0.5301953819444445 0.3975 0.5261989351851851 0.39275 0.5222024861111111 0.39025 0.5128774421296296 0.38825 0.5084369444444444 0.388 0.4973357013888889 0.3905 0.4924511550925926 0.39375 0.4902309050925926 0.398 0.4902309050925926 0.40399999999999997 0.49422735416666663 0.40825 0.49822380092592594 0.41025 0.5115452939814815 0.41125
13 0.3445825925925926 0.4115 0.3592362337962963 0.4115 0.36634103009259256 0.41025 0.37033747685185187 0.40825 0.3734458263888889 0.40475 0.3743339259259259 0.3975 0.37166962731481484 0.39349999999999996 0.36634103009259256 0.38975000000000004 0.35612788657407407 0.3875 0.3485790416666667 0.38775000000000004 0.33880994675925924 0.3905 0.33436944907407407 0.39425 0.333481349537037 0.40225 0.3348135 0.40575 0.3419182939814815 0.41050000000000003 0.3445825925925926 0.4115
13 0.26154529398148146 0.45399999999999996 0.28197158101851855 0.45375000000000004 0.2930728240740741 0.448 0.2944049722222222 0.4425 0.29262877546296295 0.43825000000000003 0.2908525763888889 0.436 0.28330372916666663 0.43225 0.27309058564814814 0.431 0.26598578935185185 0.4315 0.25888099537037035 0.43374999999999997 0.25399644675925925 0.43775000000000003 0.2522202476851852 0.44175000000000003 0.2526642986111111 0.446 0.25532859722222223 0.45025000000000004 0.26154529398148146 0.45399999999999996
13 0.45204262962962966 0.448 0.45426287731481485 0.4425 0.45115453009259254 0.4375 0.4476021319444445 0.4345 0.44182948379629633 0.43275 0.43472468981481477 0.43174999999999997 0.42539964583333334 0.432 0.41740675 0.435 0.4129662523148148 0.43925 0.41341030092592596 0.44775 0.4222912962962963 0.45375000000000004 0.44271758333333333 0.45375000000000004 0.45204262962962966 0.448
13 0.585701599537037 0.45425 0.5972468912037037 0.45399999999999996 0.6012433402777778 0.45175000000000004 0.6083481342592593 0.44275 0.6021314398148149 0.434 0.5954706921296297 0.4325 0.5812611018518519 0.43275 0.5768206041666667 0.43475 0.5710479583333333 0.43975000000000003 0.5692717592592592 0.44275 0.5732682060185185 0.45 0.5794849027777778 0.453 0.585701599537037 0.45425
13 0.7588809953703703 0.45125 0.7637655416666667 0.44575 0.7642095925925927 0.4425 0.7619893425925925 0.43849999999999995 0.7548845462962963 0.4335 0.7508880995370371 0.4325 0.7437833032407407 0.432 0.7340142106481481 0.4335 0.7300177615740742 0.4355 0.7269094143518517 0.44 0.727353462962963 0.448 0.7375666064814815 0.45449999999999996 0.7513321481481482 0.45449999999999996 0.7588809953703703 0.45125
13 0.6718472476851851 0.49900000000000005 0.6758436944444445 0.49825 0.6838365902777779 0.49475 0.6873889884259259 0.49074999999999996 0.6873889884259259 0.48574999999999996 0.6838365902777779 0.481 0.6793960925925927 0.47775 0.6753996458333333 0.47674999999999995 0.6611900532407406 0.47625 0.6545293078703703 0.47775 0.6492007106481481 0.48024999999999995 0.646980462962963 0.48475 0.6465364120370369 0.48775 0.6505328587962963 0.4935 0.6616341041666667 0.4985 0.6718472476851851 0.49900000000000005
13 0.5146536412037037 0.49774999999999997 0.5253108356481482 0.49624999999999997 0.5293072824074074 0.49424999999999997 0.5310834814814815 0.48374999999999996 0.5279751342592592 0.48024999999999995 0.518650087962963 0.47575 0.501776199074074 0.47650000000000003 0.4951154537037037 0.47975 0.48978685648148146 0.486 0.49067495601851846 0.49125 0.4964476018518518 0.495 0.5013321481481482 0.4965 0.5146536412037037 0.49774999999999997
13 0.3450266435185185 0.498 0.36323268287037036 0.49725 0.36767317824074075 0.495 0.37255772685185184 0.488 0.37255772685185184 0.48425 0.36944937731481486 0.48000000000000004 0.36545293055555556 0.477 0.3592362337962963 0.47575 0.3521314398148148 0.47525 0.3419182939814815 0.47625 0.33658969907407404 0.47950000000000004 0.333481349537037 0.484 0.33214920138888887 0.488 0.333925400462963 0.4915 0.3370337476851852 0.495 0.3450266435185185 0.498
13 0.2677619884259259 0.54425 0.2761989351851852 0.5437500000000001 0.2846358796296296 0.5407500000000001 0.291296625 0.533 0.291296625 0.5287499999999999 0.2886323263888889 0.526 0.2881882777777778 0.523 0.27575488425925926 0.51925 0.2646536412037037 0.51925 0.2584369444444445 0.52075 0.2535523981481482 0.523 0.24911190046296297 0.5287499999999999 0.24911190046296297 0.53425 0.2548845462962963 0.5405 0.2619893425925926 0.5435 0.2677619884259259 0.54425
13 0.44582593287037037 0.53975 0.44893428009259256 0.5355 0.45026643055555554 0.529 0.4471580810185185 0.5257499999999999 0.4409413865740741 0.523 0.4320603912037037 0.521 0.42140319675925925 0.52125 0.416074599537037 0.524 0.4129662523148148 0.5285000000000001 0.4138543518518518 0.53625 0.42184724768518517 0.543 0.43827708796296294 0.5435 0.44582593287037037 0.53975
13 0.5879218472222222 0.544 0.5950266435185185 0.54325 0.6021314398148149 0.54125 0.6087921851851852 0.5365 0.6101243333333334 0.5337500000000001 0.6092362337962962 0.52775 0.606127886574074 0.524 0.5985790416666666 0.519 0.5892539953703704 0.51775 0.5848135 0.5185 0.5781527523148148 0.5235 0.5737122546296296 0.524 0.5710479583333333 0.527 0.5706039074074074 0.533 0.5723801064814814 0.536 0.581705150462963 0.54275 0.5879218472222222 0.544
13 0.7473357013888888 0.5437500000000001 0.7548845462962963 0.54325 0.7646536412037037 0.5395 0.7682060393518518 0.5365 0.7695381875 0.5307499999999999 0.7668738888888889 0.5255 0.7611012430555555 0.5215000000000001 0.7539964467592593 0.5187499999999999 0.7442273541666666 0.5187499999999999 0.7313499120370369 0.52125 0.7269094143518517 0.527 0.7277975138888889 0.53625 0.7309058611111111 0.53925 0.7411190046296297 0.543 0.7473357013888888 0.5437500000000001
13 0.6749555949074074 0.5882499999999999 0.6851687384259258 0.58475 0.689609236111111 0.5815 0.690941386574074 0.5745 0.6891651875 0.571 0.6847246898148148 0.567 0.6785079930555555 0.5645 0.6714031967592592 0.5635 0.6629662523148149 0.564 0.6576376550925926 0.5655 0.6496447592592594 0.57125 0.6496447592592594 0.58 0.6580817060185185 0.5862499999999999 0.6678507986111112 0.5882499999999999 0.6749555949074074 0.5882499999999999
13 0.5133214930555555 0.58875 0.519982238425926 0.5882499999999999 0.5261989351851851 0.58525 0.5301953819444445 0.58175 0.5315275300925926 0.5792499999999999 0.5306394305555555 0.5720000000000001 0.5284191828703704 0.56925 0.518650087962963 0.5645 0.5079928958333334 0.56325 0.49866785185185186 0.5650000000000001 0.49422735416666663 0.5675 0.49200710416666665 0.5705 0.49067495601851846 0.5785 0.49378330324074077 0.58375 0.5013321481481482 0.5875 0.5133214930555555 0.58875
13 0.33259325 0.5815 0.3330373009259259 0.58475 0.33792184722222224 0.5875 0.3441385439814815 0.58925 0.35657193518518515 0.58975 0.3636767314814815 0.58925 0.36811722916666667 0.58725 0.37078152777777773 0.574 0.36811722916666667 0.569 0.3627886319444445 0.56625 0.3592362337962963 0.5652499999999999 0.34147424537037036 0.56475 0.3348135 0.5675 0.3312611018518518 0.5705 0.3294849027777778 0.57375 0.3277087037037037 0.57425 0.32815275231481483 0.57725 0.33259325 0.5815
13 0.4280639421296296 0.6355 0.4431616342592593 0.6337499999999999 0.4498223796296297 0.62825 0.45248667824074074 0.6232500000000001 0.45115453009259254 0.6174999999999999 0.4484902314814815 0.61425 0.43960923611111113 0.61025 0.4320603912037037 0.6097499999999999 0.42184724768518517 0.6115 0.41252220138888884 0.6162500000000001 0.41030195370370365 0.622 0.4098579050925926 0.6269999999999999 0.4116341041666666 0.63 0.41829484953703705 0.6332500000000001 0.4280639421296296 0.6355
13 0.6016873888888888 0.6337499999999999 0.6074600347222222 0.6305 0.6127886319444444 0.6234999999999999 0.6110124328703704 0.6167499999999999 0.6056838356481481 0.6125 0.5919182939814815 0.6085 0.5848135 0.6090000000000001 0.5781527523148148 0.611 0.5732682060185185 0.6152500000000001 0.5714920069444445 0.62 0.5719360578703704 0.6269999999999999 0.5768206041666667 0.6315 0.5941385439814815 0.63425 0.6016873888888888 0.6337499999999999