4 0.4375 0.3773148148148148 0.4583333333333333 0.3773148148148148 0.46064814814814814 0.37962962962962965 0.47453703703703703 0.3819444444444444 0.48842592592592593 0.3888888888888889 0.5 0.4027777777777778 0.5 0.4166666666666667 0.5023148148148148 0.41898148148148145 0.5 0.4212962962962963 0.5046296296296297 0.42592592592592593 0.5509259259259259 0.42824074074074076 0.5532407407407407 0.4305555555555556 0.5648148148148148 0.43287037037037035 0.5787037037037037 0.4398148148148148 0.5856481481481481 0.44675925925925924 0.5902777777777778 0.45601851851851855 0.5902777777777778 0.4652777777777778 0.5856481481481481 0.47453703703703703 0.5717592592592593 0.4861111111111111 0.5625 0.49074074074074076 0.5439814814814815 0.4930555555555556 0.5416666666666666 0.49537037037037035 0.5046296296296297 0.49537037037037035 0.5 0.5023148148148148 0.5 0.5185185185185185 0.48842592592592593 0.5324074074074074 0.47453703703703703 0.5393518518518519 0.46064814814814814 0.5416666666666666 0.4583333333333333 0.5439814814814815 0.4398148148148148 0.5439814814814815 0.4398148148148148 0.5347222222222222 0.44212962962962965 0.5300925925925926 0.44675925925925924 0.5254629629629629 0.44907407407407407 0.5277777777777778 0.4537037037037037 0.5254629629629629 0.46296296296296297 0.5185185185185185 0.4675925925925926 0.5115740740740741 0.4675925925925926 0.5023148148148148 0.46064814814814814 0.49537037037037035 0.4444444444444444 0.49537037037037035 0.4398148148148148 0.49074074074074076 0.4398148148148148 0.4791666666666667 0.44212962962962965 0.47685185185185186 0.46296296296296297 0.47685185185185186 0.4675925925925926 0.4699074074074074 0.4675925925925926 0.4513888888888889 0.4583333333333333 0.4444444444444444 0.4537037037037037 0.44675925925925924 0.4398148148148148 0.4444444444444444 0.4398148148148148 0.4351851851851852 0.4375 0.43287037037037035 0.4398148148148148 0.42824074074074076 0.4444444444444444 0.42824074074074076 0.44675925925925924 0.42592592592592593 0.46296296296296297 0.42592592592592593 0.4652777777777778 0.4236111111111111 0.4652777777777778 0.4074074074074074 0.4583333333333333 0.40046296296296297 0.44212962962962965 0.3958333333333333 0.4375 0.3912037037037037 0.4375 0.37962962962962965
11 0.14387211342592593 0.70825 0.15364120833333333 0.7072499999999999 0.24111900462962962 0.7072499999999999 0.28552397916666666 0.705 0.3250444050925926 0.705 0.35301953703703703 0.7034999999999999 0.394760212962963 0.7032499999999999 0.4009769097222222 0.7030000000000001 0.40941385416666665 0.6975 0.4342806388888889 0.6990000000000001 0.4422735347222222 0.7015 0.45026643055555554 0.69925 0.45337477777777774 0.69975 0.4555950277777778 0.6990000000000001 0.4595914745370371 0.7005 0.4706927175925926 0.701 0.47779751388888886 0.69825 0.48623445833333334 0.6990000000000001 0.4875666064814815 0.7002499999999999 0.4977797523148148 0.70075 0.5799289513888889 0.69925 0.5848135 0.7005 0.6496447592592594 0.6990000000000001 0.6838365902777779 0.69975 0.6936056828703704 0.69875 0.8188277083333333 0.6975 0.8419182939814815 0.6957500000000001 0.8912078148148148 0.6960000000000001 0.9214031967592592 0.69525 0.9289520416666667 0.69425 0.9351687384259258 0.6925 0.9387211365740741 0.68975 0.9427175833333332 0.6894999999999999 0.9449378333333334 0.6545000000000001 0.9227353472222222 0.63125 0.9262877453703703 0.6265000000000001 0.9285079930555555 0.619 0.9302841921296297 0.6 0.9293960925925927 0.58375 0.9280639421296297 0.582 0.9293960925925927 0.5765 0.9280639421296297 0.57475 0.9298401412037037 0.57125 0.9293960925925927 0.5605 0.9320603912037037 0.54775 0.9325044398148149 0.51475 0.9307282407407407 0.509125 0.9329484907407407 0.4935 0.9333925393518518 0.459 0.9320603912037037 0.453 0.9338365902777779 0.44275 0.9333925393518518 0.39625 0.9356127893518519 0.37875000000000003 0.9329484907407407 0.37050000000000005 0.9356127893518519 0.361 0.9373889884259259 0.2755 0.9347246898148148 0.268 0.9302841921296297 0.26175 0.9253996458333333 0.257 0.9103019537037037 0.248 0.8965364120370369 0.2435 0.8774422731481482 0.24125 0.8210479583333333 0.2405 0.8134991111111112 0.242 0.8077264652777778 0.2405 0.6398756666666666 0.2395 0.626998224537037 0.23975000000000002 0.6123445833333334 0.241 0.6096802847222222 0.242 0.5985790416666666 0.24025 0.5044404976851852 0.23975000000000002 0.48978685648148146 0.241 0.46314387268518514 0.24075000000000002 0.44671403240740737 0.2395 0.43960923611111113 0.241 0.4320603912037037 0.23975000000000002 0.42095914814814817 0.2395 0.416518650462963 0.2405 0.39209591435185187 0.24075000000000002 0.3903197152777778 0.23975000000000002 0.37921847222222227 0.23900000000000002 0.3730017754629629 0.2405 0.36634103009259256 0.24075000000000002 0.36323268287037036 0.2395 0.3596802847222222 0.24000000000000002 0.35257548842592595 0.2385 0.3432504444444444 0.24000000000000002 0.2131438726851852 0.23775 0.208703375 0.23925 0.206483125 0.23825000000000002 0.17140319675925927 0.2385 0.15630550694444445 0.24025 0.13987566666666668 0.24075000000000002 0.12699822453703705 0.24425000000000002 0.123889875 0.248 0.11500888194444443 0.251 0.10612788657407408 0.257 0.10035524074074074 0.2655 0.09813499074074075 0.27575 0.09724689120370371 0.28375 0.11767317824074074 0.6905 0.126110125 0.707 0.14387211342592593 0.70825
12 0.9507104791666667 0.6454650000000001 0.10547069212962963 0.6454650000000001 0.10547069212962963 0.7000500000000001 0.9507104791666667 0.7000500000000001 0.9507104791666667 0.6454650000000001
13 0.4222912962962963 0.32025000000000003 0.42761989351851853 0.322 0.4365008888888889 0.3225 0.44271758333333333 0.32175000000000004 0.45115453009259254 0.3185 0.456483125 0.31349999999999995 0.45737122453703705 0.3035 0.4560390763888889 0.30025 0.4498223796296297 0.295 0.44271758333333333 0.293 0.4262877453703704 0.293 0.4187388981481482 0.29550000000000004 0.4129662523148148 0.3 0.4107460046296296 0.30375 0.4116341041666666 0.31024999999999997 0.4151865 0.31575 0.4222912962962963 0.32025000000000003
13 0.6025754884259259 0.32 0.6092362337962962 0.322 0.6163410300925926 0.32225 0.623001775462963 0.3215 0.6305506226851852 0.31875 0.6358792175925926 0.31425 0.6380994675925926 0.30674999999999997 0.6363232685185186 0.30025 0.6296625231481481 0.29475 0.6234458263888889 0.29275 0.6052397870370371 0.29275 0.6021314398148149 0.2935 0.5932504444444445 0.3 0.5910301944444444 0.30324999999999996 0.5919182939814815 0.31075 0.5950266435185185 0.31575 0.6025754884259259 0.32
13 0.7015985787037037 0.37225 0.7140319722222223 0.3715 0.7242451157407408 0.36675 0.7277975138888889 0.36275 0.728685613425926 0.3575 0.7264653634259259 0.35225 0.7082593240740741 0.34425 0.6958259328703704 0.34474999999999995 0.689609236111111 0.34725 0.6856127893518519 0.34950000000000003 0.6816163402777777 0.35500000000000004 0.6811722916666667 0.3605 0.6838365902777779 0.36574999999999996 0.6931616342592593 0.37124999999999997 0.7015985787037037 0.37225
13 0.5217584375 0.37274999999999997 0.5337477800925926 0.372 0.5404085254629629 0.37050000000000005 0.5479573703703703 0.36475 0.5497335694444444 0.35925 0.5466252222222222 0.35150000000000003 0.542628775462963 0.34875 0.5293072824074074 0.34525 0.5155417407407408 0.34600000000000003 0.5075488449074074 0.34975 0.5031083472222222 0.3555 0.5031083472222222 0.36175 0.5062166967592593 0.36675 0.5115452939814815 0.37050000000000005 0.5217584375 0.37274999999999997
13 0.34103019444444443 0.37375 0.3592362337962963 0.37074999999999997 0.3636767314814815 0.3685 0.36767317824074075 0.364 0.3690053287037037 0.359 0.3658969814814815 0.35125 0.3481349907407407 0.34474999999999995 0.3348135 0.34525 0.32548845370370366 0.3505 0.3210479583333334 0.35650000000000004 0.3210479583333334 0.36125 0.32460035416666666 0.36675 0.33081705092592595 0.371 0.34103019444444443 0.37375
13 0.2624333935185185 0.42525 0.26953818749999997 0.423 0.27575488425925926 0.41875 0.2788632337962963 0.4125 0.2784191828703704 0.4075 0.27264653703703706 0.40049999999999997 0.26820603935185183 0.39849999999999997 0.2619893425925926 0.39725 0.2482238009259259 0.39675 0.2397868564814815 0.39875 0.23223801157407406 0.40425 0.2309058611111111 0.4125 0.23312611111111112 0.41825 0.24689165277777778 0.42525 0.2624333935185185 0.42525
13 0.4289520416666666 0.42375 0.43516873842592596 0.4245 0.4422735347222222 0.42375 0.45293072916666666 0.42025 0.4582593240740741 0.4165 0.4591474236111111 0.40700000000000003 0.45781527546296297 0.40399999999999997 0.45515097685185185 0.40125 0.44893428009259256 0.39849999999999997 0.4356127893518518 0.39625 0.42850799305555554 0.39725 0.41785079861111113 0.40249999999999997 0.41563055092592593 0.40525000000000005 0.41429840046296296 0.41225 0.416518650462963 0.41675 0.41918294907407405 0.4195 0.4289520416666666 0.42375
13 0.6092362337962962 0.42425 0.6150088819444444 0.42425 0.6238898749999999 0.42324999999999996 0.6318827708333333 0.42075 0.6372113680555556 0.41375 0.6376554166666666 0.40775 0.6332149189814814 0.401 0.6296625231481481 0.39899999999999997 0.623001775462963 0.39699999999999996 0.6127886319444444 0.39575 0.6056838356481481 0.3965 0.5985790416666666 0.39975 0.5936944930555555 0.40475 0.5928063935185185 0.4095 0.5954706921296297 0.41774999999999995 0.6021314398148149 0.42250000000000004 0.6092362337962962 0.42425
13 0.7797513310185186 0.42100000000000004 0.7890763773148147 0.42274999999999996 0.7966252222222222 0.42274999999999996 0.810390763888889 0.4185 0.8139431620370371 0.41475 0.8157193611111111 0.40850000000000003 0.8143872106481481 0.40475 0.8095026643518518 0.3995 0.8001776203703704 0.396 0.7864120787037037 0.39525 0.7810834814814815 0.3965 0.772646537037037 0.40075 0.7695381875 0.40475 0.7686500879629631 0.40925 0.7717584375000001 0.416 0.774422736111111 0.41900000000000004 0.7797513310185186 0.42100000000000004
13 0.6989342800925926 0.47324999999999995 0.7060390763888889 0.47324999999999995 0.7149200717592592 0.4715 0.7242451157407408 0.46649999999999997 0.7264653634259259 0.46125 0.725577263888889 0.455 0.7220248657407408 0.45125 0.7131438726851852 0.4475 0.6922735347222222 0.4475 0.6842806388888889 0.45125 0.6802841921296297 0.45675 0.6798401412037037 0.46 0.6833925393518518 0.467 0.6891651875 0.47100000000000003 0.6989342800925926 0.47324999999999995
13 0.5284191828703704 0.474 0.539520425925926 0.472 0.5466252222222222 0.46799999999999997 0.5501776203703703 0.4635 0.5492895208333333 0.45725000000000005 0.5466252222222222 0.453 0.5404085254629629 0.44975 0.5337477800925926 0.448 0.5288632337962963 0.44775 0.5150976898148149 0.4495 0.5093250439814815 0.452 0.5053285972222222 0.45625 0.5057726458333334 0.46675 0.5093250439814815 0.47 0.5190941388888889 0.47324999999999995 0.5284191828703704 0.474
13 0.33792184722222224 0.47425 0.34147424537037036 0.47525 0.35257548842592595 0.47575 0.3592362337962963 0.47475 0.36944937731481486 0.46974999999999995 0.3721136759259259 0.466 0.37255772685185184 0.45975 0.36989342824074073 0.45475 0.3627886319444445 0.44975 0.3516873888888889 0.44825000000000004 0.34058614583333335 0.4485 0.3312611018518518 0.4515 0.32593250462962964 0.4565 0.3250444050925926 0.46075000000000005 0.3277087037037037 0.46825 0.3312611018518518 0.47125 0.33792184722222224 0.47425
13 0.2597690949074074 0.52625 0.2717584375 0.524 0.28019538194444443 0.52075 0.2837477800925926 0.516 0.28285968055555555 0.5095000000000001 0.28019538194444443 0.50475 0.27220248611111114 0.501 0.2664298402777778 0.5 0.25799289583333335 0.4995 0.24600355324074072 0.50075 0.2402309050925926 0.50325 0.2353463587962963 0.50875 0.2349023101851852 0.5155 0.24111900462962962 0.5225 0.24600355324074072 0.52475 0.2597690949074074 0.52625
13 0.4391651875 0.52425 0.4462699814814815 0.52275 0.4538188287037037 0.52025 0.4595914745370371 0.516 0.4591474236111111 0.50525 0.44937833101851854 0.49924999999999997 0.4431616342592593 0.49900000000000005 0.4391651875 0.49774999999999997 0.4316163402777778 0.498 0.42406749537037036 0.50025 0.41740675 0.506 0.41740675 0.51575 0.42317939583333336 0.52075 0.42850799305555554 0.523 0.4391651875 0.52425
13 0.6079040856481482 0.52275 0.6247779745370371 0.52225 0.6296625231481481 0.52125 0.6336589699074074 0.519 0.6380994675925926 0.5125000000000001 0.6380994675925926 0.50825 0.6341030185185185 0.5027499999999999 0.6265541736111111 0.498 0.6207815277777777 0.49725 0.6114564837962964 0.49675 0.6056838356481481 0.498 0.5972468912037037 0.50225 0.5928063935185185 0.50825 0.5919182939814815 0.51225 0.5941385439814815 0.51625 0.6025754884259259 0.52125 0.6079040856481482 0.52275
13 0.7815275300925926 0.521 0.7966252222222222 0.522 0.8059502662037038 0.51925 0.812166962962963 0.5145000000000001 0.8139431620370371 0.5105 0.8134991111111112 0.50525 0.809946712962963 0.50025 0.8028419189814815 0.497 0.7904085254629629 0.495 0.7779751342592592 0.49624999999999997 0.7722024861111111 0.4995 0.7682060393518518 0.505 0.7677619884259259 0.509 0.771314386574074 0.5175 0.7730905856481483 0.519 0.7815275300925926 0.521
13 0.6980461805555556 0.5720000000000001 0.7069271759259259 0.5720000000000001 0.7135879212962963 0.57075 0.7193605694444444 0.5685 0.725577263888889 0.564 0.727353462962963 0.55875 0.725577263888889 0.5529999999999999 0.7220248657407408 0.5495 0.7135879212962963 0.5457500000000001 0.6922735347222222 0.5457500000000001 0.6847246898148148 0.54925 0.6816163402777777 0.5527500000000001 0.6789520416666667 0.5569999999999999 0.6807282407407407 0.5619999999999999 0.687833037037037 0.5680000000000001 0.6980461805555556 0.5720000000000001
13 0.5364120787037037 0.5725 0.5461811712962963 0.569 0.5497335694444444 0.566 0.5515097685185185 0.56175 0.5497335694444444 0.55375 0.5430728240740741 0.54875 0.5350799282407407 0.5465 0.5253108356481482 0.546 0.5155417407407408 0.54825 0.5075488449074074 0.55225 0.5053285972222222 0.55575 0.5048845462962963 0.56175 0.5079928958333334 0.56725 0.5182060393518518 0.5720000000000001 0.5364120787037037 0.5725
13 0.3419182939814815 0.57475 0.35301953703703703 0.5755 0.3610124328703704 0.574 0.37033747685185187 0.569 0.3743339259259259 0.56425 0.37477797453703704 0.5599999999999999 0.37078152777777773 0.55375 0.3614564837962963 0.54875 0.3485790416666667 0.54825 0.3392539953703704 0.5499999999999999 0.3330373009259259 0.5529999999999999 0.3294849027777778 0.55675 0.3277087037037037 0.5619999999999999 0.32992895138888884 0.56725 0.3348135 0.57175 0.3419182939814815 0.57475
13 0.4271758425925926 0.62125 0.4391651875 0.6237499999999999 0.4431616342592593 0.6234999999999999 0.4591474236111111 0.6185 0.46447602083333334 0.61375 0.46492007175925926 0.6090000000000001 0.46314387268518514 0.6052500000000001 0.46092362268518516 0.6022500000000001 0.45293072916666666 0.598 0.44182948379629633 0.597 0.42850799305555554 0.598 0.42317939583333336 0.60025 0.42007104861111116 0.604 0.41740675 0.6090000000000001 0.41785079861111113 0.6125 0.42184724768518517 0.61775 0.4271758425925926 0.62125
13 0.6265541736111111 0.62025 0.6363232685185186 0.61575 0.6385435162037036 0.61325 0.6398756666666666 0.6092500000000001 0.6385435162037036 0.60375 0.6323268217592592 0.598 0.6261101250000001 0.5954999999999999 0.6127886319444444 0.5950000000000001 0.604795736111111 0.59625 0.5968028425925925 0.6005 0.5936944930555555 0.606 0.5950266435185185 0.61325 0.603019537037037 0.619 0.6087921851851852 0.62075 0.6265541736111111 0.62025