5 0.5069444444444444 0.3472222222222222 0.5092592592592593 0.34953703703703703 0.5254629629629629 0.34953703703703703 0.5532407407407407 0.3611111111111111 0.5648148148148148 0.375 0.5648148148148148 0.37962962962962965 0.5671296296296297 0.3819444444444444 0.5671296296296297 0.39814814814814814 0.5694444444444444 0.40046296296296297 0.5787037037037037 0.40046296296296297 0.5810185185185185 0.4027777777777778 0.5833333333333334 0.40046296296296297 0.6134259259259259 0.40046296296296297 0.6157407407407407 0.4027777777777778 0.6226851851851852 0.4027777777777778 0.625 0.4050925925925926 0.6365740740740741 0.4074074074074074 0.6504629629629629 0.41435185185185186 0.6620370370370371 0.42824074074074076 0.6620370370370371 0.4375 0.6643518518518519 0.4398148148148148 0.6643518518518519 0.44907407407407407 0.6620370370370371 0.4537037037037037 0.6643518518518519 0.45601851851851855 0.6666666666666666 0.4537037037037037 0.6990740740740741 0.4537037037037037 0.7013888888888888 0.45601851851851855 0.7199074074074074 0.45601851851851855 0.7222222222222222 0.4583333333333333 0.7337962962962963 0.46064814814814814 0.7430555555555556 0.4652777777777778 0.7569444444444444 0.4791666666666667 0.7592592592592593 0.48842592592592593 0.7245370370370371 0.48842592592592593 0.7175925925925926 0.4837962962962963 0.7175925925925926 0.4791666666666667 0.7129629629629629 0.47453703703703703 0.6666666666666666 0.47453703703703703 0.6643518518518519 0.47685185185185186 0.6620370370370371 0.48842592592592593 0.6273148148148148 0.48842592592592593 0.625 0.4861111111111111 0.6273148148148148 0.4791666666666667 0.6226851851851852 0.47453703703703703 0.5925925925925926 0.47453703703703703 0.5902777777777778 0.4722222222222222 0.5740740740740741 0.4722222222222222 0.5532407407407407 0.46296296296296297 0.5486111111111112 0.46296296296296297 0.5370370370370371 0.4513888888888889 0.5324074074074074 0.4398148148148148 0.5324074074074074 0.42592592592592593 0.5277777777777778 0.4212962962962963 0.5231481481481481 0.4212962962962963 0.5208333333333334 0.4236111111111111 0.5162037037037037 0.4236111111111111 0.5138888888888888 0.4212962962962963 0.5069444444444444 0.4212962962962963 0.5046296296296297 0.4236111111111111 0.5023148148148148 0.4212962962962963 0.4791666666666667 0.4212962962962963 0.45601851851851855 0.41203703703703703 0.44212962962962965 0.40046296296296297 0.4375 0.3912037037037037 0.4375 0.3773148148148148 0.4398148148148148 0.3726851851851852 0.4513888888888889 0.3611111111111111 0.4699074074074074 0.35185185185185186 0.5046296296296297 0.3472222222222222
11 0.06971580787037036 0.3625 0.0701598587962963 0.37 0.06882770833333333 0.377 0.07859680324074075 0.5305 0.08126110185185186 0.6 0.08525754861111111 0.606875 0.08303730092592593 0.6155 0.08570159953703704 0.6565 0.08836589583333333 0.6649999999999999 0.08658969907407409 0.66825 0.08836589583333333 0.67575 0.09147424537037037 0.67675 0.09369449305555556 0.682 0.09325044444444444 0.6875 0.08703374768518518 0.6962499999999999 0.08170515046296296 0.7100000000000001 0.0821492013888889 0.726 0.08303730092592593 0.73775 0.08614564814814815 0.743 0.09058614583333334 0.7465 0.09547069212962962 0.7484999999999999 0.10301953703703705 0.7484999999999999 0.5537300185185186 0.7454999999999999 0.5568383657407407 0.742 0.564831261574074 0.73875 0.5679396087962962 0.7402500000000001 0.5701598587962963 0.7445 0.5781527523148148 0.74375 0.580817050925926 0.745 0.6150088819444444 0.7445 0.6190053287037037 0.7435 0.623001775462963 0.745 0.6514209583333334 0.74475 0.6540852569444445 0.74325 0.6611900532407406 0.74225 0.668294849537037 0.7445 0.6851687384259258 0.74375 0.7695381875 0.7442500000000001 0.789520425925926 0.74375 0.7997335694444444 0.7414999999999999 0.8077264652777778 0.74225 0.8148312615740742 0.7410000000000001 0.8174955601851851 0.742 0.8277087037037036 0.742 0.8348135 0.74375 0.9413854351851852 0.743 0.9484902314814815 0.73875 0.9529307291666667 0.7417499999999999 0.957371224537037 0.74075 0.9613676736111111 0.7375 0.9631438726851852 0.73075 0.9622557731481481 0.7272500000000001 0.9644760208333333 0.72475 0.9635879212962963 0.7214999999999999 0.9609236226851853 0.72175 0.9587033749999999 0.719 0.9591474236111112 0.7027500000000001 0.9609236226851853 0.69925 0.9587033749999999 0.69375 0.9547069282407408 0.69275 0.9524866782407407 0.6902499999999999 0.9529307291666667 0.68525 0.9391651875 0.6725 0.9436056828703704 0.66725 0.9458259328703704 0.645 0.9427175833333332 0.5337500000000001 0.9440497337962962 0.51375 0.9422735347222222 0.47650000000000003 0.9436056828703704 0.45925 0.9413854351851852 0.43625 0.9431616342592593 0.41825 0.940053287037037 0.411 0.939609236111111 0.4035 0.9413854351851852 0.326 0.940053287037037 0.289 0.9320603912037037 0.27575 0.9258436944444445 0.27075 0.914298400462963 0.26425000000000004 0.9107460046296296 0.2625 0.8943161643518519 0.2585 0.8805506226851852 0.25725000000000003 0.8481349907407407 0.257 0.8396980462962963 0.25775 0.809946712962963 0.257 0.7868561273148148 0.2585 0.7619893425925925 0.25825 0.7477797523148149 0.26025 0.7411190046296297 0.2595 0.7304618125 0.26025 0.7269094143518517 0.25925 0.7229129652777778 0.26025 0.7095914745370371 0.26025 0.7069271759259259 0.2615 0.6989342800925926 0.2605 0.6820603912037037 0.26075000000000004 0.6780639421296297 0.26175 0.6545293078703703 0.26075000000000004 0.5981349907407407 0.261 0.42140319675925925 0.26275 0.376110125 0.26425000000000004 0.3734458263888889 0.2635 0.35124334027777776 0.2635 0.24067495601851852 0.2645 0.19316163425925925 0.26675 0.1678507986111111 0.2665 0.12433392592592592 0.268 0.11278863194444444 0.26925 0.10213143981481482 0.27175 0.08658969907407409 0.27849999999999997 0.0754884537037037 0.2865 0.06571936111111111 0.30025 0.06483126157407407 0.322 0.06749556018518518 0.34225 0.06749556018518518 0.35725 0.06971580787037036 0.3625
12 0.9595470694444445 0.691415 0.1046980462962963 0.691415 0.1046980462962963 0.737565 0.9595470694444445 0.737565 0.9595470694444445 0.691415
13 0.40719360648148145 0.34800000000000003 0.4138543518518518 0.347 0.42184724768518517 0.34425 0.4280639421296296 0.33999999999999997 0.4293960925925926 0.3305 0.4262877453703704 0.3245 0.42184724768518517 0.32125 0.41119005324074076 0.318 0.4027531087962963 0.3175 0.3907637662037037 0.32049999999999995 0.3841030185185185 0.3245 0.38143872222222225 0.32925 0.38143872222222225 0.33525 0.38676731712962964 0.34299999999999997 0.39742451157407405 0.34675 0.40719360648148145 0.34800000000000003
13 0.5879218472222222 0.34450000000000003 0.606127886574074 0.34375 0.6132326828703704 0.3405 0.6181172291666667 0.335 0.6190053287037037 0.32925 0.6163410300925926 0.322 0.6110124328703704 0.3175 0.6056838356481481 0.3155 0.5941385439814815 0.314 0.5812611018518519 0.3165 0.5737122546296296 0.32125 0.5701598587962963 0.327 0.5697158078703703 0.33425 0.5728241574074074 0.33875 0.5803730023148148 0.34299999999999997 0.5879218472222222 0.34450000000000003
13 0.6789520416666667 0.3965 0.6918294837962963 0.3975 0.6984902314814815 0.39699999999999996 0.7091474236111112 0.393 0.7144760208333333 0.38725 0.7153641203703704 0.38 0.7100355231481481 0.3725 0.6958259328703704 0.36675 0.688277087962963 0.3665 0.6771758425925926 0.36924999999999997 0.6696269976851852 0.3735 0.6660745995370371 0.37925000000000003 0.6656305509259259 0.38375 0.6691829490740742 0.3905 0.6740674953703704 0.3945 0.6789520416666667 0.3965
13 0.4955595023148148 0.3995 0.5093250439814815 0.3995 0.5155417407407408 0.39849999999999997 0.5222024861111111 0.39549999999999996 0.5275310833333333 0.3875 0.5275310833333333 0.38325 0.5213143865740741 0.37599999999999995 0.5155417407407408 0.37274999999999997 0.5062166967592593 0.37124999999999997 0.4973357013888889 0.3715 0.4875666064814815 0.37375 0.4822380115740741 0.3765 0.4764653634259259 0.38375 0.4751332152777778 0.387 0.479573712962963 0.394 0.4880106574074074 0.39775 0.4955595023148148 0.3995
13 0.3134991111111111 0.40125 0.3277087037037037 0.4 0.3348135 0.39675 0.33880994675925924 0.39025 0.3383658958333334 0.38475 0.3352575486111111 0.38 0.3210479583333334 0.37375 0.31394316203703704 0.37274999999999997 0.3068383657407407 0.3735 0.29973356944444446 0.37575000000000003 0.2930728240740741 0.38025 0.2908525763888889 0.38525 0.290408525462963 0.3905 0.29262877546296295 0.394 0.30106571990740744 0.4 0.3134991111111111 0.40125
13 0.7908525763888888 0.4485 0.7997335694444444 0.44725 0.8081705162037037 0.4425 0.8112788634259259 0.43875 0.812166962962963 0.435 0.8095026643518518 0.42775 0.8046181180555556 0.4235 0.7970692708333333 0.42 0.7828596805555555 0.42 0.7722024861111111 0.42175 0.7637655416666667 0.427 0.7611012430555555 0.43075 0.7624333935185185 0.43925 0.770870337962963 0.44575 0.7793072824074074 0.44825000000000004 0.7908525763888888 0.4485
13 0.5874777986111112 0.4515 0.6025754884259259 0.452 0.6087921851851852 0.451 0.6119005324074074 0.45025000000000004 0.6216696273148149 0.444 0.6234458263888889 0.438 0.6212255763888889 0.432 0.6172291296296296 0.428 0.6070159861111111 0.42375 0.5950266435185185 0.42274999999999996 0.5865896990740741 0.424 0.5772646527777778 0.428 0.5728241574074074 0.432 0.5710479583333333 0.43475 0.5723801064814814 0.4425 0.580817050925926 0.44925 0.5874777986111112 0.4515
13 0.42095914814814817 0.4535 0.42761989351851853 0.451 0.4342806388888889 0.446 0.4356127893518518 0.439 0.43383659027777777 0.4345 0.42539964583333334 0.42775 0.416074599537037 0.42525 0.40719360648148145 0.4255 0.39653641203703704 0.428 0.3903197152777778 0.431 0.3872113680555555 0.43575 0.3885435162037037 0.446 0.39387211342592593 0.451 0.4000888101851852 0.4535 0.42095914814814817 0.4535
13 0.2162522199074074 0.45675 0.2384547060185185 0.45449999999999996 0.24555950231481483 0.45075 0.24866785185185183 0.4465 0.24511545370370372 0.4355 0.2402309050925926 0.4315 0.2309058611111111 0.42775 0.22158081712962965 0.42725 0.21003552314814816 0.42950000000000005 0.20248667824074074 0.43374999999999997 0.1989342800925926 0.43849999999999995 0.1989342800925926 0.44549999999999995 0.20248667824074074 0.45 0.2069271759259259 0.4535 0.2162522199074074 0.45675
13 0.31039076388888887 0.5065 0.3250444050925926 0.508 0.3348135 0.50575 0.33969804629629635 0.5025000000000001 0.34280639351851855 0.49774999999999997 0.34369449305555555 0.491 0.33969804629629635 0.48500000000000004 0.3352575486111111 0.482 0.3210479583333334 0.47875 0.309946712962963 0.47975 0.29973356944444446 0.484 0.2961811712962963 0.48850000000000005 0.2957371226851852 0.49574999999999997 0.29840142129629627 0.5005000000000001 0.30195381944444444 0.5035 0.31039076388888887 0.5065
13 0.5048845462962963 0.50525 0.5195381875 0.5027499999999999 0.5244227361111111 0.4995 0.5297513310185186 0.4915 0.5279751342592592 0.48475 0.5244227361111111 0.48075 0.5190941388888889 0.47800000000000004 0.5142095925925926 0.477 0.501776199074074 0.47674999999999995 0.49467140277777777 0.47775 0.48623445833333334 0.48150000000000004 0.48179396064814817 0.4875 0.48179396064814817 0.4945 0.48623445833333334 0.49924999999999997 0.4915630555555556 0.5027499999999999 0.5048845462962963 0.50525
13 0.688277087962963 0.5027499999999999 0.6998223796296296 0.5027499999999999 0.706483125 0.50075 0.7135879212962963 0.49624999999999997 0.7171403194444445 0.49125 0.7162522199074074 0.48500000000000004 0.7118117222222222 0.47975 0.7060390763888889 0.47650000000000003 0.6962699814814814 0.47475 0.6820603912037037 0.4755 0.6758436944444445 0.47725 0.6705150972222222 0.48125 0.666962699074074 0.489 0.66740675 0.49274999999999997 0.6736234467592593 0.4985 0.6789520416666667 0.50125 0.688277087962963 0.5027499999999999
13 0.7850799282407408 0.554 0.7970692708333333 0.55375 0.8055062175925926 0.55125 0.812166962962963 0.547 0.8143872106481481 0.54325 0.8148312615740742 0.53775 0.810390763888889 0.531 0.793516875 0.5257499999999999 0.7859680277777777 0.5257499999999999 0.7748667847222223 0.52825 0.7682060393518518 0.532 0.7642095925925927 0.537 0.7637655416666667 0.5437500000000001 0.7677619884259259 0.54825 0.7739786851851852 0.5515 0.7850799282407408 0.554
13 0.5950266435185185 0.55525 0.6025754884259259 0.55575 0.6136767314814814 0.55375 0.6198934282407408 0.55075 0.6234458263888889 0.546 0.6238898749999999 0.5405 0.6198934282407408 0.5337500000000001 0.6158969814814815 0.5307499999999999 0.6056838356481481 0.5275 0.5985790416666666 0.5275 0.583037300925926 0.5317500000000001 0.5777087037037036 0.535 0.5750444050925926 0.53925 0.5746003541666667 0.54325 0.5781527523148148 0.549 0.581705150462963 0.55125 0.5950266435185185 0.55525
13 0.40719360648148145 0.558 0.4227353472222222 0.55825 0.43738898842592594 0.55075 0.43960923611111113 0.54675 0.4387211365740741 0.53975 0.4356127893518518 0.53575 0.4311722916666667 0.5335 0.4205150972222222 0.53125 0.4076376550925926 0.531 0.3978685601851852 0.5335 0.39387211342592593 0.536 0.3912078148148148 0.53975 0.3907637662037037 0.544 0.39342806481481485 0.5505 0.3978685601851852 0.554 0.40719360648148145 0.558
13 0.22335701620370368 0.56075 0.23357015972222223 0.56075 0.24378330324074074 0.559 0.2535523981481482 0.55075 0.2544404976851852 0.54275 0.2526642986111111 0.54025 0.24911190046296297 0.5365 0.2397868564814815 0.5325 0.22380106481481482 0.5317500000000001 0.21669627083333334 0.533 0.208703375 0.53725 0.20470692824074074 0.543 0.20470692824074074 0.55025 0.20825932407407408 0.5545 0.2135879212962963 0.55825 0.22335701620370368 0.56075
13 0.3174955601851852 0.611 0.3250444050925926 0.61125 0.3312611018518518 0.61025 0.3441385439814815 0.60425 0.3472468912037037 0.601 0.3472468912037037 0.59225 0.34280639351851855 0.588 0.33259325 0.58375 0.32326820601851847 0.583 0.3143872106481482 0.5840000000000001 0.3055062175925926 0.588 0.3015097685185185 0.592 0.29973356944444446 0.5957499999999999 0.30106571990740744 0.6022500000000001 0.3037300185185185 0.60575 0.3174955601851852 0.611
13 0.5106571944444445 0.6085 0.5222024861111111 0.60675 0.5297513310185186 0.60375 0.5337477800925926 0.5985 0.5333037291666667 0.59175 0.5306394305555555 0.5875 0.5222024861111111 0.5825 0.5150976898148149 0.5805 0.5013321481481482 0.581 0.49422735416666663 0.583 0.4853463587962963 0.5910000000000001 0.4857904074074074 0.59875 0.49111900462962965 0.604 0.4977797523148148 0.60725 0.5106571944444445 0.6085
13 0.7007104791666667 0.60775 0.7100355231481481 0.6064999999999999 0.7171403194444445 0.6024999999999999 0.7202486689814814 0.59875 0.7206927175925926 0.59175 0.7184724699074074 0.58725 0.7149200717592592 0.5835 0.706483125 0.5792499999999999 0.6922735347222222 0.5785 0.6825044398148149 0.58075 0.6749555949074074 0.583 0.6709591481481482 0.589 0.6705150972222222 0.59725 0.6740674953703704 0.6024999999999999 0.6891651875 0.60725 0.7007104791666667 0.60775
13 0.5945825925925926 0.6595 0.6110124328703704 0.65975 0.6190053287037037 0.6579999999999999 0.6278863240740741 0.65125 0.6287744236111111 0.64425 0.6247779745370371 0.639 0.6194493773148148 0.6355 0.6110124328703704 0.63275 0.5985790416666666 0.63275 0.5892539953703704 0.635 0.5843694490740741 0.638 0.5803730023148148 0.64325 0.5799289513888889 0.6479999999999999 0.58259325 0.652 0.5865896990740741 0.6565 0.5945825925925926 0.6595
13 0.41119005324074076 0.661 0.41918294907407405 0.66125 0.42850799305555554 0.65975 0.43738898842592594 0.656 0.4409413865740741 0.6517499999999999 0.44049733564814814 0.6435000000000001 0.43694493749999996 0.63925 0.4311722916666667 0.63625 0.416518650462963 0.6345 0.4049733564814815 0.6355 0.39875665972222224 0.639 0.39520426388888885 0.6447499999999999 0.39564831250000004 0.65075 0.39920071064814816 0.6555 0.4049733564814815 0.6589999999999999 0.41119005324074076 0.661