8 0.5069444444444444 0.4652777777777778 0.5486111111111112 0.4652777777777778 0.5509259259259259 0.4675925925925926 0.5509259259259259 0.47685185185185186 0.5486111111111112 0.48148148148148145 0.5532407407407407 0.4861111111111111 0.5578703703703703 0.4837962962962963 0.5625 0.4861111111111111 0.5902777777777778 0.4861111111111111 0.5925925925925926 0.4837962962962963 0.5995370370370371 0.4837962962962963 0.6087962962962963 0.47453703703703703 0.6087962962962963 0.4722222222222222 0.6180555555555556 0.4675925925925926 0.6597222222222222 0.4675925925925926 0.6597222222222222 0.4722222222222222 0.6550925925925926 0.48148148148148145 0.6458333333333334 0.49074074074074076 0.6296296296296297 0.5 0.625 0.5 0.6157407407407407 0.5046296296296297 0.6087962962962963 0.5046296296296297 0.6064814814814815 0.5069444444444444 0.5486111111111112 0.5069444444444444 0.5462962962962963 0.5092592592592593 0.5462962962962963 0.5231481481481481 0.5439814814814815 0.5254629629629629 0.5416666666666666 0.5393518518518519 0.5300925925925926 0.5509259259259259 0.5115740740740741 0.5601851851851852 0.4976851851851852 0.5625 0.49537037037037035 0.5648148148148148 0.4791666666666667 0.5648148148148148 0.47685185185185186 0.5671296296296297 0.43287037037037035 0.5648148148148148 0.42824074074074076 0.5740740740740741 0.42824074074074076 0.5833333333333334 0.38657407407407407 0.5833333333333334 0.38657407407407407 0.5671296296296297 0.38425925925925924 0.5648148148148148 0.36342592592592593 0.5648148148148148 0.3611111111111111 0.5625 0.3449074074074074 0.5625 0.3425925925925926 0.5648148148148148 0.33101851851851855 0.5671296296296297 0.32407407407407407 0.5717592592592593 0.3194444444444444 0.5810185185185185 0.3148148148148148 0.5810185185185185 0.3125 0.5833333333333334 0.2777777777777778 0.5833333333333334 0.27314814814814814 0.5787037037037037 0.27546296296296297 0.5763888888888888 0.27546296296296297 0.5717592592592593 0.2916666666666667 0.5555555555555556 0.3101851851851852 0.5462962962962963 0.31712962962962965 0.5462962962962963 0.3287037037037037 0.5416666666666666 0.3425925925925926 0.5416666666666666 0.3449074074074074 0.5393518518518519 0.3773148148148148 0.5393518518518519 0.37962962962962965 0.5416666666666666 0.38657407407407407 0.5416666666666666 0.3912037037037037 0.5370370370370371 0.3912037037037037 0.5208333333333334 0.39351851851851855 0.5185185185185185 0.39351851851851855 0.5115740740740741 0.40046296296296297 0.5023148148148148 0.41898148148148145 0.49074074074074076 0.4236111111111111 0.49074074074074076 0.4305555555555556 0.4861111111111111 0.4537037037037037 0.4837962962962963 0.45601851851851855 0.48148148148148145 0.4861111111111111 0.48148148148148145 0.48842592592592593 0.4837962962962963 0.5023148148148148 0.4837962962962963 0.5046296296296297 0.48148148148148145 0.5046296296296297 0.4722222222222222 0.5069444444444444 0.4675925925925926
11 0.009769094907407407 0.276 0.014209592592592591 0.2795 0.014653641203703703 0.29 0.01554174074074074 0.29125 0.017317939814814814 0.29 0.022646537037037034 0.29325 0.019982238425925926 0.29974999999999996 0.02220248611111111 0.309375 0.02220248611111111 0.32925 0.020870337962962962 0.33999999999999997 0.01820603935185185 0.34175 0.020426287037037038 0.34325 0.020870337962962962 0.3465 0.0195381875 0.34925 0.015097689814814816 0.35075 0.013321493055555555 0.362 0.004440497685185185 0.3625 0.00888099537037037 0.364 0.010657194444444443 0.36625 0.010657194444444443 0.37050000000000005 0.020870337962962962 0.37949999999999995 0.01820603935185185 0.3835 0.020426287037037038 0.38625000000000004 0.019982238425925926 0.389 0.017317939814814814 0.39149999999999996 0.013765541666666667 0.39199999999999996 0.011989342592592591 0.39725 0.014209592592592591 0.39849999999999997 0.01554174074074074 0.40375 0.014653641203703703 0.41550000000000004 0.017761988425925926 0.41675 0.020426287037037038 0.42124999999999996 0.01820603935185185 0.42474999999999996 0.019982238425925926 0.442875 0.015097689814814816 0.44875000000000004 0.015097689814814816 0.451 0.01687388888888889 0.452 0.012877442129629631 0.45775 0.00888099537037037 0.46 0.009769094907407407 0.46725 0.011545293981481483 0.46849999999999997 0.00666074537037037 0.7 0.010213143518518519 0.7025 0.008436944444444445 0.7060000000000001 0.0062166967592592595 0.7065 0.013321493055555555 0.70775 0.014653641203703703 0.71175 0.014209592592592591 0.7172499999999999 0.016429840277777778 0.72425 0.011545293981481483 0.731 0.01554174074074074 0.7354999999999999 0.017761988425925926 0.7342500000000001 0.019982238425925926 0.7347499999999999 0.02531083564814815 0.7417499999999999 0.023534636574074078 0.74225 0.023090585648148147 0.74775 0.020426287037037038 0.7515000000000001 0.0195381875 0.76225 0.0217584375 0.77175 0.020870337962962962 0.776 0.02797513425925926 0.79175 0.024866784722222226 0.79325 0.0266429837962963 0.7972499999999999 0.01687388888888889 0.80025 0.011989342592592591 0.79925 0.012877442129629631 0.8039999999999999 0.00888099537037037 0.807 0.004884546296296296 0.8067500000000001 0.007992895833333333 0.8115 0.015097689814814816 0.81275 0.025754884259259262 0.8119999999999999 0.03152753009259259 0.80925 0.03907637731481481 0.80775 0.0532859675925926 0.8025 0.05683836574074074 0.803 0.06660746064814814 0.80725 0.07149200694444445 0.8075 0.07460035416666667 0.80875 0.07815275231481482 0.8085 0.08126110185185186 0.8097500000000001 0.08436944907407408 0.80875 0.10213143981481482 0.8107500000000001 0.10834813425925925 0.80875 0.11589698148148148 0.81 0.12166962731481482 0.8085 0.13676731712962964 0.80925 0.13987566666666668 0.8065 0.14387211342592593 0.8079999999999999 0.14742451157407407 0.80575 0.15408525694444444 0.80625 0.15763765509259262 0.8079999999999999 0.16119005324074073 0.8067500000000001 0.1647424513888889 0.8085 0.17140319675925927 0.809 0.1993783310185185 0.80925 0.20293072916666668 0.807 0.21269982175925928 0.809 0.21714031944444445 0.8079999999999999 0.2202486689814815 0.80875 0.23179396064814814 0.8075 0.24111900462962962 0.8095 0.2442273541666667 0.80775 0.2482238009259259 0.80825 0.24911190046296297 0.80725 0.2646536412037037 0.807 0.2677619884259259 0.8079999999999999 0.28197158101851855 0.809 0.291296625 0.8085 0.29662522222222226 0.80925 0.30062166898148146 0.80725 0.3112788634259259 0.80875 0.3210479583333334 0.80725 0.3241563055555556 0.80825 0.35035524074074076 0.8095 0.3610124328703704 0.809 0.36545293055555556 0.81 0.5439609236111111 0.8095 0.5639431620370371 0.8105000000000001 0.5807060393518518 0.80925 0.5888099467592592 0.8105000000000001 0.5928063935185185 0.8097500000000001 0.8428063935185185 0.80875 0.8663410300925926 0.807 0.8801065717592592 0.8039999999999999 0.8827708703703704 0.802 0.896980462962963 0.79775 0.8996447592592594 0.79525 0.9045293078703703 0.79325 0.9129662523148149 0.786 0.9214031967592592 0.7737499999999999 0.9253996458333333 0.7557499999999999 0.9262877453703703 0.7414999999999999 0.9285079930555555 0.66725 0.9320603912037037 0.63175 0.9298401412037037 0.624 0.9325044398148149 0.6167499999999999 0.9302841921296297 0.61 0.9320603912037037 0.60725 0.9320603912037037 0.6 0.9293960925925927 0.5945 0.9320603912037037 0.5935 0.9329484907407407 0.58975 0.9280639421296297 0.57525 0.9293960925925927 0.5725 0.9280639421296297 0.56725 0.9329484907407407 0.56125 0.9342806388888889 0.5475 0.9342806388888889 0.5325 0.9298401412037037 0.52725 0.9311722916666667 0.51925 0.9333925393518518 0.519 0.9329484907407407 0.51525 0.9356127893518519 0.514 0.938277087962963 0.50525 0.9369449375000001 0.50325 0.9365008888888888 0.4785 0.937833037037037 0.47725 0.9373889884259259 0.46900000000000003 0.939609236111111 0.464 0.9391651875 0.42375 0.9404973356481482 0.42175 0.9373889884259259 0.41750000000000004 0.938277087962963 0.41125 0.940941386574074 0.40850000000000003 0.9413854351851852 0.39349999999999996 0.938277087962963 0.391 0.937833037037037 0.38487499999999997 0.9413854351851852 0.38 0.9436056828703704 0.35225 0.9427175833333332 0.3005 0.9458259328703704 0.2935 0.9436056828703704 0.29 0.9444937824074074 0.28600000000000003 0.9427175833333332 0.27925 0.9351687384259258 0.26875 0.9347246898148148 0.2655 0.9285079930555555 0.2595 0.9178507986111112 0.257 0.9138543518518518 0.251 0.9031971574074075 0.24975 0.9009769097222221 0.24825 0.8898756666666666 0.24975 0.8867673171296296 0.24425000000000002 0.8303730023148148 0.2435 0.8223801064814815 0.2445 0.8157193611111111 0.2435 0.8037300185185186 0.24425000000000002 0.7988454699074075 0.2455 0.793516875 0.244 0.7722024861111111 0.24325 0.7579928958333333 0.24575 0.7446714027777778 0.24250000000000002 0.7309058611111111 0.2445 0.7264653634259259 0.24325 0.7126998217592593 0.245 0.7029307291666667 0.24225 0.6936056828703704 0.24375 0.6758436944444445 0.242 0.6607460046296296 0.243 0.6509769097222221 0.242 0.643872113425926 0.23825000000000002 0.6372113680555556 0.24125 0.6301065717592592 0.2375 0.41563055092592593 0.23424999999999999 0.4147424513888889 0.2335 0.4076376550925926 0.23399999999999999 0.4067495555555556 0.235 0.38188277083333333 0.235 0.37966252314814813 0.23375 0.3778863240740741 0.23525 0.3730017754629629 0.23399999999999999 0.3605683842592593 0.235 0.3592362337962963 0.23324999999999999 0.27264653703703706 0.23424999999999999 0.26865008796296297 0.23324999999999999 0.2646536412037037 0.23424999999999999 0.2446714027777778 0.23424999999999999 0.23801065740740743 0.232 0.16607459953703702 0.23074999999999998 0.15097690972222222 0.23074999999999998 0.14698046296296297 0.232 0.14387211342592593 0.23049999999999998 0.13410301851851852 0.23025 0.12744227314814816 0.22874999999999998 0.11944937731481481 0.22925 0.11412078240740742 0.23175 0.10968028472222223 0.231 0.04662522222222222 0.23074999999999998 0.03596802777777778 0.22825 0.029307282407407407 0.22899999999999998 0.027531083333333334 0.23125 0.028863233796296295 0.23525 0.03507992824074074 0.242 0.039520425925925924 0.2435 0.03907637731481481 0.24625 0.022646537037037034 0.25125000000000003 0.017761988425925926 0.25075 0.013321493055555555 0.253 0.009325043981481483 0.258 0.014653641203703703 0.265 0.013765541666666667 0.26925 0.00888099537037037 0.2715 0.009769094907407407 0.276
12 0 0.81732125 0.07589698148148148 0.81732125 0.07589698148148148 0.22158375 0 0.22158375 0 0.81732125
13 0.35568383564814815 0.35125 0.36944937731481486 0.3525 0.376110125 0.35075 0.38454706944444444 0.34675 0.3912078148148148 0.33949999999999997 0.3907637662037037 0.33125 0.3849911180555555 0.32325000000000004 0.3765541736111111 0.31825000000000003 0.36989342824074073 0.31699999999999995 0.35568383564814815 0.31725 0.3432504444444444 0.32075 0.33792184722222224 0.32425 0.3330373009259259 0.33125 0.3330373009259259 0.33875 0.3370337476851852 0.34349999999999997 0.3450266435185185 0.34875 0.35568383564814815 0.35125
13 0.5741563055555555 0.35524999999999995 0.58259325 0.356 0.6003552407407406 0.354 0.6056838356481481 0.352 0.6127886319444444 0.3455 0.6136767314814814 0.337 0.6110124328703704 0.33099999999999996 0.6056838356481481 0.32575 0.5990230902777779 0.323 0.5839254004629629 0.3215 0.5697158078703703 0.32399999999999995 0.5630550625 0.32675000000000004 0.5572824166666667 0.334 0.5563943171296296 0.33925000000000005 0.5603907638888889 0.3485 0.564831261574074 0.35225 0.5741563055555555 0.35524999999999995
13 0.6887211365740741 0.41925 0.7002664305555556 0.41925 0.7060390763888889 0.41774999999999995 0.7144760208333333 0.41325 0.7193605694444444 0.408 0.7202486689814814 0.4 0.7166962708333334 0.394 0.710479574074074 0.38925000000000004 0.7029307291666667 0.3875 0.6887211365740741 0.38649999999999995 0.6753996458333333 0.38975000000000004 0.6700710486111111 0.393 0.6656305509259259 0.39849999999999997 0.6651865 0.405 0.6705150972222222 0.41275 0.6749555949074074 0.41575 0.6887211365740741 0.41925
13 0.4591474236111111 0.415 0.47690941435185186 0.41725 0.4831261111111111 0.4165 0.49111900462962965 0.41375 0.499111900462963 0.40775 0.5008880995370371 0.40225 0.5 0.39625 0.49333925462962963 0.389 0.4857904074074074 0.38525 0.47424511574074074 0.38325 0.4626998217592593 0.38375 0.45248667824074074 0.3875 0.44538188194444445 0.39575 0.4444937824074074 0.40375 0.44671403240740737 0.4075 0.45248667824074074 0.4125 0.4591474236111111 0.415
13 0.23401421064814815 0.41175 0.2584369444444445 0.41275 0.2713143865740741 0.40825 0.2753108356481481 0.40425 0.2775310833333333 0.39475000000000005 0.27353463657407406 0.3885 0.2677619884259259 0.38375 0.2548845462962963 0.37975 0.2375666064814815 0.37975 0.23134991203703703 0.3815 0.22335701620370368 0.38649999999999995 0.21936056944444446 0.391 0.21802841898148148 0.39575 0.2206927175925926 0.40399999999999997 0.22513321527777777 0.40775 0.23401421064814815 0.41175
13 0.12300177546296297 0.47475 0.13499111805555555 0.47525 0.14387211342592593 0.47425 0.15541740740740742 0.46849999999999997 0.1598579050925926 0.4635 0.16074600462962962 0.45575 0.15674955555555556 0.4495 0.14653641203703704 0.4445 0.13454706944444444 0.4415 0.1265541736111111 0.44125000000000003 0.11056838425925927 0.446 0.10523978703703704 0.44975 0.1016873888888889 0.45575 0.10124334027777777 0.46025 0.10612788657407408 0.46775000000000005 0.11678508101851852 0.47324999999999995 0.12300177546296297 0.47475
13 0.3490230902777778 0.4775 0.36545293055555556 0.47800000000000004 0.376110125 0.4755 0.3809946712962963 0.47324999999999995 0.3872113680555555 0.46625 0.38765541666666664 0.46025 0.38321491898148147 0.45249999999999996 0.37833037268518516 0.44899999999999995 0.3658969814814815 0.44575 0.35479573611111115 0.445 0.3441385439814815 0.44675000000000004 0.3352575486111111 0.45075 0.33081705092592595 0.4565 0.33170515046296295 0.467 0.3383658958333334 0.474 0.3419182939814815 0.47600000000000003 0.3490230902777778 0.4775
13 0.5674955601851852 0.48024999999999995 0.5741563055555555 0.48150000000000004 0.5861456481481482 0.48150000000000004 0.5950266435185185 0.479 0.6025754884259259 0.47425 0.6092362337962962 0.467 0.6096802847222222 0.4635 0.6056838356481481 0.45599999999999996 0.5976909421296297 0.45025000000000004 0.5888099467592592 0.44825000000000004 0.5741563055555555 0.44825000000000004 0.5639431620370371 0.4495 0.5590586134259259 0.45275 0.5528419189814815 0.46 0.5519538194444444 0.46375 0.5537300185185186 0.46900000000000003 0.5595026643518518 0.4755 0.5674955601851852 0.48024999999999995
13 0.7997335694444444 0.48300000000000004 0.8108348125 0.48225 0.8201598587962963 0.47875 0.8259325046296296 0.474 0.8290408518518518 0.46799999999999997 0.8285968032407408 0.46099999999999997 0.8223801064814815 0.45449999999999996 0.8143872106481481 0.451 0.8059502662037038 0.44899999999999995 0.792628775462963 0.44925 0.7859680277777777 0.4505 0.7784191828703704 0.4535 0.7730905856481483 0.45825 0.7704262870370371 0.4635 0.7699822384259258 0.46675 0.7730905856481483 0.4755 0.7819715810185185 0.47925 0.7997335694444444 0.48300000000000004
13 0.6785079930555555 0.542 0.688277087962963 0.54275 0.7002664305555556 0.54125 0.7091474236111112 0.53725 0.7149200717592592 0.53125 0.7153641203703704 0.52525 0.7109236226851853 0.51775 0.7029307291666667 0.513 0.6993783310185185 0.51275 0.6958259328703704 0.511 0.6820603912037037 0.5105 0.6749555949074074 0.5115 0.6660745995370371 0.516 0.6598579050925926 0.52275 0.6594138541666666 0.52925 0.6611900532407406 0.53275 0.6656305509259259 0.5365 0.6785079930555555 0.542
13 0.45426287731481485 0.5407500000000001 0.4720248657407407 0.5409999999999999 0.48179396064814817 0.5395 0.49467140277777777 0.533 0.49955595138888886 0.5255 0.5 0.5187499999999999 0.49600355324074075 0.5135 0.4844582592592592 0.5085 0.4675843703703703 0.506 0.4582593240740741 0.507 0.4444937824074074 0.511 0.4409413865740741 0.5135 0.43694493749999996 0.51925 0.4356127893518518 0.5225 0.43694493749999996 0.531 0.4444937824074074 0.53775 0.45426287731481485 0.5407500000000001
13 0.23889875694444443 0.5387500000000001 0.2548845462962963 0.5385 0.26110124305555554 0.537 0.27087033796296295 0.5307499999999999 0.27353463657407406 0.52625 0.27397868518518514 0.519 0.270426287037037 0.5135 0.2650976898148148 0.5097499999999999 0.25177619907407406 0.50625 0.23889875694444443 0.5065 0.22735346296296297 0.509 0.21936056944444446 0.514 0.2158081712962963 0.519 0.21536412037037037 0.5257499999999999 0.2184724699074074 0.531 0.22690941435185186 0.5365 0.23889875694444443 0.5387500000000001
13 0.1265541736111111 0.6022500000000001 0.1332149189814815 0.6020000000000001 0.14476021296296296 0.59975 0.15541740740740742 0.59175 0.1580817060185185 0.5875 0.15674955555555556 0.58025 0.14964475925925924 0.5735 0.14342806481481482 0.57025 0.13365896990740742 0.5685 0.126110125 0.56825 0.1092362337962963 0.5720000000000001 0.1016873888888889 0.576 0.09813499074074075 0.581 0.09724689120370371 0.58525 0.1043516875 0.59625 0.1092362337962963 0.59925 0.1265541736111111 0.6022500000000001
13 0.3383658958333334 0.59925 0.35346358796296296 0.60175 0.3614564837962963 0.6015 0.36944937731481486 0.60025 0.38010657175925927 0.594 0.3841030185185185 0.58775 0.38365896990740744 0.58175 0.3765541736111111 0.5745 0.3690053287037037 0.5705 0.35834813425925927 0.56975 0.3419182939814815 0.5705 0.3383658958333334 0.57125 0.33081705092592595 0.57675 0.32682060416666664 0.5812499999999999 0.3272646527777778 0.588 0.3312611018518518 0.5942500000000001 0.3383658958333334 0.59925
13 0.5741563055555555 0.6034999999999999 0.5843694490740741 0.6027499999999999 0.5941385439814815 0.59925 0.6021314398148149 0.5935 0.6039076365740741 0.589 0.6025754884259259 0.582 0.5981349907407407 0.57725 0.5888099467592592 0.5725 0.5643872106481482 0.5725 0.5528419189814815 0.5775 0.5492895208333333 0.58275 0.5501776203703703 0.5932499999999999 0.5537300185185186 0.59725 0.5639431620370371 0.6015 0.5741563055555555 0.6034999999999999
13 0.7833037291666666 0.60425 0.792184724537037 0.6055 0.8068383657407407 0.6045 0.8143872106481481 0.6012500000000001 0.8219360578703703 0.5952500000000001 0.8237122546296297 0.5885 0.8210479583333333 0.58175 0.8139431620370371 0.57625 0.8081705162037037 0.5735 0.8028419189814815 0.5725 0.7961811712962963 0.5720000000000001 0.7873001782407407 0.573 0.7730905856481483 0.57625 0.7673179398148149 0.58525 0.7668738888888889 0.58875 0.7699822384259258 0.599 0.772646537037037 0.6015 0.7833037291666666 0.60425
13 0.6891651875 0.66575 0.7002664305555556 0.66275 0.707815275462963 0.6577500000000001 0.7109236226851853 0.6515 0.7091474236111112 0.64375 0.7029307291666667 0.63825 0.6927175833333332 0.6335000000000001 0.6780639421296297 0.633 0.6718472476851851 0.6337499999999999 0.6620781527777778 0.639 0.6567495555555555 0.64675 0.6563055069444445 0.6549999999999999 0.6585257546296297 0.6589999999999999 0.6753996458333333 0.6659999999999999 0.6891651875 0.66575
13 0.45337477777777774 0.66325 0.46802841898148145 0.664 0.477353462962963 0.6625 0.4840142106481482 0.66025 0.49200710416666665 0.6542500000000001 0.49200710416666665 0.64625 0.4884547060185185 0.64 0.4826820601851852 0.63625 0.4729129652777778 0.6337499999999999 0.456483125 0.6339999999999999 0.4462699814814815 0.6365000000000001 0.4409413865740741 0.63975 0.43738898842592594 0.645 0.43694493749999996 0.6542500000000001 0.43827708796296294 0.6565 0.44271758333333333 0.66 0.45337477777777774 0.66325
13 0.2309058611111111 0.6647500000000001 0.24555950231481483 0.6655 0.25666074537037037 0.6635 0.2646536412037037 0.6585 0.2690941388888889 0.6515 0.26865008796296297 0.64 0.2597690949074074 0.63525 0.24511545370370372 0.632 0.23179396064814814 0.63225 0.22202486574074076 0.6345 0.21669627083333334 0.6377499999999999 0.21269982175925928 0.645 0.21269982175925928 0.6545000000000001 0.2158081712962963 0.6585 0.21980461805555557 0.6615 0.2309058611111111 0.6647500000000001
13 0.3481349907407407 0.7277499999999999 0.3614564837962963 0.7272500000000001 0.36722912962962967 0.7255 0.37255772685185184 0.7225 0.37921847222222227 0.714 0.37833037268518516 0.7065 0.3721136759259259 0.6985 0.36545293055555556 0.6957500000000001 0.35568383564814815 0.6945 0.3419182939814815 0.6945 0.33259325 0.69825 0.32682060416666664 0.7027500000000001 0.3228241574074074 0.7090000000000001 0.32326820601851847 0.7170000000000001 0.32682060416666664 0.72125 0.33436944907407407 0.72525 0.3481349907407407 0.7277499999999999
13 0.5634991111111111 0.7272500000000001 0.5785968032407408 0.7272500000000001 0.5843694490740741 0.726 0.5919182939814815 0.72275 0.5981349907407407 0.7167500000000001 0.5999111898148148 0.711 0.5990230902777779 0.707 0.5919182939814815 0.69875 0.5883658958333333 0.697 0.5781527523148148 0.69525 0.5692717592592592 0.6950000000000001 0.5537300185185186 0.6972499999999999 0.5466252222222222 0.7030000000000001 0.5448490231481481 0.70625 0.5444049722222223 0.7135 0.5466252222222222 0.719 0.5537300185185186 0.7244999999999999 0.5634991111111111 0.7272500000000001