10 0.6310435162037037 0.58857625 0.6305284189814815 0.58857625 0.6305284189814815 0.58865875 0.6310435162037037 0.58865875 0.6310435162037037 0.58857625
7 0.6226851851851852 0.4837962962962963 0.625 0.4861111111111111 0.625 0.49537037037037035 0.6296296296296297 0.5 0.6643518518518519 0.4976851851851852 0.6689814814814815 0.49537037037037035 0.6782407407407407 0.4837962962962963 0.7060185185185185 0.4837962962962963 0.7083333333333334 0.4861111111111111 0.7083333333333334 0.49074074074074076 0.7037037037037037 0.5 0.6828703703703703 0.5138888888888888 0.6736111111111112 0.5138888888888888 0.6712962962962963 0.5162037037037037 0.6273148148148148 0.5162037037037037 0.625 0.5185185185185185 0.625 0.5416666666666666 0.6296296296296297 0.5462962962962963 0.6504629629629629 0.5462962962962963 0.6527777777777778 0.5509259259259259 0.6527777777777778 0.5648148148148148 0.6481481481481481 0.5671296296296297 0.6435185185185185 0.5648148148148148 0.6296296296296297 0.5648148148148148 0.6273148148148148 0.5671296296296297 0.625 0.5717592592592593 0.6273148148148148 0.5856481481481481 0.6412037037037037 0.5949074074074074 0.6504629629629629 0.5949074074074074 0.6550925925925926 0.5972222222222222 0.6574074074074074 0.6018518518518519 0.6574074074074074 0.6134259259259259 0.6550925925925926 0.6157407407407407 0.6412037037037037 0.6157407407407407 0.6087962962962963 0.6041666666666666 0.6018518518518519 0.5995370370370371 0.5949074074074074 0.5902777777777778 0.5949074074074074 0.5856481481481481 0.5925925925925926 0.5833333333333334 0.5925925925925926 0.5671296296296297 0.5902777777777778 0.5648148148148148 0.5671296296296297 0.5648148148148148 0.5671296296296297 0.5462962962962963 0.5902777777777778 0.5462962962962963 0.5925925925925926 0.5439814814814815 0.5925925925925926 0.5208333333333334 0.5879629629629629 0.5162037037037037 0.5833333333333334 0.5185185185185185 0.5694444444444444 0.5185185185185185 0.5671296296296297 0.5162037037037037 0.5671296296296297 0.5 0.5694444444444444 0.4976851851851852 0.5902777777777778 0.4976851851851852 0.5925925925925926 0.49537037037037035 0.5925925925925926 0.4861111111111111 0.5949074074074074 0.4837962962962963 0.6203703703703703 0.4837962962962963
11 0.13188277083333333 0.6012500000000001 0.13232682175925928 0.61875 0.1287744236111111 0.62275 0.13010657175925924 0.6275 0.13499111805555555 0.62925 0.13454706944444444 0.63525 0.1332149189814815 0.63675 0.1305506226851852 0.637 0.13188277083333333 0.6385 0.13143872222222222 0.64375 0.13365896990740742 0.6445 0.13987566666666668 0.642 0.14964475925925924 0.6409999999999999 0.16829484953703702 0.6407499999999999 0.18561278935185185 0.643 0.20071047916666665 0.65075 0.21225577314814817 0.66325 0.2144760208333333 0.671 0.21492007175925926 0.68775 0.2109236226851852 0.70875 0.21669627083333334 0.71175 0.22380106481481482 0.7104999999999999 0.2304618125 0.7115 0.23445825925925926 0.71775 0.2664298402777778 0.7182499999999999 0.28285968055555555 0.7202500000000001 0.2930728240740741 0.7202500000000001 0.29973356944444446 0.718 0.3179396087962963 0.7182499999999999 0.3241563055555556 0.71625 0.3348135 0.7174999999999999 0.3463587916666666 0.7172499999999999 0.3539076365740741 0.7160000000000001 0.3627886319444445 0.7170000000000001 0.36678508101851853 0.71575 0.37166962731481484 0.7160000000000001 0.3756660740740741 0.71325 0.38676731712962964 0.71325 0.3903197152777778 0.7170000000000001 0.39387211342592593 0.715 0.4067495555555556 0.71575 0.4147424513888889 0.7172499999999999 0.45204262962962966 0.71625 0.4591474236111111 0.7182499999999999 0.479573712962963 0.718 0.49067495601851846 0.7192500000000001 0.8108348125 0.7192500000000001 0.8134991111111112 0.7185 0.8454706921296297 0.7185 0.8490230902777779 0.7192500000000001 0.8543516875 0.7185 0.8667850810185186 0.7204999999999999 0.8694493773148148 0.7192500000000001 0.873001775462963 0.7202500000000001 0.876998224537037 0.7172499999999999 0.8867673171296296 0.72125 0.9009769097222221 0.72175 0.9085257546296297 0.71625 0.918294849537037 0.7170000000000001 0.9329484907407407 0.71375 0.9360568379629629 0.714 0.9444937824074074 0.71075 0.9462699814814814 0.7112499999999999 0.9507104791666667 0.70675 0.9515985787037037 0.7034999999999999 0.957815275462963 0.6995 0.9631438726851852 0.6995 0.9635879212962963 0.69875 0.9658081712962963 0.6892499999999999 0.9684724699074074 0.6862499999999999 0.9675843703703704 0.68125 0.9693605694444444 0.6795 0.9693605694444444 0.675 0.9666962708333334 0.6685 0.9684724699074074 0.66425 0.940053287037037 0.477 0.9365008888888888 0.46449999999999997 0.9320603912037037 0.4245 0.9209591481481482 0.36175 0.9187388981481481 0.35625 0.918294849537037 0.337 0.9116341041666667 0.31075 0.9076376550925926 0.30375 0.8987566597222222 0.296 0.893872113425926 0.29325 0.8894316157407408 0.29325 0.8849911180555556 0.28975 0.8761101250000001 0.289 0.873001775462963 0.28625 0.8490230902777779 0.28400000000000003 0.8468028425925925 0.28475 0.8308170509259258 0.28475 0.8268206041666667 0.28600000000000003 0.8254884537037037 0.28500000000000003 0.8210479583333333 0.28475 0.8139431620370371 0.28675 0.810390763888889 0.28625 0.8086145648148148 0.2895 0.8019538194444444 0.29025 0.7979573703703703 0.28850000000000003 0.7970692708333333 0.28575 0.7753108356481482 0.28575 0.7739786851851852 0.287 0.770870337962963 0.287 0.7690941388888889 0.2855 0.7664298402777777 0.28675 0.7624333935185185 0.2855 0.748223800925926 0.28600000000000003 0.7455595023148148 0.2895 0.7362344583333333 0.29225 0.7326820601851851 0.29125 0.7317939606481482 0.28875 0.729129662037037 0.28850000000000003 0.727353462962963 0.28575 0.7251332152777777 0.28625 0.7251332152777777 0.28750000000000003 0.707371224537037 0.28725 0.706483125 0.28600000000000003 0.7047069282407408 0.28725 0.7007104791666667 0.28725 0.6993783310185185 0.28600000000000003 0.6927175833333332 0.28625 0.6913854351851852 0.28875 0.688277087962963 0.289 0.6860568379629629 0.2905 0.6807282407407407 0.29 0.6785079930555555 0.28600000000000003 0.6771758425925926 0.28725 0.6736234467592593 0.28725 0.6718472476851851 0.28575 0.6647424513888889 0.28575 0.6616341041666667 0.287 0.6585257546296297 0.28575 0.6425399652777778 0.28625 0.6403197152777778 0.28725 0.6367673171296296 0.2855 0.6336589699074074 0.2865 0.6305506226851852 0.28575 0.5670515092592593 0.28625 0.5626110115740741 0.28825 0.5603907638888889 0.287 0.5561722916666667 0.28850000000000003 0.5461811712962963 0.288 0.5386323263888889 0.29025 0.5364120787037037 0.28875 0.5297513310185186 0.2895 0.5261989351851851 0.28850000000000003 0.520870337962963 0.28850000000000003 0.5137655416666667 0.29025 0.5093250439814815 0.289 0.5048845462962963 0.29 0.4968916527777778 0.29 0.4951154537037037 0.289 0.4893428055555556 0.28875 0.4715808171296296 0.28975 0.4613676736111111 0.289 0.44937833101851854 0.28975 0.44582593287037037 0.29125 0.43960923611111113 0.2895 0.41785079861111113 0.2895 0.41740675 0.291 0.4000888101851852 0.2905 0.39209591435185187 0.28925 0.3863232685185185 0.2905 0.36234458333333336 0.289 0.3601243333333333 0.29 0.3521314398148148 0.28975 0.3481349907407407 0.29200000000000004 0.3454706921296296 0.2895 0.32238010648148147 0.289 0.30728241666666667 0.29125 0.3037300185185185 0.2895 0.29840142129629627 0.2895 0.2930728240740741 0.29125 0.2895204259259259 0.291 0.2824156296296296 0.29275 0.2446714027777778 0.28425 0.2446714027777778 0.28275 0.24156305555555554 0.28175 0.21802841898148148 0.28075 0.2131438726851852 0.27975 0.19227353472222222 0.28150000000000003 0.18072824074074076 0.2855 0.17850799305555556 0.28525 0.17362344675925925 0.29625 0.17451154629629628 0.30075 0.17140319675925927 0.3195 0.1727353472222222 0.32975 0.16829484953703702 0.33599999999999997 0.16829484953703702 0.3425 0.1647424513888889 0.35500000000000004 0.1656305509259259 0.35725 0.1332149189814815 0.588 0.13543516898148147 0.5912499999999999 0.13410301851851852 0.5954999999999999 0.13587921759259258 0.5982500000000001 0.13188277083333333 0.6012500000000001
12 0.2641207824074074 0.26448375 0.12000888194444445 0.26448375 0.12000888194444445 0.74084125 0.2641207824074074 0.74084125 0.2641207824074074 0.26448375
13 0.477353462962963 0.3675 0.48046181250000003 0.3675 0.49200710416666665 0.366 0.49822380092592594 0.363 0.5022202476851851 0.35625 0.5026642986111112 0.35174999999999995 0.49955595138888886 0.34575 0.4951154537037037 0.34349999999999997 0.4840142106481482 0.34225 0.4746891643518519 0.34299999999999997 0.4658081712962963 0.34525 0.46092362268518516 0.34925 0.4604795740740741 0.35625 0.46314387268518514 0.3615 0.46714031944444445 0.3645 0.477353462962963 0.3675
13 0.6292184722222223 0.3625 0.6336589699074074 0.36574999999999996 0.643872113425926 0.36574999999999996 0.6527531087962963 0.3645 0.6580817060185185 0.36350000000000005 0.6620781527777778 0.361 0.6656305509259259 0.35675 0.66740675 0.35125 0.6656305509259259 0.3455 0.6603019537037037 0.3425 0.6518650092592593 0.34075 0.6403197152777778 0.3405 0.6332149189814814 0.342 0.6265541736111111 0.3455 0.6234458263888889 0.349 0.624333925925926 0.35524999999999995 0.6283303726851851 0.35925 0.6292184722222223 0.3625
13 0.7304618125 0.40775 0.7420071041666667 0.40599999999999997 0.7477797523148149 0.40249999999999997 0.751776199074074 0.39775 0.7522202476851851 0.39149999999999996 0.7491119004629629 0.387 0.7424511550925926 0.3835 0.7375666064814815 0.38275000000000003 0.7300177615740742 0.38225000000000003 0.7198046180555556 0.3835 0.7118117222222222 0.38725 0.7087033749999999 0.39175 0.7087033749999999 0.398 0.7135879212962963 0.40525000000000005 0.7180284189814815 0.4075 0.7304618125 0.40775
13 0.5617229120370371 0.41025 0.5692717592592592 0.4095 0.5781527523148148 0.40675 0.583481349537037 0.40075 0.5848135 0.39375 0.583037300925926 0.38999999999999996 0.5785968032407408 0.38625000000000004 0.5683836597222223 0.38425000000000004 0.5603907638888889 0.38425000000000004 0.5497335694444444 0.38649999999999995 0.5452930717592592 0.389 0.5417406759259259 0.39499999999999996 0.541296625 0.3975 0.5466252222222222 0.40599999999999997 0.5528419189814815 0.40925 0.5617229120370371 0.41025
13 0.3841030185185185 0.408 0.39342806481481485 0.41074999999999995 0.4014209583333333 0.41050000000000003 0.41030195370370365 0.40825 0.416074599537037 0.40525000000000005 0.4196269976851852 0.40075 0.42007104861111116 0.39499999999999996 0.416074599537037 0.38975000000000004 0.41119005324074076 0.38675 0.4023090578703704 0.38525 0.3898756666666667 0.386 0.38587921759259264 0.387 0.3787744236111111 0.39149999999999996 0.3769982245370371 0.394 0.37744227314814816 0.40125 0.37966252314814813 0.40549999999999997 0.3841030185185185 0.408
13 0.3206039074074074 0.45275 0.3272646527777778 0.451 0.33214920138888887 0.44775 0.3348135 0.44275 0.333481349537037 0.4355 0.3277087037037037 0.432 0.31616340972222223 0.42974999999999997 0.30728241666666667 0.43 0.29973356944444446 0.432 0.29484902314814815 0.43524999999999997 0.29218472453703703 0.44 0.29218472453703703 0.44575 0.2957371226851852 0.45025000000000004 0.3050621666666667 0.45325 0.3206039074074074 0.45275
13 0.47690941435185186 0.45475 0.4880106574074074 0.45375000000000004 0.4951154537037037 0.451 0.499111900462963 0.448 0.501776199074074 0.443 0.5 0.43524999999999997 0.49467140277777777 0.43174999999999997 0.4835701597222222 0.42875 0.4751332152777778 0.429 0.4666962708333333 0.431 0.46092362268518516 0.4345 0.4582593240740741 0.43849999999999995 0.45781527546296297 0.44375 0.4613676736111111 0.44925 0.4698046180555555 0.453 0.47690941435185186 0.45475
13 0.6403197152777778 0.45249999999999996 0.6545293078703703 0.45249999999999996 0.6611900532407406 0.45075 0.6656305509259259 0.448 0.6691829490740742 0.4425 0.6691829490740742 0.4355 0.6611900532407406 0.42950000000000005 0.6540852569444445 0.428 0.6403197152777778 0.4285 0.6296625231481481 0.43275 0.626998224537037 0.43674999999999997 0.6265541736111111 0.443 0.6283303726851851 0.4465 0.6363232685185186 0.4515 0.6403197152777778 0.45249999999999996
13 0.8210479583333333 0.452 0.8312611018518519 0.4505 0.8392539953703704 0.447 0.8423623449074074 0.44275 0.8428063935185185 0.437 0.8401420949074074 0.432 0.8343694490740741 0.42775 0.8285968032407408 0.42624999999999996 0.8170515092592593 0.42575 0.8059502662037038 0.42775 0.7992895208333333 0.43125 0.7961811712962963 0.4355 0.7979573703703703 0.44549999999999995 0.8028419189814815 0.4495 0.810390763888889 0.4515 0.8210479583333333 0.452
13 0.727353462962963 0.497 0.7428952037037037 0.4975 0.75 0.49624999999999997 0.7579928958333333 0.49074999999999996 0.7597690949074075 0.4855 0.7584369444444445 0.481 0.7553285972222222 0.47725 0.7486678518518518 0.47375 0.7380106574074075 0.47300000000000003 0.7264653634259259 0.47375 0.7180284189814815 0.47800000000000004 0.7149200717592592 0.48175 0.7144760208333333 0.48625 0.7171403194444445 0.49224999999999997 0.7198046180555556 0.4945 0.727353462962963 0.497
13 0.5639431620370371 0.49825 0.5781527523148148 0.49475 0.5812611018518519 0.49274999999999997 0.5865896990740741 0.4855 0.5852575486111111 0.48075 0.5794849027777778 0.47650000000000003 0.5652753101851852 0.47375 0.5501776203703703 0.47600000000000003 0.5457371226851851 0.47875 0.542184724537037 0.48374999999999996 0.542184724537037 0.48874999999999996 0.5492895208333333 0.49550000000000005 0.5537300185185186 0.49725 0.5639431620370371 0.49825
13 0.3978685601851852 0.4995 0.4080817060185185 0.49725 0.4138543518518518 0.4935 0.4169626990740741 0.48874999999999996 0.41740675 0.48425 0.4151865 0.4805 0.40896980555555557 0.47625 0.39920071064814816 0.474 0.3898756666666667 0.47450000000000003 0.38055062268518514 0.477 0.37477797453703704 0.4805 0.3721136759259259 0.484 0.37166962731481484 0.48874999999999996 0.3743339259259259 0.49325 0.38321491898148147 0.4995 0.3978685601851852 0.4995
13 0.29484902314814815 0.54625 0.3077264652777778 0.547 0.3183836597222222 0.54475 0.3250444050925926 0.5407500000000001 0.32815275231481483 0.53325 0.32682060416666664 0.528 0.32238010648148147 0.5235 0.31394316203703704 0.5205 0.3059502662037037 0.52 0.293516875 0.5225 0.2846358796296296 0.52975 0.2837477800925926 0.53625 0.28552397916666666 0.54025 0.2886323263888889 0.544 0.29484902314814815 0.54625
13 0.4786856134259259 0.546 0.4915630555555556 0.5445 0.49600355324074075 0.54175 0.5004440486111111 0.5365 0.5013321481481482 0.53275 0.49866785185185186 0.52625 0.49333925462962963 0.5225 0.4871225578703704 0.52075 0.4733570162037037 0.52 0.4666962708333333 0.52125 0.4595914745370371 0.52525 0.456483125 0.5295 0.456483125 0.5365 0.46314387268518514 0.544 0.46802841898148145 0.5457500000000001 0.4786856134259259 0.546
13 0.6647424513888889 0.544 0.6700710486111111 0.54125 0.6740674953703704 0.53575 0.6745115462962963 0.53025 0.6718472476851851 0.52475 0.6660745995370371 0.5217499999999999 0.6554174074074074 0.52075 0.6416518657407407 0.52125 0.6376554166666666 0.52225 0.6327708703703704 0.526 0.6323268217592592 0.535 0.6367673171296296 0.543 0.6576376550925926 0.545 0.6647424513888889 0.544
13 0.8179396087962963 0.544 0.8277087037037036 0.545 0.8388099467592594 0.54475 0.8441385439814815 0.5435 0.8525754884259259 0.53775 0.8539076365740741 0.5315 0.8512433402777778 0.526 0.8468028425925925 0.52225 0.8379218472222222 0.5195 0.83259325 0.5187499999999999 0.8210479583333333 0.51925 0.8108348125 0.5225 0.8063943171296296 0.52625 0.8050621666666666 0.5295 0.8063943171296296 0.53475 0.8130550624999999 0.5415 0.8179396087962963 0.544
13 0.7406749560185185 0.5945 0.749555951388889 0.59475 0.7593250439814815 0.59275 0.7655417407407407 0.589 0.7682060393518518 0.585 0.7686500879629631 0.58 0.7664298402777777 0.5745 0.7611012430555555 0.57125 0.7513321481481482 0.5685 0.7384547060185185 0.56825 0.729129662037037 0.5705 0.7246891643518518 0.57325 0.7211367662037037 0.57775 0.7206927175925926 0.5835 0.7238010648148148 0.5885 0.7309058611111111 0.59275 0.7406749560185185 0.5945
13 0.5603907638888889 0.5945 0.5732682060185185 0.5945 0.580817050925926 0.5925 0.5843694490740741 0.59025 0.5870337476851852 0.585 0.5874777986111112 0.578 0.583481349537037 0.57375 0.5754884537037037 0.5695 0.5666074606481482 0.5685 0.5568383657407407 0.5695 0.5475133217592593 0.573 0.5439609236111111 0.57775 0.5430728240740741 0.585 0.5457371226851851 0.58875 0.5528419189814815 0.59275 0.5603907638888889 0.5945
13 0.38188277083333333 0.59625 0.4031971574074074 0.5935 0.4080817060185185 0.5915 0.4116341041666666 0.588 0.4129662523148148 0.5805 0.41030195370370365 0.5745 0.4067495555555556 0.5715 0.39742451157407405 0.56875 0.3894316157407407 0.56825 0.37966252314814813 0.5700000000000001 0.36989342824074073 0.57475 0.36678508101851853 0.57875 0.36545293055555556 0.5815 0.36678508101851853 0.5882499999999999 0.3730017754629629 0.5932499999999999 0.38188277083333333 0.59625
13 0.4635879212962963 0.6445 0.46936056944444443 0.64575 0.47779751388888886 0.646 0.48889875694444446 0.64525 0.49289520370370365 0.644 0.49866785185185186 0.6375 0.49955595138888886 0.63 0.4955595023148148 0.6230000000000001 0.49111900462962965 0.62025 0.48134991203703703 0.61825 0.46802841898148145 0.619 0.4595914745370371 0.6222500000000001 0.45515097685185185 0.6269999999999999 0.4538188287037037 0.62975 0.4547069282407407 0.63825 0.4560390763888889 0.6402500000000001 0.4635879212962963 0.6445
13 0.6509769097222221 0.645 0.6651865 0.646 0.6714031967592592 0.6445 0.6753996458333333 0.642 0.6798401412037037 0.6375 0.6807282407407407 0.63 0.6753996458333333 0.62275 0.6714031967592592 0.62075 0.6576376550925926 0.61825 0.6416518657407407 0.62125 0.6358792175925926 0.6262500000000001 0.6354351689814814 0.6345 0.6376554166666666 0.6385 0.6425399652777778 0.6425 0.6509769097222221 0.645