5 0.39351851851851855 0.22916666666666666 0.3958333333333333 0.23148148148148148 0.4050925925925926 0.23148148148148148 0.41435185185185186 0.2361111111111111 0.4212962962962963 0.2361111111111111 0.4375 0.24537037037037038 0.44907407407407407 0.2569444444444444 0.4537037037037037 0.2662037037037037 0.4537037037037037 0.2824074074074074 0.4513888888888889 0.2847222222222222 0.4513888888888889 0.28935185185185186 0.4444444444444444 0.2986111111111111 0.40046296296296297 0.3194444444444444 0.3888888888888889 0.3194444444444444 0.38657407407407407 0.32175925925925924 0.3680555555555556 0.32175925925925924 0.36574074074074076 0.3194444444444444 0.3611111111111111 0.3194444444444444 0.3587962962962963 0.32175925925925924 0.3541666666666667 0.32175925925925924 0.3449074074074074 0.31712962962962965 0.33796296296296297 0.32175925925925924 0.33796296296296297 0.3449074074074074 0.33564814814814814 0.3472222222222222 0.33564814814814814 0.35185185185185186 0.32407407407407407 0.36574074074074076 0.30092592592592593 0.3773148148148148 0.2847222222222222 0.37962962962962965 0.2824074074074074 0.3819444444444444 0.22453703703703703 0.3819444444444444 0.2222222222222222 0.38425925925925924 0.2222222222222222 0.39351851851851855 0.22453703703703703 0.3958333333333333 0.2222222222222222 0.4027777777777778 0.21296296296296297 0.4027777777777778 0.21064814814814814 0.40046296296296297 0.18287037037037038 0.40046296296296297 0.18055555555555555 0.4027777777777778 0.17592592592592593 0.4027777777777778 0.1712962962962963 0.3958333333333333 0.1712962962962963 0.38425925925925924 0.16898148148148148 0.3819444444444444 0.1527777777777778 0.3819444444444444 0.15046296296296297 0.37962962962962965 0.125 0.38425925925925924 0.12037037037037036 0.38657407407407407 0.1087962962962963 0.40046296296296297 0.09027777777777778 0.40046296296296297 0.08796296296296297 0.39814814814814814 0.08564814814814815 0.40046296296296297 0.08333333333333333 0.39814814814814814 0.06712962962962964 0.39814814814814814 0.06481481481481481 0.40046296296296297 0.05555555555555555 0.39351851851851855 0.05555555555555555 0.3888888888888889 0.06481481481481481 0.375 0.08333333333333333 0.36574074074074076 0.08796296296296297 0.3611111111111111 0.09490740740740741 0.3611111111111111 0.10648148148148148 0.35648148148148145 0.11805555555555555 0.35648148148148145 0.12037037037037036 0.3541666666666667 0.1712962962962963 0.3541666666666667 0.1736111111111111 0.35185185185185186 0.1736111111111111 0.3287037037037037 0.17592592592592593 0.3263888888888889 0.17592592592592593 0.32175925925925924 0.1875 0.30787037037037035 0.21064814814814814 0.2962962962962963 0.2175925925925926 0.2962962962962963 0.22916666666666666 0.2916666666666667 0.25 0.2916666666666667 0.2523148148148148 0.28935185185185186 0.2569444444444444 0.28935185185185186 0.25925925925925924 0.2916666666666667 0.2916666666666667 0.2916666666666667 0.29398148148148145 0.28935185185185186 0.29398148148148145 0.26851851851851855 0.2962962962962963 0.2662037037037037 0.2962962962962963 0.26157407407407407 0.30092592592592593 0.25462962962962965 0.31712962962962965 0.24074074074074073 0.3333333333333333 0.2337962962962963 0.35648148148148145 0.23148148148148148 0.36342592592592593 0.22685185185185186 0.3912037037037037 0.22916666666666666
4 0.6226851851851852 0.22916666666666666 0.625 0.23148148148148148 0.6435185185185185 0.2337962962962963 0.6597222222222222 0.24074074074074073 0.6805555555555556 0.25925925925925924 0.6805555555555556 0.2638888888888889 0.6828703703703703 0.2662037037037037 0.6828703703703703 0.2916666666666667 0.6805555555555556 0.29398148148148145 0.6828703703703703 0.2962962962962963 0.7337962962962963 0.2962962962962963 0.7361111111111112 0.2986111111111111 0.7476851851851852 0.2986111111111111 0.7754629629629629 0.3101851851851852 0.7893518518518519 0.32407407407407407 0.7939814814814815 0.33796296296296297 0.7916666666666666 0.3402777777777778 0.7523148148148148 0.3402777777777778 0.75 0.3425925925925926 0.7453703703703703 0.3425925925925926 0.7268518518518519 0.3263888888888889 0.7222222222222222 0.3263888888888889 0.7199074074074074 0.32407407407407407 0.7083333333333334 0.32407407407407407 0.7060185185185185 0.32175925925925924 0.6851851851851852 0.32407407407407407 0.6805555555555556 0.3287037037037037 0.6805555555555556 0.33796296296296297 0.6782407407407407 0.3402777777777778 0.6759259259259259 0.33796296296296297 0.6458333333333334 0.33796296296296297 0.6365740740740741 0.3425925925925926 0.6319444444444444 0.33796296296296297 0.6342592592592593 0.3287037037037037 0.6296296296296297 0.32175925925925924 0.5717592592592593 0.32175925925925924 0.5671296296296297 0.3263888888888889 0.5671296296296297 0.33796296296296297 0.5370370370370371 0.33796296296296297 0.5347222222222222 0.3402777777777778 0.5277777777777778 0.3402777777777778 0.5231481481481481 0.33796296296296297 0.5231481481481481 0.32407407407407407 0.5138888888888888 0.3194444444444444 0.47453703703703703 0.3194444444444444 0.4699074074074074 0.32407407407407407 0.46296296296296297 0.3263888888888889 0.45601851851851855 0.3333333333333333 0.45601851851851855 0.33796296296296297 0.4537037037037037 0.3402777777777778 0.44907407407407407 0.33796296296296297 0.4166666666666667 0.33796296296296297 0.41435185185185186 0.3402777777777778 0.41203703703703703 0.33796296296296297 0.41435185185185186 0.32407407407407407 0.4351851851851852 0.3055555555555556 0.4398148148148148 0.3055555555555556 0.4513888888888889 0.2986111111111111 0.47453703703703703 0.2962962962962963 0.47685185185185186 0.29398148148148145 0.5208333333333334 0.29398148148148145 0.5231481481481481 0.2916666666666667 0.5254629629629629 0.26851851851851855 0.5347222222222222 0.2523148148148148 0.5370370370370371 0.2523148148148148 0.5462962962962963 0.24305555555555555 0.5601851851851852 0.2361111111111111 0.5740740740740741 0.2337962962962963 0.5763888888888888 0.23148148148148148 0.5879629629629629 0.23148148148148148 0.5902777777777778 0.22916666666666666 0.6203703703703703 0.22916666666666666
7 0.41203703703703703 0.3402777777777778 0.4513888888888889 0.3402777777777778 0.45601851851851855 0.3425925925925926 0.45601851851851855 0.3541666666666667 0.4537037037037037 0.35648148148148145 0.4583333333333333 0.3611111111111111 0.5023148148148148 0.3611111111111111 0.5138888888888888 0.35648148148148145 0.5185185185185185 0.34953703703703703 0.5277777777777778 0.3425925925925926 0.5347222222222222 0.3425925925925926 0.5370370370370371 0.3402777777777778 0.5601851851851852 0.3402777777777778 0.5648148148148148 0.3425925925925926 0.5648148148148148 0.35185185185185186 0.5625 0.35648148148148145 0.5509259259259259 0.3680555555555556 0.5393518518518519 0.375 0.5347222222222222 0.375 0.5231481481481481 0.3819444444444444 0.5046296296296297 0.38425925925925924 0.5023148148148148 0.38657407407407407 0.4837962962962963 0.38657407407407407 0.48148148148148145 0.3888888888888889 0.47685185185185186 0.38657407407407407 0.45601851851851855 0.38657407407407407 0.4513888888888889 0.3912037037037037 0.4513888888888889 0.4236111111111111 0.4537037037037037 0.42592592592592593 0.48148148148148145 0.42592592592592593 0.4861111111111111 0.4305555555555556 0.4861111111111111 0.4351851851851852 0.4837962962962963 0.4375 0.4837962962962963 0.44907407407407407 0.4791666666666667 0.4513888888888889 0.47453703703703703 0.4513888888888889 0.4722222222222222 0.44907407407407407 0.45601851851851855 0.44907407407407407 0.4513888888888889 0.4537037037037037 0.4513888888888889 0.46064814814814814 0.44907407407407407 0.46296296296296297 0.4513888888888889 0.47453703703703703 0.46064814814814814 0.4837962962962963 0.47685185185185186 0.4861111111111111 0.4837962962962963 0.49074074074074076 0.4837962962962963 0.5115740740740741 0.4675925925925926 0.5115740740740741 0.4652777777777778 0.5092592592592593 0.44675925925925924 0.5069444444444444 0.4212962962962963 0.49537037037037035 0.4074074074074074 0.47685185185185186 0.4074074074074074 0.4513888888888889 0.40046296296296297 0.44675925925925924 0.3773148148148148 0.44907407407407407 0.3726851851851852 0.44212962962962965 0.3726851851851852 0.4305555555555556 0.3773148148148148 0.4236111111111111 0.38657407407407407 0.4236111111111111 0.3888888888888889 0.42592592592592593 0.40046296296296297 0.42824074074074076 0.4074074074074074 0.4236111111111111 0.4074074074074074 0.41898148148148145 0.4097222222222222 0.4166666666666667 0.4097222222222222 0.3888888888888889 0.4050925925925926 0.38425925925925924 0.38657407407407407 0.38425925925925924 0.38425925925925924 0.38657407407407407 0.3773148148148148 0.38425925925925924 0.375 0.3819444444444444 0.375 0.3611111111111111 0.37962962962962965 0.3587962962962963 0.38425925925925924 0.3587962962962963 0.38657407407407407 0.3611111111111111 0.4074074074074074 0.3611111111111111 0.41203703703703703 0.35648148148148145 0.4097222222222222 0.35185185185185186 0.41203703703703703 0.34953703703703703 0.41203703703703703 0.3425925925925926
1 0.37037037037037035 0.3611111111111111 0.3726851851851852 0.36342592592592593 0.3726851851851852 0.38425925925925924 0.3680555555555556 0.3888888888888889 0.35648148148148145 0.3888888888888889 0.3449074074074074 0.3958333333333333 0.3402777777777778 0.40046296296296297 0.3402777777777778 0.4097222222222222 0.33796296296296297 0.41203703703703703 0.33796296296296297 0.41898148148148145 0.3449074074074074 0.42592592592592593 0.3541666666666667 0.4212962962962963 0.35648148148148145 0.4236111111111111 0.36574074074074076 0.4236111111111111 0.37037037037037035 0.42592592592592593 0.37037037037037035 0.4305555555555556 0.3726851851851852 0.43287037037037035 0.37037037037037035 0.4351851851851852 0.37037037037037035 0.44907407407407407 0.3425925925925926 0.44907407407407407 0.33796296296296297 0.4537037037037037 0.33796296296296297 0.4722222222222222 0.33564814814814814 0.47453703703703703 0.33564814814814814 0.48148148148148145 0.32407407407407407 0.4930555555555556 0.3125 0.5 0.30787037037037035 0.5 0.30324074074074076 0.5046296296296297 0.27314814814814814 0.5092592592592593 0.2708333333333333 0.5115740740740741 0.24074074074074073 0.5115740740740741 0.23842592592592593 0.5092592592592593 0.22685185185185186 0.5092592592592593 0.2175925925925926 0.5046296296296297 0.21064814814814814 0.5046296296296297 0.19675925925925927 0.4976851851851852 0.18055555555555555 0.4837962962962963 0.17592592592592593 0.47453703703703703 0.17592592592592593 0.4513888888888889 0.1712962962962963 0.44675925925925924 0.11805555555555555 0.4444444444444444 0.11574074074074074 0.44212962962962965 0.09953703703703703 0.4398148148148148 0.0787037037037037 0.4305555555555556 0.0625 0.41435185185185186 0.06018518518518518 0.4027777777777778 0.06481481481481481 0.40046296296296297 0.1111111111111111 0.4027777777777778 0.11574074074074074 0.4097222222222222 0.12962962962962962 0.4212962962962963 0.1712962962962963 0.4212962962962963 0.1736111111111111 0.41898148148148145 0.1736111111111111 0.4074074074074074 0.17592592592592593 0.4027777777777778 0.2175925925925926 0.4027777777777778 0.22685185185185186 0.4074074074074074 0.22685185185185186 0.4212962962962963 0.22916666666666666 0.4236111111111111 0.28935185185185186 0.4236111111111111 0.29398148148148145 0.41898148148148145 0.29398148148148145 0.3958333333333333 0.2986111111111111 0.38657407407407407 0.3055555555555556 0.37962962962962965 0.3333333333333333 0.36574074074074076 0.3402777777777778 0.36574074074074076 0.35185185185185186 0.3611111111111111 0.3680555555555556 0.3611111111111111
10 0.5231481481481481 0.4074074074074074 0.5393518518518519 0.4074074074074074 0.5416666666666666 0.4050925925925926 0.5486111111111112 0.4050925925925926 0.5509259259259259 0.4074074074074074 0.5671296296296297 0.4074074074074074 0.5694444444444444 0.41203703703703703 0.5671296296296297 0.4236111111111111 0.5717592592592593 0.42824074074074076 0.5740740740740741 0.42592592592592593 0.5787037037037037 0.42824074074074076 0.5810185185185185 0.42592592592592593 0.5879629629629629 0.42592592592592593 0.5902777777777778 0.42824074074074076 0.6087962962962963 0.42824074074074076 0.6111111111111112 0.42592592592592593 0.6180555555555556 0.42592592592592593 0.6226851851851852 0.4236111111111111 0.6342592592592593 0.4097222222222222 0.6388888888888888 0.4097222222222222 0.6412037037037037 0.4074074074074074 0.6759259259259259 0.4074074074074074 0.6782407407407407 0.4097222222222222 0.6782407407407407 0.41435185185185186 0.6736111111111112 0.4236111111111111 0.6620370370370371 0.4351851851851852 0.6481481481481481 0.44212962962962965 0.6435185185185185 0.44212962962962965 0.6342592592592593 0.44675925925925924 0.6273148148148148 0.44675925925925924 0.625 0.44907407407407407 0.6087962962962963 0.44907407407407407 0.6064814814814815 0.4513888888888889 0.5671296296296297 0.4513888888888889 0.5648148148148148 0.4537037037037037 0.5625 0.4861111111111111 0.5671296296296297 0.49074074074074076 0.6041666666666666 0.49074074074074076 0.6064814814814815 0.4930555555555556 0.6226851851851852 0.4930555555555556 0.625 0.49537037037037035 0.6412037037037037 0.4976851851851852 0.6574074074074074 0.5069444444444444 0.6666666666666666 0.5162037037037037 0.6736111111111112 0.5300925925925926 0.6736111111111112 0.5370370370370371 0.6620370370370371 0.5555555555555556 0.6412037037037037 0.5694444444444444 0.6342592592592593 0.5694444444444444 0.625 0.5740740740740741 0.6134259259259259 0.5740740740740741 0.6111111111111112 0.5763888888888888 0.5833333333333334 0.5763888888888888 0.5810185185185185 0.5740740740740741 0.5671296296296297 0.5740740740740741 0.5416666666666666 0.5648148148148148 0.5347222222222222 0.5601851851851852 0.5208333333333334 0.5439814814814815 0.5208333333333334 0.5393518518518519 0.5185185185185185 0.5370370370370371 0.5185185185185185 0.5162037037037037 0.5138888888888888 0.5115740740740741 0.48842592592592593 0.5115740740740741 0.4861111111111111 0.5092592592592593 0.4861111111111111 0.49074074074074076 0.49074074074074076 0.48842592592592593 0.5138888888888888 0.49074074074074076 0.5208333333333334 0.48148148148148145 0.5208333333333334 0.4537037037037037 0.5162037037037037 0.44907407407407407 0.5115740740740741 0.44907407407407407 0.5092592592592593 0.4513888888888889 0.49074074074074076 0.44907407407407407 0.48842592592592593 0.4444444444444444 0.48842592592592593 0.4305555555555556 0.4930555555555556 0.42592592592592593 0.5138888888888888 0.42592592592592593 0.5185185185185185 0.42824074074074076 0.5231481481481481 0.4236111111111111 0.5231481481481481 0.4097222222222222
6 0.7916666666666666 0.4097222222222222 0.7962962962962963 0.41435185185185186 0.7939814814814815 0.42592592592592593 0.8032407407407407 0.4305555555555556 0.8333333333333334 0.4305555555555556 0.8425925925925926 0.42592592592592593 0.8495370370370371 0.4166666666666667 0.8541666666666666 0.41435185185185186 0.8541666666666666 0.41203703703703703 0.8657407407407407 0.41203703703703703 0.8680555555555556 0.4097222222222222 0.9027777777777778 0.4097222222222222 0.9074074074074074 0.41203703703703703 0.9074074074074074 0.4166666666666667 0.9004629629629629 0.42824074074074076 0.8912037037037037 0.43287037037037035 0.8888888888888888 0.4375 0.875 0.4444444444444444 0.8611111111111112 0.44675925925925924 0.8587962962962963 0.44907407407407407 0.8495370370370371 0.44907407407407407 0.8472222222222222 0.4513888888888889 0.8333333333333334 0.4513888888888889 0.8310185185185185 0.4537037037037037 0.8217592592592593 0.4537037037037037 0.8194444444444444 0.4513888888888889 0.8101851851851852 0.4537037037037037 0.8078703703703703 0.4513888888888889 0.8055555555555556 0.4537037037037037 0.7916666666666666 0.4537037037037037 0.7893518518518519 0.45601851851851855 0.7916666666666666 0.4583333333333333 0.7893518518518519 0.48842592592592593 0.7939814814814815 0.4930555555555556 0.8287037037037037 0.4930555555555556 0.8310185185185185 0.49537037037037035 0.8587962962962963 0.4976851851851852 0.8819444444444444 0.5092592592592593 0.8912037037037037 0.5185185185185185 0.8958333333333334 0.5254629629629629 0.8958333333333334 0.5324074074074074 0.8888888888888888 0.5370370370370371 0.8564814814814815 0.5370370370370371 0.8541666666666666 0.5347222222222222 0.8495370370370371 0.5347222222222222 0.8356481481481481 0.5185185185185185 0.8310185185185185 0.5162037037037037 0.8125 0.5162037037037037 0.8101851851851852 0.5138888888888888 0.8055555555555556 0.5162037037037037 0.7893518518518519 0.5162037037037037 0.7870370370370371 0.5185185185185185 0.7870370370370371 0.5277777777777778 0.7824074074074074 0.5347222222222222 0.7453703703703703 0.5347222222222222 0.7361111111111112 0.5277777777777778 0.7361111111111112 0.5208333333333334 0.7384259259259259 0.5185185185185185 0.7361111111111112 0.5162037037037037 0.7314814814814815 0.5162037037037037 0.7291666666666666 0.5138888888888888 0.7013888888888888 0.5138888888888888 0.6990740740740741 0.5115740740740741 0.6944444444444444 0.5138888888888888 0.6921296296296297 0.5115740740740741 0.6712962962962963 0.5092592592592593 0.6643518518518519 0.5046296296296297 0.6574074074074074 0.5046296296296297 0.6504629629629629 0.4976851851851852 0.6435185185185185 0.49537037037037035 0.6342592592592593 0.4861111111111111 0.6296296296296297 0.47453703703703703 0.6342592592592593 0.45601851851851855 0.6481481481481481 0.4444444444444444 0.6666666666666666 0.4351851851851852 0.6782407407407407 0.4351851851851852 0.6875 0.4305555555555556 0.6990740740740741 0.4305555555555556 0.7013888888888888 0.42824074074074076 0.7407407407407407 0.42824074074074076 0.7430555555555556 0.42592592592592593 0.7430555555555556 0.41203703703703703 0.7453703703703703 0.4097222222222222 0.7893518518518519 0.4097222222222222
2 0.6736111111111112 0.3402777777777778 0.6759259259259259 0.3425925925925926 0.6805555555555556 0.3402777777777778 0.6851851851851852 0.3449074074074074 0.6828703703703703 0.3472222222222222 0.6828703703703703 0.3587962962962963 0.6851851851851852 0.3611111111111111 0.7430555555555556 0.3611111111111111 0.7453703703703703 0.3587962962962963 0.7453703703703703 0.34953703703703703 0.7523148148148148 0.3425925925925926 0.7939814814814815 0.3425925925925926 0.7962962962962963 0.3449074074074074 0.7962962962962963 0.3587962962962963 0.8009259259259259 0.36342592592592593 0.8402777777777778 0.36342592592592593 0.8425925925925926 0.36574074074074076 0.8657407407407407 0.3680555555555556 0.8842592592592593 0.375 0.8912037037037037 0.37962962962962965 0.9050925925925926 0.3958333333333333 0.9050925925925926 0.40046296296296297 0.9074074074074074 0.4027777777777778 0.9074074074074074 0.4074074074074074 0.9050925925925926 0.4097222222222222 0.9004629629629629 0.4074074074074074 0.8634259259259259 0.4074074074074074 0.8611111111111112 0.4097222222222222 0.8564814814814815 0.4097222222222222 0.8449074074074074 0.39351851851851855 0.8333333333333334 0.3912037037037037 0.8310185185185185 0.3888888888888889 0.8287037037037037 0.3912037037037037 0.8263888888888888 0.3888888888888889 0.7986111111111112 0.3888888888888889 0.7962962962962963 0.3912037037037037 0.7939814814814815 0.4050925925925926 0.7893518518518519 0.4074074074074074 0.7430555555555556 0.4074074074074074 0.7407407407407407 0.4050925925925926 0.7407407407407407 0.39814814814814814 0.7430555555555556 0.3958333333333333 0.7430555555555556 0.3888888888888889 0.7407407407407407 0.38657407407407407 0.6851851851851852 0.38657407407407407 0.6805555555555556 0.3912037037037037 0.6805555555555556 0.4027777777777778 0.6782407407407407 0.4050925925925926 0.6319444444444444 0.4050925925925926 0.6319444444444444 0.3958333333333333 0.6342592592592593 0.3912037037037037 0.6296296296296297 0.38657407407407407 0.625 0.38657407407407407 0.6226851851851852 0.38425925925925924 0.6203703703703703 0.38657407407407407 0.6180555555555556 0.38425925925925924 0.6087962962962963 0.38425925925925924 0.6064814814814815 0.38657407407407407 0.5856481481481481 0.38657407407407407 0.5810185185185185 0.3912037037037037 0.5740740740740741 0.39351851851851855 0.5694444444444444 0.39814814814814814 0.5671296296296297 0.4050925925925926 0.5231481481481481 0.4050925925925926 0.5231481481481481 0.39814814814814814 0.5300925925925926 0.38657407407407407 0.5370370370370371 0.37962962962962965 0.5509259259259259 0.3726851851851852 0.5555555555555556 0.3680555555555556 0.5717592592592593 0.36574074074074076 0.5740740740740741 0.36342592592592593 0.5879629629629629 0.36342592592592593 0.5902777777777778 0.3611111111111111 0.6319444444444444 0.3611111111111111 0.6342592592592593 0.3587962962962963 0.6342592592592593 0.3449074074074074 0.6458333333333334 0.3402777777777778 0.6712962962962963 0.3402777777777778
9 0.16666666666666666 0.48842592592592593 0.16898148148148148 0.49074074074074076 0.17824074074074073 0.49074074074074076 0.2199074074074074 0.5138888888888888 0.22453703703703703 0.5208333333333334 0.22453703703703703 0.5439814814814815 0.2222222222222222 0.5462962962962963 0.22685185185185186 0.5509259259259259 0.25 0.5509259259259259 0.2523148148148148 0.5532407407407407 0.25 0.5578703703703703 0.25 0.5740740740740741 0.24768518518518517 0.5763888888888888 0.22453703703703703 0.5763888888888888 0.2199074074074074 0.5810185185185185 0.2199074074074074 0.5949074074074074 0.23148148148148148 0.6064814814814815 0.25 0.6157407407407407 0.24768518518518517 0.6203703703703703 0.24768518518518517 0.6365740740740741 0.24537037037037038 0.6388888888888888 0.23148148148148148 0.6388888888888888 0.22916666666666666 0.6365740740740741 0.21064814814814814 0.6342592592592593 0.18518518518518517 0.6226851851851852 0.1712962962962963 0.6064814814814815 0.1712962962962963 0.5972222222222222 0.16898148148148148 0.5949074074074074 0.1712962962962963 0.5925925925925926 0.1712962962962963 0.5810185185185185 0.16435185185185186 0.5740740740740741 0.12268518518518519 0.5740740740740741 0.12037037037037036 0.5717592592592593 0.09490740740740741 0.5671296296296297 0.0787037037037037 0.5601851851851852 0.06944444444444445 0.5532407407407407 0.06018518518518518 0.5416666666666666 0.06018518518518518 0.5370370370370371 0.05787037037037037 0.5347222222222222 0.06018518518518518 0.5185185185185185 0.06481481481481481 0.5115740740740741 0.0787037037037037 0.5 0.08333333333333333 0.5 0.08796296296296297 0.49537037037037035 0.09259259259259259 0.49537037037037035 0.09953703703703703 0.49074074074074076 0.12037037037037036 0.48842592592592593 0.12268518518518519 0.4861111111111111 0.1527777777777778 0.4861111111111111 0.1550925925925926 0.48842592592592593 0.16435185185185186 0.48842592592592593
3 0.3680555555555556 0.5509259259259259 0.3680555555555556 0.5694444444444444 0.36342592592592593 0.5763888888888888 0.33796296296296297 0.5763888888888888 0.33564814814814814 0.5787037037037037 0.3333333333333333 0.5833333333333334 0.33564814814814814 0.5856481481481481 0.3333333333333333 0.5902777777777778 0.3333333333333333 0.6064814814814815 0.33564814814814814 0.6111111111111112 0.33796296296296297 0.6134259259259259 0.3888888888888889 0.6134259259259259 0.3912037037037037 0.6157407407407407 0.39814814814814814 0.6157407407407407 0.43287037037037035 0.6342592592592593 0.4375 0.6388888888888888 0.4444444444444444 0.6550925925925926 0.4444444444444444 0.6620370370370371 0.4398148148148148 0.6689814814814815 0.4398148148148148 0.6736111111111112 0.4212962962962963 0.6898148148148148 0.41203703703703703 0.6944444444444444 0.3958333333333333 0.6944444444444444 0.38657407407407407 0.7013888888888888 0.3773148148148148 0.7013888888888888 0.375 0.7037037037037037 0.3541666666666667 0.7037037037037037 0.35185185185185186 0.7013888888888888 0.3263888888888889 0.6967592592592593 0.3101851851851852 0.6898148148148148 0.29398148148148145 0.6759259259259259 0.28935185185185186 0.6666666666666666 0.28935185185185186 0.6435185185185185 0.2847222222222222 0.6388888888888888 0.2777777777777778 0.6388888888888888 0.27546296296296297 0.6412037037037037 0.27314814814814814 0.6388888888888888 0.25462962962962965 0.6388888888888888 0.2523148148148148 0.6342592592592593 0.2523148148148148 0.6226851851851852 0.2569444444444444 0.6157407407407407 0.26157407407407407 0.6134259259259259 0.2708333333333333 0.6134259259259259 0.27314814814814814 0.6157407407407407 0.27546296296296297 0.6134259259259259 0.2777777777777778 0.6157407407407407 0.2824074074074074 0.6134259259259259 0.2847222222222222 0.6157407407407407 0.28935185185185186 0.6111111111111112 0.28935185185185186 0.5787037037037037 0.28703703703703703 0.5763888888888888 0.2638888888888889 0.5763888888888888 0.26157407407407407 0.5740740740740741 0.2569444444444444 0.5740740740740741 0.2523148148148148 0.5694444444444444 0.2523148148148148 0.5578703703703703 0.25925925925925924 0.5509259259259259 0.28703703703703703 0.5509259259259259 0.2916666666666667 0.5462962962962963 0.28935185185185186 0.5439814814814815 0.2916666666666667 0.5393518518518519 0.2916666666666667 0.5254629629629629 0.2962962962962963 0.5162037037037037 0.3055555555555556 0.5069444444444444 0.3125 0.5046296296296297 0.31712962962962965 0.5 0.32175925925925924 0.5 0.33796296296296297 0.4930555555555556 0.3472222222222222 0.4930555555555556 0.34953703703703703 0.49074074074074076 0.37037037037037035 0.49074074074074076 0.3680555555555556 0.5138888888888888 0.34953703703703703 0.5162037037037037 0.33564814814814814 0.5277777777777778 0.33564814814814814 0.5486111111111112 0.33796296296296297 0.5509259259259259 0.36574074074074076 0.5509259259259259
8 0.3819444444444444 0.48842592592592593 0.38425925925925924 0.49074074074074076 0.4074074074074074 0.4930555555555556 0.4097222222222222 0.49537037037037035 0.4212962962962963 0.4976851851851852 0.4305555555555556 0.5046296296296297 0.4375 0.5069444444444444 0.44907407407407407 0.5231481481481481 0.44907407407407407 0.5486111111111112 0.4537037037037037 0.5532407407407407 0.46064814814814814 0.5532407407407407 0.46296296296296297 0.5509259259259259 0.4930555555555556 0.5509259259259259 0.5046296296296297 0.5555555555555556 0.5138888888888888 0.5555555555555556 0.5208333333333334 0.5601851851851852 0.5324074074074074 0.5625 0.5509259259259259 0.5787037037037037 0.5555555555555556 0.5856481481481481 0.5555555555555556 0.5949074074074074 0.5578703703703703 0.5972222222222222 0.5555555555555556 0.6018518518518519 0.5555555555555556 0.6134259259259259 0.5578703703703703 0.6157407407407407 0.5833333333333334 0.6157407407407407 0.5879629629629629 0.6203703703703703 0.5879629629629629 0.6365740740740741 0.5856481481481481 0.6412037037037037 0.5625 0.6412037037037037 0.5578703703703703 0.6388888888888888 0.5532407407407407 0.6435185185185185 0.5532407407407407 0.6643518518518519 0.5578703703703703 0.6689814814814815 0.5671296296296297 0.6736111111111112 0.5717592592592593 0.6736111111111112 0.5856481481481481 0.6828703703703703 0.5856481481481481 0.6875 0.5879629629629629 0.6898148148148148 0.5856481481481481 0.6921296296296297 0.5879629629629629 0.6967592592592593 0.5833333333333334 0.7037037037037037 0.5671296296296297 0.7037037037037037 0.5578703703703703 0.6990740740740741 0.5509259259259259 0.6990740740740741 0.5231481481481481 0.6851851851851852 0.5138888888888888 0.6759259259259259 0.5115740740740741 0.6597222222222222 0.5092592592592593 0.6574074074074074 0.5092592592592593 0.6504629629629629 0.5115740740740741 0.6481481481481481 0.5069444444444444 0.6412037037037037 0.4791666666666667 0.6412037037037037 0.47685185185185186 0.6388888888888888 0.45601851851851855 0.6388888888888888 0.4537037037037037 0.6365740740740741 0.44675925925925924 0.6365740740740741 0.41898148148148145 0.625 0.4074074074074074 0.6134259259259259 0.4074074074074074 0.6087962962962963 0.4027777777777778 0.6018518518518519 0.4027777777777778 0.5833333333333334 0.4050925925925926 0.5787037037037037 0.40046296296296297 0.5740740740740741 0.3726851851851852 0.5740740740740741 0.37037037037037035 0.5694444444444444 0.37037037037037035 0.5578703703703703 0.3726851851851852 0.5555555555555556 0.3726851851851852 0.5509259259259259 0.4027777777777778 0.5509259259259259 0.4074074074074074 0.5416666666666666 0.4074074074074074 0.5277777777777778 0.40046296296296297 0.5185185185185185 0.3912037037037037 0.5138888888888888 0.37962962962962965 0.5138888888888888 0.375 0.5115740740740741 0.3726851851851852 0.5069444444444444 0.3726851851851852 0.49074074074074076 0.37962962962962965 0.48842592592592593
0 0.7407407407407407 0.5370370370370371 0.7523148148148148 0.5370370370370371 0.7546296296296297 0.5393518518518519 0.7708333333333334 0.5393518518518519 0.7731481481481481 0.5370370370370371 0.7777777777777778 0.5393518518518519 0.7893518518518519 0.5393518518518519 0.7916666666666666 0.5416666666666666 0.7916666666666666 0.5532407407407407 0.7939814814814815 0.5555555555555556 0.8240740740740741 0.5555555555555556 0.8356481481481481 0.5509259259259259 0.8495370370370371 0.5370370370370371 0.8518518518518519 0.5393518518518519 0.8657407407407407 0.5393518518518519 0.8680555555555556 0.5416666666666666 0.875 0.5416666666666666 0.8773148148148148 0.5393518518518519 0.8796296296296297 0.5416666666666666 0.9004629629629629 0.5393518518518519 0.9027777777777778 0.5439814814814815 0.8981481481481481 0.5555555555555556 0.8912037037037037 0.5625 0.8657407407407407 0.5763888888888888 0.8449074074074074 0.5787037037037037 0.8425925925925926 0.5810185185185185 0.7893518518518519 0.5810185185185185 0.7870370370370371 0.5833333333333334 0.7870370370370371 0.6064814814814815 0.7824074074074074 0.6157407407407407 0.7708333333333334 0.6273148148148148 0.7523148148148148 0.6365740740740741 0.7384259259259259 0.6388888888888888 0.7361111111111112 0.6412037037037037 0.7245370370370371 0.6412037037037037 0.7222222222222222 0.6435185185185185 0.6759259259259259 0.6435185185185185 0.6712962962962963 0.6481481481481481 0.6712962962962963 0.6643518518518519 0.6689814814814815 0.6666666666666666 0.6689814814814815 0.6712962962962963 0.6550925925925926 0.6875 0.6296296296296297 0.6990740740740741 0.6087962962962963 0.7013888888888888 0.6064814814814815 0.7037037037037037 0.5949074074074074 0.7037037037037037 0.5902777777777778 0.7013888888888888 0.5879629629629629 0.6805555555555556 0.5972222222222222 0.6736111111111112 0.6041666666666666 0.6736111111111112 0.6134259259259259 0.6689814814814815 0.6226851851851852 0.6597222222222222 0.625 0.6458333333333334 0.6226851851851852 0.6435185185185185 0.6180555555555556 0.6435185185185185 0.6157407407407407 0.6481481481481481 0.6111111111111112 0.6435185185185185 0.5972222222222222 0.6412037037037037 0.5925925925925926 0.6319444444444444 0.5949074074074074 0.6273148148148148 0.5925925925925926 0.625 0.5925925925925926 0.6180555555555556 0.5995370370370371 0.6134259259259259 0.6226851851851852 0.6157407407407407 0.6273148148148148 0.6111111111111112 0.6273148148148148 0.5949074074074074 0.6296296296296297 0.5925925925925926 0.6319444444444444 0.5810185185185185 0.6412037037037037 0.5717592592592593 0.6481481481481481 0.5694444444444444 0.6527777777777778 0.5648148148148148 0.6782407407407407 0.5555555555555556 0.7361111111111112 0.5555555555555556 0.7384259259259259 0.5532407407407407 0.7407407407407407 0.5393518518518519
11 0 0.7512500000000001 0.0026642986111111108 0.75475 0.004440497685185185 0.762 0.030195381944444443 0.76025 0.06172291203703703 0.7527499999999999 0.07326820601851852 0.7515000000000001 0.09325044444444444 0.75325 0.09902309027777777 0.7557499999999999 0.12300177546296297 0.75775 0.14387211342592593 0.758 0.1505328587962963 0.757 0.18161634027777776 0.7585000000000001 0.18738898842592594 0.7575000000000001 0.19227353472222222 0.7582500000000001 0.24689165277777778 0.7575000000000001 0.26110124305555554 0.7585000000000001 0.32326820601851847 0.7585000000000001 0.3419182939814815 0.7575000000000001 0.36412078240740736 0.7585000000000001 0.4080817060185185 0.758 0.42984014120370373 0.7587499999999999 0.44271758333333333 0.75725 0.44538188194444445 0.7582500000000001 0.4738010648148148 0.7589999999999999 0.48623445833333334 0.7582500000000001 0.5279751342592592 0.7585000000000001 0.5404085254629629 0.757 0.5679396087962962 0.75775 0.5701598587962963 0.7585000000000001 0.5763765532407408 0.75775 0.5968028425925925 0.7585000000000001 0.604795736111111 0.7575000000000001 0.6336589699074074 0.757 0.7100355231481481 0.7587499999999999 0.7597690949074075 0.75675 0.7997335694444444 0.7587499999999999 0.8148312615740742 0.7575000000000001 0.874333925925926 0.7582500000000001 0.8894316157407408 0.7565 0.9107460046296296 0.7517499999999999 0.9253996458333333 0.745 0.939609236111111 0.7347499999999999 0.9493783310185185 0.7204999999999999 0.9511545300925925 0.714 0.9542628773148147 0.66925 0.9733570162037037 0.22724999999999998 0.9702486689814814 0.21075 0.9569271759259259 0.19499999999999998 0.9391651875 0.18575 0.9311722916666667 0.18375 0.9289520416666667 0.18225 0.9253996458333333 0.18225 0.9111900532407406 0.17825000000000002 0.9054174074074074 0.178 0.8512433402777778 0.17650000000000002 0.8441385439814815 0.17750000000000002 0.8063943171296296 0.177 0.8032859675925926 0.17775 0.8001776203703704 0.17675 0.7628774421296297 0.17725000000000002 0.7411190046296297 0.17625 0.7344582592592593 0.17725000000000002 0.727353462962963 0.17550000000000002 0.7233570162037037 0.17650000000000002 0.7202486689814814 0.17525 0.7158081712962963 0.17650000000000002 0.706483125 0.175 0.6678507986111112 0.175 0.6589698055555556 0.17400000000000002 0.6345470694444444 0.17475000000000002 0.6087921851851852 0.17400000000000002 0.606127886574074 0.17475000000000002 0.603019537037037 0.17400000000000002 0.4875666064814815 0.17125 0.40719360648148145 0.17149999999999999 0.3903197152777778 0.17074999999999999 0.38277087037037033 0.1725 0.3769982245370371 0.171 0.36678508101851853 0.1705 0.30461811805555555 0.16899999999999998 0.28907637731481484 0.16899999999999998 0.2864120787037037 0.16974999999999998 0.2761989351851852 0.16824999999999998 0.2713143865740741 0.16974999999999998 0.2633214930555556 0.16824999999999998 0.25799289583333335 0.16899999999999998 0.2557726458333333 0.16824999999999998 0.25177619907407406 0.16899999999999998 0.2495559513888889 0.16824999999999998 0.23312611111111112 0.16824999999999998 0.2304618125 0.16925 0.22735346296296297 0.16799999999999998 0.2202486689814815 0.16775 0.20603907638888888 0.1675 0.20204262962962963 0.16824999999999998 0.17895204166666667 0.167 0.16163410416666668 0.16775 0.13143872222222222 0.16724999999999998 0.12833037268518518 0.16649999999999998 0.10035524074074074 0.16724999999999998 0.07326820601851852 0.17174999999999999 0.0608348125 0.17025 0.032859680555555555 0.16275 0.021314386574074074 0.1615 0.011989342592592591 0.15925 0.007992895833333333 0.15925 0.003552398148148148 0.16125 0.0026642986111111108 0.16374999999999998 0 0.16525 0 0.7512500000000001
12 0 0.7456474999999999 0.0557637662037037 0.7456474999999999 0.0557637662037037 0.17606750000000002 0 0.17606750000000002 0 0.7456474999999999
13 0.24733570138888888 0.35500000000000004 0.2584369444444445 0.35524999999999995 0.2717584375 0.35275 0.28019538194444443 0.349 0.2864120787037037 0.342 0.2873001782407407 0.33725 0.28552397916666666 0.3315 0.2815275300925926 0.32775 0.2717584375 0.32325000000000004 0.2584369444444445 0.3225 0.2424511550925926 0.32399999999999995 0.23223801157407406 0.3285 0.22690941435185186 0.33449999999999996 0.22690941435185186 0.34175 0.22912966203703705 0.347 0.23801065740740743 0.35300000000000004 0.24733570138888888 0.35500000000000004
13 0.3587921851851852 0.291 0.3756660740740741 0.29175 0.3889875671296296 0.28975 0.39920071064814816 0.28575 0.4054174074074074 0.27999999999999997 0.4076376550925926 0.2725 0.4049733564814815 0.2685 0.39742451157407405 0.26275 0.38055062268518514 0.258 0.3658969814814815 0.25925 0.35612788657407407 0.2615 0.35079928935185184 0.2645 0.34369449305555555 0.27125 0.3419182939814815 0.283 0.3454706921296296 0.28475 0.3485790416666667 0.28850000000000003 0.3587921851851852 0.291
13 0.5963587916666667 0.2925 0.6136767314814814 0.29275 0.6203374768518519 0.2915 0.6252220254629629 0.28850000000000003 0.6296625231481481 0.27999999999999997 0.6287744236111111 0.2725 0.6234458263888889 0.26725 0.6123445833333334 0.26225 0.6012433402777778 0.261 0.5923623449074074 0.26175 0.5799289513888889 0.2655 0.5741563055555555 0.269 0.5723801064814814 0.2715 0.5710479583333333 0.283 0.5732682060185185 0.287 0.5781527523148148 0.29 0.5963587916666667 0.2925
13 0.4733570162037037 0.35850000000000004 0.48001776157407405 0.3595 0.4884547060185185 0.35925 0.5013321481481482 0.35725 0.5084369444444444 0.35450000000000004 0.5159857893518518 0.34525 0.5164298402777777 0.33825 0.5102131435185185 0.33025 0.5048845462962963 0.32775 0.49333925462962963 0.32475 0.48046181250000003 0.3245 0.4738010648148148 0.32575 0.46492007175925926 0.32949999999999996 0.4591474236111111 0.33475 0.45737122453703705 0.33825 0.458703375 0.34625 0.4689165185185185 0.35650000000000004 0.4733570162037037 0.35850000000000004
13 0.7242451157407408 0.35874999999999996 0.7300177615740742 0.35725 0.7375666064814815 0.35325 0.7411190046296297 0.349 0.7420071041666667 0.34375 0.7384547060185185 0.33675 0.7304618125 0.33075 0.7193605694444444 0.32725000000000004 0.707371224537037 0.3265 0.6993783310185185 0.32749999999999996 0.689609236111111 0.33325 0.6865008888888888 0.3375 0.6865008888888888 0.3525 0.6962699814814814 0.35775 0.7095914745370371 0.35975 0.7242451157407408 0.35874999999999996
13 0.8272646527777778 0.428 0.8352575486111111 0.42600000000000005 0.8419182939814815 0.42225 0.8512433402777778 0.4115 0.8512433402777778 0.40724999999999995 0.8432504444444445 0.39875 0.8379218472222222 0.39549999999999996 0.831705150462963 0.39349999999999996 0.8134991111111112 0.39325 0.8023978680555556 0.39575 0.7984014212962963 0.39925 0.7961811712962963 0.40425 0.7984014212962963 0.4215 0.8028419189814815 0.42525 0.8081705162037037 0.42674999999999996 0.8272646527777778 0.428
13 0.5883658958333333 0.424 0.6007992893518519 0.4255 0.6074600347222222 0.425 0.6194493773148148 0.41925 0.6261101250000001 0.41200000000000003 0.6274422731481482 0.40724999999999995 0.6207815277777777 0.39849999999999997 0.6123445833333334 0.39275 0.5932504444444445 0.39125000000000004 0.5777087037037036 0.39375 0.5701598587962963 0.401 0.5692717592592592 0.40775 0.5714920069444445 0.415 0.5750444050925926 0.41875 0.5883658958333333 0.424
13 0.35657193518518515 0.4195 0.3730017754629629 0.42274999999999996 0.3872113680555555 0.42075 0.39564831250000004 0.41550000000000004 0.39920071064814816 0.40850000000000003 0.39920071064814816 0.40075 0.3929840138888889 0.39325 0.3872113680555555 0.391 0.3730017754629629 0.388 0.35346358796296296 0.3925 0.3432504444444444 0.39875 0.34280639351851855 0.40675 0.3445825925925926 0.41125 0.3521314398148148 0.41750000000000004 0.35657193518518515 0.4195
13 0.1287744236111111 0.41900000000000004 0.14520426388888888 0.42075 0.1603019537037037 0.41975 0.1647424513888889 0.41825 0.1696269976851852 0.40975 0.1718472476851852 0.40075 0.1656305509259259 0.39199999999999996 0.1603019537037037 0.389 0.1505328587962963 0.38575000000000004 0.13365896990740742 0.38525 0.12744227314814816 0.38675 0.11900532870370371 0.39075 0.11500888194444443 0.396 0.11323268287037037 0.4015 0.11589698148148148 0.40825 0.12078152777777777 0.4145 0.1287744236111111 0.41900000000000004
13 0.25177619907407406 0.486 0.2619893425925926 0.48675 0.27087033796296295 0.4855 0.2748667847222222 0.48425 0.28552397916666666 0.47725 0.2873001782407407 0.47250000000000003 0.2864120787037037 0.46299999999999997 0.28063943055555557 0.45599999999999996 0.2717584375 0.45249999999999996 0.2575488449074074 0.4515 0.24067495601851852 0.4535 0.2309058611111111 0.45675 0.2282415625 0.46449999999999997 0.22868561342592594 0.47375 0.23134991203703703 0.47674999999999995 0.2375666064814815 0.48150000000000004 0.25177619907407406 0.486
13 0.4729129652777778 0.48524999999999996 0.48046181250000003 0.486 0.49467140277777777 0.48524999999999996 0.5031083472222222 0.48150000000000004 0.5119893425925925 0.47324999999999995 0.5124333935185186 0.4655 0.5084369444444444 0.45975 0.4977797523148148 0.45449999999999996 0.4857904074074074 0.45275 0.4724689166666667 0.4555 0.46225577314814814 0.45925 0.4560390763888889 0.46649999999999997 0.4547069282407407 0.474 0.4569271759259259 0.4775 0.46225577314814814 0.48175 0.4729129652777778 0.48524999999999996
13 0.689609236111111 0.48475 0.706483125 0.48850000000000005 0.7166962708333334 0.489 0.7211367662037037 0.48825 0.7300177615740742 0.4845 0.7349023101851851 0.48075 0.7366785069444445 0.4705 0.7357904074074073 0.46449999999999997 0.7300177615740742 0.459 0.7233570162037037 0.45575 0.7047069282407408 0.45425 0.6940497337962962 0.45599999999999996 0.6860568379629629 0.45975 0.6798401412037037 0.46649999999999997 0.6793960925925927 0.47225 0.6811722916666667 0.47725 0.6847246898148148 0.48175 0.689609236111111 0.48475
13 0.8134991111111112 0.55375 0.8214920069444445 0.5529999999999999 0.8285968032407408 0.5515 0.8365896990740741 0.54775 0.8423623449074074 0.54125 0.8441385439814815 0.53325 0.8405861458333334 0.52625 0.8348135 0.5217499999999999 0.8312611018518519 0.52 0.8210479583333333 0.51825 0.7992895208333333 0.519 0.793516875 0.521 0.7912966250000001 0.52475 0.7904085254629629 0.53625 0.7957371226851853 0.546 0.8037300185185186 0.5515 0.8134991111111112 0.55375
13 0.5852575486111111 0.5505 0.5985790416666666 0.55075 0.6101243333333334 0.5479999999999999 0.6181172291666667 0.5435 0.6247779745370371 0.537 0.625666074074074 0.5317500000000001 0.623001775462963 0.525 0.6154529305555556 0.519 0.6087921851851852 0.517 0.6034635879629631 0.51625 0.5701598587962963 0.517 0.5639431620370371 0.5187499999999999 0.5630550625 0.52525 0.5630550625 0.53625 0.5670515092592593 0.543 0.5737122546296296 0.54725 0.5852575486111111 0.5505
13 0.3690053287037037 0.54925 0.3907637662037037 0.5445 0.39653641203703704 0.5405 0.4018650092592593 0.53275 0.4005328587962963 0.5237499999999999 0.3960923634259259 0.52275 0.3929840138888889 0.519 0.3889875671296296 0.51725 0.3734458263888889 0.515 0.35568383564814815 0.5187499999999999 0.35257548842592595 0.5205 0.3450266435185185 0.52225 0.34280639351851855 0.527 0.34147424537037036 0.53275 0.3468028425925926 0.54125 0.3516873888888889 0.54475 0.3690053287037037 0.54925
13 0.1287744236111111 0.54675 0.13632326851851853 0.54825 0.14520426388888888 0.5485 0.16163410416666668 0.54775 0.16607459953703702 0.5465 0.17051509722222222 0.5367500000000001 0.17051509722222222 0.5257499999999999 0.1651865 0.51925 0.15763765509259262 0.51525 0.14742451157407407 0.513 0.13365896990740742 0.5125000000000001 0.12300177546296297 0.5155 0.11545293055555556 0.52025 0.11012433333333334 0.526 0.11012433333333334 0.53275 0.11456483101851853 0.5385 0.12033747685185185 0.54325 0.1287744236111111 0.54675
13 0.2442273541666667 0.6097499999999999 0.2557726458333333 0.611 0.2650976898148148 0.61025 0.27575488425925926 0.60675 0.28063943055555557 0.6024999999999999 0.2824156296296296 0.599 0.2815275300925926 0.588 0.27220248611111114 0.5805 0.2624333935185185 0.578 0.2544404976851852 0.57725 0.23801065740740743 0.58025 0.2282415625 0.586 0.22557726388888888 0.5895 0.22468916435185185 0.5964999999999999 0.22602131481481483 0.6 0.2375666064814815 0.60775 0.2442273541666667 0.6097499999999999
13 0.4666962708333333 0.61 0.4951154537037037 0.61075 0.5008880995370371 0.6092500000000001 0.5088809953703703 0.603 0.5111012430555556 0.59675 0.5093250439814815 0.5885 0.5057726458333334 0.585 0.49467140277777777 0.57975 0.4849023101851852 0.5785 0.46403197222222226 0.57975 0.456483125 0.583 0.4498223796296297 0.5915 0.44937833101851854 0.59775 0.45293072916666666 0.6024999999999999 0.4600355231481481 0.6075 0.4666962708333333 0.61
13 0.6922735347222222 0.61325 0.7029307291666667 0.61375 0.7166962708333334 0.61175 0.7238010648148148 0.6092500000000001 0.728685613425926 0.60575 0.7331261111111111 0.59925 0.7335701597222223 0.59375 0.7317939606481482 0.5885 0.7264653634259259 0.58375 0.7175843703703704 0.5815 0.7029307291666667 0.5812499999999999 0.6904973356481482 0.5842499999999999 0.6816163402777777 0.58875 0.6776198935185185 0.5935 0.6767317939814815 0.6022500000000001 0.6780639421296297 0.606 0.6860568379629629 0.61125 0.6922735347222222 0.61325
13 0.5954706921296297 0.6747500000000001 0.6096802847222222 0.6707500000000001 0.6181172291666667 0.6645000000000001 0.6216696273148149 0.6582499999999999 0.6212255763888889 0.6525 0.6167850810185186 0.6465000000000001 0.6114564837962964 0.6445 0.5932504444444445 0.642 0.5674955601851852 0.64625 0.5626110115740741 0.6495 0.5595026643518518 0.6542500000000001 0.5590586134259259 0.66125 0.5639431620370371 0.668 0.5879218472222222 0.67525 0.5954706921296297 0.6747500000000001
13 0.36234458333333336 0.675 0.376110125 0.6745 0.3894316157407407 0.67 0.3978685601851852 0.6645000000000001 0.39964475925925924 0.65625 0.39742451157407405 0.65125 0.3907637662037037 0.646 0.38454706944444444 0.64325 0.373889875 0.6415 0.35834813425925927 0.6417499999999999 0.3459147430555556 0.64375 0.33969804629629635 0.6425 0.3370337476851852 0.644 0.3361456481481482 0.6465000000000001 0.33792184722222224 0.66275 0.3432504444444444 0.66825 0.3521314398148148 0.6729999999999999 0.36234458333333336 0.675