4 0.34953703703703703 0.36574074074074076 0.35185185185185186 0.3680555555555556 0.3680555555555556 0.37037037037037035 0.38657407407407407 0.37962962962962965 0.40046296296296297 0.39814814814814814 0.40046296296296297 0.4166666666666667 0.4027777777777778 0.41898148148148145 0.4375 0.41898148148148145 0.4398148148148148 0.4212962962962963 0.4537037037037037 0.4212962962962963 0.47685185185185186 0.4305555555555556 0.48842592592592593 0.44212962962962965 0.4930555555555556 0.4513888888888889 0.4930555555555556 0.46064814814814814 0.49074074074074076 0.46296296296296297 0.49074074074074076 0.4675925925925926 0.47685185185185186 0.48148148148148145 0.4722222222222222 0.48148148148148145 0.46064814814814814 0.48842592592592593 0.4537037037037037 0.48842592592592593 0.4513888888888889 0.49074074074074076 0.4305555555555556 0.49074074074074076 0.42824074074074076 0.4930555555555556 0.41898148148148145 0.4930555555555556 0.4166666666666667 0.49074074074074076 0.4050925925925926 0.49074074074074076 0.40046296296296297 0.4930555555555556 0.39814814814814814 0.49537037037037035 0.39814814814814814 0.5115740740740741 0.39351851851851855 0.5208333333333334 0.38425925925925924 0.5300925925925926 0.36342592592592593 0.5393518518518519 0.3541666666666667 0.5393518518518519 0.35185185185185186 0.5416666666666666 0.3425925925925926 0.5416666666666666 0.3402777777777778 0.5439814814814815 0.33101851851851855 0.5439814814814815 0.3263888888888889 0.5416666666666666 0.3263888888888889 0.5277777777777778 0.3333333333333333 0.5231481481481481 0.3425925925925926 0.5231481481481481 0.3472222222222222 0.5185185185185185 0.3541666666666667 0.5162037037037037 0.3587962962962963 0.5092592592592593 0.3587962962962963 0.49537037037037035 0.3541666666666667 0.49074074074074076 0.33101851851851855 0.49074074074074076 0.33101851851851855 0.47453703703703703 0.3333333333333333 0.4722222222222222 0.3587962962962963 0.4722222222222222 0.3611111111111111 0.4699074074074074 0.3611111111111111 0.44212962962962965 0.35648148148148145 0.4375 0.3541666666666667 0.4398148148148148 0.3425925925925926 0.4398148148148148 0.3402777777777778 0.4375 0.33564814814814814 0.4375 0.3333333333333333 0.4351851851851852 0.3333333333333333 0.41898148148148145 0.33796296296296297 0.4166666666666667 0.3425925925925926 0.4166666666666667 0.3449074074074074 0.41898148148148145 0.35648148148148145 0.41898148148148145 0.36342592592592593 0.41203703703703703 0.36342592592592593 0.39814814814814814 0.35648148148148145 0.3912037037037037 0.3449074074074074 0.38657407407407407 0.33796296296296297 0.38657407407407407 0.33564814814814814 0.38425925925925924 0.3333333333333333 0.3680555555555556 0.33564814814814814 0.36574074074074076 0.3472222222222222 0.36574074074074076
11 0.08348134953703704 0.4975 0.07682060416666667 0.6715000000000001 0.07726465277777778 0.68675 0.08348134953703704 0.6975 0.08392540046296296 0.7034999999999999 0.07326820601851852 0.72375 0.0706039074074074 0.7342500000000001 0.06838365972222221 0.7372500000000001 0.06927175925925926 0.757 0.07238010648148148 0.76325 0.07593250462962962 0.7657499999999999 0.07992895138888889 0.767 0.10079928935185185 0.76775 0.32859680324074075 0.7725000000000001 0.4116341041666666 0.7725000000000001 0.44671403240740737 0.77425 0.4751332152777778 0.7735 0.4871225578703704 0.77525 0.5182060393518518 0.7745 0.5222024861111111 0.7755000000000001 0.5270870347222222 0.77475 0.5319715810185185 0.776 0.5497335694444444 0.777 0.583037300925926 0.7767499999999999 0.6403197152777778 0.77825 0.7060390763888889 0.778 0.7091474236111112 0.7792500000000001 0.937833037037037 0.7835 0.9600355231481481 0.7835 0.9706927175925926 0.778 0.9760213148148148 0.778 0.977353462962963 0.7795000000000001 0.979129662037037 0.7727499999999999 0.9777975138888889 0.77125 0.9840142106481481 0.7675 0.9853463587962963 0.7645000000000001 0.9866785069444445 0.74925 0.9835701597222223 0.7482500000000001 0.9844582592592593 0.737 0.9804618125 0.73175 0.9769094143518517 0.73 0.9733570162037037 0.7232500000000001 0.9738010648148148 0.7204999999999999 0.9702486689814814 0.718 0.9666962708333334 0.71775 0.9622557731481481 0.71525 0.9640319722222223 0.7060000000000001 0.9680284189814815 0.6972499999999999 0.9684724699074074 0.6857500000000001 0.9684724699074074 0.42050000000000004 0.9671403194444445 0.40650000000000003 0.9649200717592592 0.40399999999999997 0.9666962708333334 0.40225 0.9649200717592592 0.39375 0.9680284189814815 0.38275000000000003 0.9671403194444445 0.34875 0.9684724699074074 0.34575 0.9684724699074074 0.3165 0.960479574074074 0.303 0.9529307291666667 0.29675 0.9391651875 0.2895 0.9253996458333333 0.28500000000000003 0.9045293078703703 0.28275 0.8765541736111111 0.283 0.8738898749999999 0.28375 0.8627886319444444 0.28250000000000003 0.8459147430555555 0.2835 0.8348135 0.28275 0.831705150462963 0.28400000000000003 0.8072824166666668 0.28250000000000003 0.4316163402777778 0.28275 0.41829484953703705 0.283 0.41429840046296296 0.28475 0.40630550694444445 0.28500000000000003 0.38321491898148147 0.28250000000000003 0.3765541736111111 0.28250000000000003 0.37255772685185184 0.28375 0.35257548842592595 0.28425 0.3485790416666667 0.28275 0.3445825925925926 0.28325 0.34058614583333335 0.28225 0.2788632337962963 0.28275 0.2738308171296296 0.28375 0.2584369444444445 0.28225 0.23712255787037037 0.28225 0.2277975138888889 0.28325 0.21047957407407408 0.28225 0.1798401412037037 0.283 0.16829484953703702 0.28225 0.1305506226851852 0.2865 0.12078152777777777 0.29 0.10790408564814814 0.29750000000000004 0.0945825925925926 0.3125 0.09147424537037037 0.33375 0.09103019444444443 0.377 0.08614564814814815 0.45025000000000004 0.08614564814814815 0.47300000000000003 0.08348134953703704 0.4975
12 0.9862899652777778 0.7024475 0.05402975231481481 0.7024475 0.05402975231481481 0.7872925000000001 0.9862899652777778 0.7872925000000001 0.9862899652777778 0.7024475
13 0.43694493749999996 0.3665 0.4431616342592593 0.36475 0.44937833101851854 0.3605 0.4538188287037037 0.35450000000000004 0.4547069282407407 0.3485 0.45115453009259254 0.341 0.4462699814814815 0.3375 0.4325044398148148 0.33475 0.4222912962962963 0.3355 0.4107460046296296 0.3405 0.4058614560185185 0.3455 0.4067495555555556 0.35500000000000004 0.4151865 0.36325 0.42451154629629634 0.36574999999999996 0.43694493749999996 0.3665
13 0.6181172291666667 0.366 0.6305506226851852 0.36475 0.6372113680555556 0.361 0.6425399652777778 0.356 0.643872113425926 0.3485 0.6420959143518518 0.34425 0.6345470694444444 0.33799999999999997 0.6305506226851852 0.33675 0.6234458263888889 0.3355 0.6087921851851852 0.33575000000000005 0.6007992893518519 0.33875 0.5945825925925926 0.34625 0.5954706921296297 0.356 0.6021314398148149 0.363 0.606127886574074 0.365 0.6181172291666667 0.366
13 0.7206927175925926 0.41875 0.7269094143518517 0.41675 0.7344582592592593 0.41125 0.7371225578703703 0.405 0.7362344583333333 0.3995 0.7313499120370369 0.39375 0.7224689166666667 0.39025 0.7144760208333333 0.3895 0.6998223796296296 0.39149999999999996 0.6913854351851852 0.39575 0.6887211365740741 0.39925 0.6887211365740741 0.40775 0.6922735347222222 0.4125 0.706483125 0.41875 0.7206927175925926 0.41875
13 0.518650087962963 0.4185 0.5257548842592593 0.41825 0.5364120787037037 0.416 0.5444049722222223 0.4115 0.5475133217592593 0.40775 0.5461811712962963 0.398 0.5417406759259259 0.394 0.5328596805555555 0.39025 0.519982238425926 0.39025 0.5079928958333334 0.39175 0.5013321481481482 0.396 0.49866785185185186 0.40025 0.49822380092592594 0.405 0.5035523981481481 0.41225 0.5088809953703703 0.416 0.518650087962963 0.4185
13 0.32815275231481483 0.41625 0.3468028425925926 0.41475 0.35346358796296296 0.41175 0.3592362337962963 0.40475 0.3592362337962963 0.39775 0.35568383564814815 0.39425 0.3468028425925926 0.39075 0.3370337476851852 0.389 0.32815275231481483 0.38925000000000004 0.31927175925925927 0.39149999999999996 0.3134991111111111 0.39475000000000005 0.31039076388888887 0.39925 0.309946712962963 0.40425 0.31394316203703704 0.41000000000000003 0.3174955601851852 0.413 0.32815275231481483 0.41625
13 0.2397868564814815 0.475 0.24511545370370372 0.47525 0.25532859722222223 0.47375 0.2664298402777778 0.47025 0.27397868518518514 0.4635 0.2775310833333333 0.457 0.27575488425925926 0.4465 0.26287744212962966 0.43825000000000003 0.2584369444444445 0.43650000000000005 0.25133214814814814 0.4355 0.2375666064814815 0.43674999999999997 0.22468916435185185 0.4405 0.2158081712962963 0.44549999999999995 0.21181172222222222 0.4505 0.21181172222222222 0.45975 0.21536412037037037 0.46499999999999997 0.23312611111111112 0.474 0.2397868564814815 0.475
13 0.42539964583333334 0.46974999999999995 0.4356127893518518 0.46925 0.4449378333333333 0.46625 0.45293072916666666 0.46 0.45426287731481485 0.45625 0.45204262962962966 0.4495 0.4471580810185185 0.44575 0.4391651875 0.44325000000000003 0.4320603912037037 0.44199999999999995 0.4187388981481482 0.44225 0.40896980555555557 0.4445 0.4036412083333334 0.44975 0.4040852569444444 0.46125 0.40719360648148145 0.46625 0.41207815277777776 0.46799999999999997 0.42539964583333334 0.46974999999999995
13 0.6167850810185186 0.47175 0.623001775462963 0.47100000000000003 0.6332149189814814 0.46775000000000005 0.6385435162037036 0.46325 0.6403197152777778 0.45599999999999996 0.6380994675925926 0.451 0.6301065717592592 0.445 0.6203374768518519 0.44175000000000003 0.6114564837962964 0.44199999999999995 0.6016873888888888 0.44475000000000003 0.5950266435185185 0.448 0.5910301944444444 0.45425 0.5919182939814815 0.4635 0.5954706921296297 0.46675 0.6056838356481481 0.47125 0.6167850810185186 0.47175
13 0.8001776203703704 0.47125 0.810390763888889 0.47250000000000003 0.8174955601851851 0.472 0.8272646527777778 0.46900000000000003 0.833037300925926 0.46449999999999997 0.8348135 0.45825 0.833037300925926 0.45275 0.8285968032407408 0.44825000000000004 0.8206039074074073 0.445 0.8130550624999999 0.444 0.7975133217592593 0.44525000000000003 0.7873001782407407 0.4495 0.7841918287037037 0.45425 0.7837477800925926 0.4605 0.7868561273148148 0.46575 0.7899644768518519 0.46799999999999997 0.8001776203703704 0.47125
13 0.7024866782407407 0.525 0.7166962708333334 0.5255 0.7269094143518517 0.5235 0.7322380115740741 0.51975 0.7349023101851851 0.516 0.7353463587962963 0.50825 0.7326820601851851 0.50425 0.7238010648148148 0.498 0.7166962708333334 0.4965 0.706483125 0.49550000000000005 0.6967140324074074 0.498 0.688277087962963 0.5035 0.6856127893518519 0.50875 0.6851687384259258 0.516 0.687833037037037 0.5195 0.6927175833333332 0.52275 0.7024866782407407 0.525
13 0.5288632337962963 0.5235 0.5324156296296296 0.52275 0.5417406759259259 0.51725 0.5439609236111111 0.513 0.543516875 0.505 0.5364120787037037 0.49825 0.5257548842592593 0.495 0.5137655416666667 0.496 0.5035523981481481 0.49924999999999997 0.49955595138888886 0.50175 0.4964476018518518 0.50725 0.4968916527777778 0.5155 0.5053285972222222 0.523 0.520870337962963 0.52425 0.5288632337962963 0.5235
13 0.3241563055555556 0.52425 0.3485790416666667 0.518 0.35479573611111115 0.51225 0.35479573611111115 0.5005000000000001 0.35346358796296296 0.49875 0.3454706921296296 0.49475 0.3277087037037037 0.49325 0.3219360578703704 0.49375 0.30950266435185186 0.50025 0.30639431712962967 0.50575 0.3059502662037037 0.509 0.3090586134259259 0.517 0.3174955601851852 0.52325 0.3241563055555556 0.52425
13 0.22291296527777776 0.5745 0.23268206018518517 0.576 0.24111900462962962 0.57575 0.25 0.5735 0.2557726458333333 0.5705 0.2597690949074074 0.56425 0.2602131435185185 0.5595 0.25532859722222223 0.55025 0.250888099537037 0.54775 0.23934280555555554 0.546 0.22335701620370368 0.5475 0.21492007175925926 0.55075 0.21047957407407408 0.55625 0.21003552314814816 0.5615 0.21225577314814817 0.56775 0.21536412037037037 0.571 0.22291296527777776 0.5745
13 0.4147424513888889 0.57675 0.4280639421296296 0.57775 0.43472468981481477 0.57675 0.4413854351851852 0.57425 0.4476021319444445 0.56925 0.44893428009259256 0.56575 0.4476021319444445 0.5569999999999999 0.44582593287037037 0.554 0.4356127893518518 0.5479999999999999 0.42451154629629634 0.547 0.4129662523148148 0.54875 0.4036412083333334 0.5527500000000001 0.39920071064814816 0.558 0.39875665972222224 0.5635 0.4023090578703704 0.57025 0.4076376550925926 0.5745 0.4147424513888889 0.57675
13 0.6043516875 0.5785 0.6119005324074074 0.579 0.625666074074074 0.57775 0.6336589699074074 0.5750000000000001 0.6385435162037036 0.56725 0.6385435162037036 0.56075 0.6332149189814814 0.55425 0.6283303726851851 0.5515 0.6198934282407408 0.5495 0.603019537037037 0.5499999999999999 0.5919182939814815 0.55525 0.5888099467592592 0.56075 0.5883658958333333 0.5645 0.5919182939814815 0.57375 0.5985790416666666 0.5755 0.6043516875 0.5785
13 0.8010657199074074 0.58025 0.8143872106481481 0.581 0.8241563055555555 0.5792499999999999 0.8308170509259258 0.5745 0.8348135 0.5680000000000001 0.833037300925926 0.56075 0.8277087037037036 0.55625 0.8210479583333333 0.5527500000000001 0.810390763888889 0.55125 0.8032859675925926 0.551 0.793516875 0.55325 0.7859680277777777 0.55825 0.7833037291666666 0.56325 0.7828596805555555 0.571 0.7859680277777777 0.57525 0.7899644768518519 0.5775 0.8010657199074074 0.58025
13 0.7091474236111112 0.6345 0.7238010648148148 0.6339999999999999 0.7309058611111111 0.6307499999999999 0.7344582592592593 0.6269999999999999 0.7349023101851851 0.6162500000000001 0.7304618125 0.61025 0.7202486689814814 0.60575 0.7055950277777777 0.6045 0.6940497337962962 0.60675 0.6887211365740741 0.6097499999999999 0.6851687384259258 0.61575 0.6856127893518519 0.6244999999999999 0.6887211365740741 0.62925 0.7024866782407407 0.6337499999999999 0.7091474236111112 0.6345
13 0.5119893425925925 0.632 0.5195381875 0.63225 0.5266429837962963 0.63125 0.5355239791666667 0.62825 0.541296625 0.62075 0.542184724537037 0.6160000000000001 0.5377442268518519 0.6075 0.5293072824074074 0.6027499999999999 0.5164298402777777 0.6015 0.5084369444444444 0.60175 0.4977797523148148 0.6055 0.4924511550925926 0.61275 0.49333925462962963 0.6215 0.4977797523148148 0.6269999999999999 0.501776199074074 0.62925 0.5119893425925925 0.632
13 0.32149200694444446 0.6305 0.3312611018518518 0.6307499999999999 0.3419182939814815 0.6285 0.35124334027777776 0.62175 0.35257548842592595 0.61775 0.35124334027777776 0.60875 0.3468028425925926 0.60475 0.33880994675925924 0.601 0.3134991111111111 0.60175 0.3068383657407407 0.606 0.3028419189814815 0.6115 0.3028419189814815 0.61975 0.3059502662037037 0.6237499999999999 0.3108348125 0.6269999999999999 0.32149200694444446 0.6305
13 0.4116341041666666 0.68525 0.4205150972222222 0.6857500000000001 0.43294849074074077 0.6835 0.4387211365740741 0.68025 0.4440497337962963 0.675 0.4449378333333333 0.67 0.44182948379629633 0.66425 0.437833037037037 0.6607500000000001 0.4289520416666666 0.6565 0.42140319675925925 0.6557499999999999 0.40852575462962964 0.657 0.39964475925925924 0.6607500000000001 0.39564831250000004 0.6647500000000001 0.39431616435185185 0.6725 0.39653641203703704 0.677 0.4058614560185185 0.6835 0.4116341041666666 0.68525
13 0.6016873888888888 0.6875 0.6158969814814815 0.6885 0.6274422731481482 0.6857500000000001 0.6354351689814814 0.6805 0.6380994675925926 0.67325 0.6341030185185185 0.6649999999999999 0.623001775462963 0.66025 0.6105683842592592 0.6595 0.5950266435185185 0.6607500000000001 0.5905861458333334 0.6635 0.5879218472222222 0.668 0.5870337476851852 0.6747500000000001 0.5896980462962963 0.68075 0.5932504444444445 0.6845 0.6016873888888888 0.6875