8 0.49074074074074076 0.38425925925925924 0.5046296296296297 0.39814814814814814 0.5069444444444444 0.41435185185185186 0.5023148148148148 0.4236111111111111 0.4861111111111111 0.4398148148148148 0.4791666666666667 0.44212962962962965 0.46296296296296297 0.4537037037037037 0.4976851851851852 0.47685185185185186 0.5023148148148148 0.4837962962962963 0.5023148148148148 0.5023148148148148 0.5 0.5069444444444444 0.4930555555555556 0.5162037037037037 0.4791666666666667 0.5231481481481481 0.47453703703703703 0.5277777777777778 0.4652777777777778 0.5300925925925926 0.46064814814814814 0.5347222222222222 0.4652777777777778 0.5416666666666666 0.47685185185185186 0.5462962962962963 0.4722222222222222 0.5532407407407407 0.4675925925925926 0.5532407407407407 0.4537037037037037 0.5625 0.4444444444444444 0.5625 0.4305555555555556 0.5532407407407407 0.4236111111111111 0.5532407407407407 0.41898148148148145 0.5578703703703703 0.41435185185185186 0.5578703703703703 0.39814814814814814 0.5717592592592593 0.39814814814814814 0.5787037037037037 0.4027777777777778 0.5856481481481481 0.4027777777777778 0.5902777777777778 0.375 0.6064814814814815 0.36574074074074076 0.6018518518518519 0.35648148148148145 0.5902777777777778 0.3541666666666667 0.5856481481481481 0.3541666666666667 0.5717592592592593 0.3587962962962963 0.5625 0.36574074074074076 0.5555555555555556 0.40046296296296297 0.5370370370370371 0.39351851851851855 0.5300925925925926 0.37037037037037035 0.5185185185185185 0.3611111111111111 0.5092592592592593 0.3587962962962963 0.4976851851851852 0.35648148148148145 0.49537037037037035 0.3587962962962963 0.4837962962962963 0.36574074074074076 0.47453703703703703 0.38657407407407407 0.46064814814814814 0.3958333333333333 0.4583333333333333 0.4027777777777778 0.4537037037037037 0.39814814814814814 0.44675925925925924 0.39351851851851855 0.44675925925925924 0.38657407407407407 0.44212962962962965 0.38425925925925924 0.4398148148148148 0.38657407407407407 0.4375 0.4074074074074074 0.42592592592592593 0.41435185185185186 0.42592592592592593 0.42824074074074076 0.4351851851851852 0.4398148148148148 0.4351851851851852 0.4444444444444444 0.4305555555555556 0.44907407407407407 0.4305555555555556 0.4675925925925926 0.41435185185185186 0.4675925925925926 0.4097222222222222 0.46064814814814814 0.4027777777777778 0.46064814814814814 0.3958333333333333 0.47453703703703703 0.38657407407407407 0.48842592592592593 0.38425925925925924
11 0 0.6445 0.0053285972222222215 0.6659999999999999 0.0039964467592592595 0.6685 0.009325043981481483 0.67525 0.007992895833333333 0.6785000000000001 0.009325043981481483 0.68125 0.007992895833333333 0.6847500000000001 0.009325043981481483 0.6985 0.007548844907407408 0.7112499999999999 0.00888099537037037 0.7170000000000001 0.0062166967592592595 0.719 0.004884546296296296 0.724 0.010657194444444443 0.72975 0.011989342592592591 0.733 0.015097689814814816 0.7340000000000001 0.011101243055555555 0.7372500000000001 0.012877442129629631 0.74075 0.011101243055555555 0.74475 0.014209592592592591 0.7484999999999999 0.011989342592592591 0.749 0.010657194444444443 0.751 0.013321493055555555 0.75475 0.011989342592592591 0.7585000000000001 0.015097689814814816 0.7585000000000001 0.02220248611111111 0.755 0.025754884259259262 0.7555 0.02797513425925926 0.754 0.0364120787037037 0.7545000000000001 0.039520425925925924 0.75625 0.04262877546296297 0.754 0.05373001851851852 0.7575000000000001 0.05639431712962963 0.7565 0.05950266435185186 0.757 0.07415630555555557 0.763 0.08126110185185186 0.762 0.08658969907407409 0.7597499999999999 0.10035524074074074 0.76225 0.15763765509259262 0.76425 0.17051509722222222 0.763 0.18516873842592593 0.76475 0.33658969907407404 0.76725 0.3468028425925926 0.7665 0.3841030185185185 0.76725 0.4009769097222222 0.76625 0.4040852569444444 0.76725 0.4151865 0.76725 0.4356127893518518 0.76925 0.5324156296296296 0.7705 0.5461811712962963 0.7697499999999999 0.5608348125 0.77075 0.6283303726851851 0.7715000000000001 0.6372113680555556 0.77325 0.645204263888889 0.7722500000000001 0.6509769097222221 0.7729999999999999 0.6585257546296297 0.77175 0.6811722916666667 0.7729999999999999 0.6860568379629629 0.772 0.689609236111111 0.7727499999999999 0.7002664305555556 0.772 0.7042628773148147 0.7729999999999999 0.7122557731481481 0.772 0.7233570162037037 0.7735 0.7264653634259259 0.7727499999999999 0.7650976898148149 0.774 0.7801953819444444 0.7729999999999999 0.7855239791666667 0.774 0.8041740671296296 0.7737499999999999 0.8174955601851851 0.7729999999999999 0.8250444050925926 0.7705 0.8290408518518518 0.77125 0.8348135 0.76925 0.8388099467592594 0.7695 0.8521314398148149 0.76475 0.8667850810185186 0.75525 0.8712255763888889 0.747 0.8774422731481482 0.7417499999999999 0.8796625231481481 0.735 0.8841030185185185 0.6445 0.8823268217592592 0.6385 0.8845470694444444 0.624 0.8863232685185186 0.5605 0.8845470694444444 0.5575 0.8858792175925926 0.55475 0.8854351689814814 0.54625 0.8818827708333333 0.543 0.8849911180555556 0.54025 0.8876554166666666 0.523 0.8876554166666666 0.45625 0.8903197152777778 0.44975 0.8912078148148148 0.4075 0.8894316157407408 0.40199999999999997 0.8916518657407407 0.39425 0.8907637662037038 0.38225000000000003 0.8920959143518518 0.38075000000000003 0.8925399652777778 0.35375 0.8925399652777778 0.33675 0.8903197152777778 0.328 0.8920959143518518 0.325 0.8920959143518518 0.31375 0.893872113425926 0.31150000000000005 0.8947602129629629 0.27475 0.8943161643518519 0.262 0.8912078148148148 0.2515 0.8854351689814814 0.24875 0.8814387222222222 0.24150000000000002 0.8707815277777777 0.23324999999999999 0.8454706921296297 0.22375 0.8383658958333333 0.223 0.8343694490740741 0.224 0.8277087037037036 0.22225 0.7966252222222222 0.22 0.7859680277777777 0.22025 0.7793072824074074 0.22274999999999998 0.7757548842592592 0.222 0.7739786851851852 0.22375 0.771314386574074 0.22425 0.7588809953703703 0.2205 0.7353463587962963 0.22175 0.7269094143518517 0.22075 0.7224689166666667 0.22274999999999998 0.7166962708333334 0.21975 0.6629662523148149 0.2205 0.6580817060185185 0.2195 0.6323268217592592 0.21975 0.6278863240740741 0.22099999999999997 0.6221136759259259 0.21975 0.6127886319444444 0.22225 0.6056838356481481 0.22 0.5341918287037037 0.22025 0.5253108356481482 0.222 0.5213143865740741 0.22025 0.5088809953703703 0.2195 0.49822380092592594 0.22025 0.49467140277777777 0.2215 0.49200710416666665 0.22075 0.48623445833333334 0.22125 0.48001776157407405 0.2195 0.4746891643518519 0.22075 0.46802841898148145 0.22025 0.456483125 0.223 0.45293072916666666 0.22025 0.44937833101851854 0.2195 0.43694493749999996 0.22025 0.4320603912037037 0.2215 0.42539964583333334 0.2195 0.41829484953703705 0.22 0.41563055092592593 0.22125 0.41119005324074076 0.2195 0.35568383564814815 0.21975 0.3468028425925926 0.2215 0.3383658958333334 0.2205 0.33214920138888887 0.222 0.3250444050925926 0.219 0.26065719444444446 0.2195 0.25177619907407406 0.21875 0.24911190046296297 0.22125 0.23623445833333334 0.2215 0.22380106481481482 0.218 0.03108348148148148 0.2175 0.018650087962962966 0.215 0.011989342592592591 0.21475000000000002 0.007104796296296296 0.21675 0.004884546296296296 0.21650000000000003 0.007548844907407408 0.2205 0.0039964467592592595 0.22325 0 0.33099999999999996 0 0.6445
12 0 0.77586625 0.0693516875 0.77586625 0.0693516875 0.21104375 0 0.21104375 0 0.77586625
13 0.3401420949074074 0.32949999999999996 0.3485790416666667 0.327 0.35435168749999996 0.32375000000000004 0.3574600347222222 0.32025000000000003 0.35834813425925927 0.31224999999999997 0.35435168749999996 0.30524999999999997 0.3463587916666666 0.29974999999999996 0.3419182939814815 0.29875 0.3348135 0.29774999999999996 0.3272646527777778 0.298 0.3174955601851852 0.3 0.309946712962963 0.304 0.3050621666666667 0.31150000000000005 0.30639431712962967 0.32049999999999995 0.309946712962963 0.32399999999999995 0.3183836597222222 0.32825 0.3401420949074074 0.32949999999999996
13 0.5359680277777777 0.33075 0.5506216689814815 0.33125 0.5581705162037037 0.33 0.5643872106481482 0.3265 0.5692717592592592 0.3215 0.5683836597222223 0.31150000000000005 0.5630550625 0.30524999999999997 0.5537300185185186 0.3005 0.5386323263888889 0.2995 0.5279751342592592 0.30174999999999996 0.520870337962963 0.3055 0.5164298402777777 0.31325000000000003 0.5159857893518518 0.3185 0.518650087962963 0.3235 0.5257548842592593 0.32749999999999996 0.5359680277777777 0.33075
13 0.6403197152777778 0.39325 0.6487566597222222 0.39349999999999996 0.6598579050925926 0.39199999999999996 0.6696269976851852 0.386 0.6727353472222222 0.38275000000000003 0.6740674953703704 0.37625 0.6718472476851851 0.3695 0.6691829490740742 0.366 0.6594138541666666 0.362 0.6460923634259259 0.36125 0.6332149189814814 0.36275 0.6247779745370371 0.3665 0.6190053287037037 0.37325 0.6185612777777778 0.38025 0.6216696273148149 0.384 0.6341030185185185 0.39199999999999996 0.6403197152777778 0.39325
13 0.42673179398148153 0.391 0.43605683796296296 0.39199999999999996 0.44937833101851854 0.38975000000000004 0.4604795740740741 0.38125 0.4613676736111111 0.3735 0.4569271759259259 0.36675 0.4498223796296297 0.362 0.43960923611111113 0.359 0.4320603912037037 0.359 0.4205150972222222 0.3615 0.41119005324074076 0.36625 0.40852575462962964 0.37 0.40719360648148145 0.37675 0.40941385416666665 0.381 0.4169626990740741 0.3875 0.42673179398148153 0.391
13 0.2202486689814815 0.38825 0.23134991203703703 0.38825 0.24111900462962962 0.38575000000000004 0.24911190046296297 0.38075000000000003 0.2526642986111111 0.37325 0.25 0.36774999999999997 0.2442273541666667 0.36224999999999996 0.2375666064814815 0.35874999999999996 0.2277975138888889 0.35725 0.2202486689814815 0.35725 0.21003552314814816 0.359 0.2011545300925926 0.36374999999999996 0.19760213194444443 0.36975 0.19760213194444443 0.37725000000000003 0.2033747777777778 0.38375 0.2140319722222222 0.3875 0.2202486689814815 0.38825
13 0.11278863194444444 0.44825000000000004 0.11856127777777778 0.44825000000000004 0.12966252314814813 0.44575 0.1407637662037037 0.4395 0.14342806481481482 0.43575 0.14431616435185185 0.42950000000000005 0.14253996527777776 0.4255 0.13010657175925924 0.418 0.11989342824074074 0.41550000000000004 0.11101243287037038 0.416 0.09813499074074075 0.41975 0.09369449305555556 0.42274999999999996 0.0901420949074074 0.42875 0.08880994675925925 0.43225 0.09280639351851852 0.4395 0.10257548842592591 0.445 0.11278863194444444 0.44825000000000004
13 0.3157193611111111 0.448 0.3348135 0.44875000000000004 0.34147424537037036 0.4475 0.3494671412037037 0.44275 0.3539076365740741 0.437 0.35479573611111115 0.43024999999999997 0.3521314398148148 0.42525 0.3476909421296296 0.42250000000000004 0.33792184722222224 0.41900000000000004 0.32460035416666666 0.418 0.3157193611111111 0.4195 0.30417406712962963 0.42474999999999996 0.30062166898148146 0.42875 0.3001776203703703 0.436 0.30195381944444444 0.4395 0.3090586134259259 0.44575 0.3157193611111111 0.448
13 0.5461811712962963 0.45175000000000004 0.5559502662037037 0.44825000000000004 0.5617229120370371 0.44475000000000003 0.5652753101851852 0.43875 0.5643872106481482 0.432 0.5603907638888889 0.42575 0.5559502662037037 0.4235 0.5452930717592592 0.42075 0.5293072824074074 0.42025 0.5239786851851852 0.42124999999999996 0.5142095925925926 0.42674999999999996 0.5093250439814815 0.43324999999999997 0.5102131435185185 0.43925 0.5177619884259259 0.44625 0.5324156296296296 0.45175000000000004 0.5461811712962963 0.45175000000000004
13 0.7477797523148149 0.4535 0.7562166967592593 0.45399999999999996 0.7686500879629631 0.451 0.7757548842592592 0.44625 0.7797513310185186 0.44075 0.7801953819444444 0.435 0.7748667847222223 0.42775 0.7659857893518519 0.42274999999999996 0.7553285972222222 0.42075 0.7446714027777778 0.42124999999999996 0.7309058611111111 0.42474999999999996 0.7246891643518518 0.4305 0.7229129652777778 0.4375 0.7260213148148148 0.446 0.7340142106481481 0.45075 0.7477797523148149 0.4535
13 0.6327708703703704 0.51075 0.6456483125 0.511 0.6576376550925926 0.50925 0.6660745995370371 0.50425 0.6696269976851852 0.49825 0.6678507986111112 0.491 0.6611900532407406 0.48425 0.6545293078703703 0.48225 0.6443161643518519 0.481 0.6358792175925926 0.4805 0.6301065717592592 0.481 0.6261101250000001 0.4825 0.6185612777777778 0.4865 0.6145648310185186 0.49274999999999997 0.6145648310185186 0.501 0.6185612777777778 0.50575 0.6234458263888889 0.5085 0.6327708703703704 0.51075
13 0.416518650462963 0.50875 0.42451154629629634 0.5105 0.4365008888888889 0.511 0.4462699814814815 0.5085 0.45293072916666666 0.50475 0.4560390763888889 0.5005000000000001 0.4547069282407407 0.48850000000000005 0.4484902314814815 0.48300000000000004 0.4391651875 0.47875 0.4320603912037037 0.4775 0.42451154629629634 0.47825 0.416518650462963 0.4805 0.40630550694444445 0.4865 0.4031971574074074 0.49125 0.4036412083333334 0.49875 0.4076376550925926 0.504 0.416518650462963 0.50875
13 0.22690941435185186 0.50725 0.2353463587962963 0.50625 0.2424511550925926 0.50325 0.24511545370370372 0.5 0.2477797523148148 0.494 0.24600355324074072 0.4845 0.24111900462962962 0.48000000000000004 0.22735346296296297 0.47674999999999995 0.21003552314814816 0.477 0.20293072916666668 0.47925 0.1989342800925926 0.48150000000000004 0.19360568287037036 0.48874999999999996 0.19316163425925925 0.495 0.19804618055555553 0.50175 0.206483125 0.5055000000000001 0.22690941435185186 0.50725
13 0.10523978703703704 0.56575 0.11767317824074074 0.56575 0.12833037268518518 0.5635 0.13454706944444444 0.56075 0.13765541666666667 0.5575 0.13943161574074073 0.54625 0.13365896990740742 0.53925 0.1265541736111111 0.536 0.11367673148148148 0.5337500000000001 0.09902309027777777 0.5355 0.09058614583333334 0.5395 0.08658969907407409 0.54325 0.0848135 0.5475 0.08703374768518518 0.5569999999999999 0.09547069212962962 0.5630000000000001 0.10523978703703704 0.56575
13 0.31394316203703704 0.567 0.3277087037037037 0.5675 0.33880994675925924 0.5655 0.3463587916666666 0.56125 0.3516873888888889 0.554 0.3494671412037037 0.5455 0.3423623449074074 0.5395 0.3352575486111111 0.53725 0.3174955601851852 0.5365 0.3112788634259259 0.538 0.3015097685185185 0.54225 0.29706927083333334 0.547 0.2961811712962963 0.55675 0.29884546990740746 0.56025 0.30417406712962963 0.56425 0.31394316203703704 0.567
13 0.5381882777777778 0.56925 0.5466252222222222 0.56725 0.5541740671296297 0.56425 0.5603907638888889 0.55725 0.559946712962963 0.55075 0.5568383657407407 0.546 0.5497335694444444 0.54125 0.5364120787037037 0.5385 0.5288632337962963 0.5385 0.5164298402777777 0.54225 0.5093250439814815 0.5465 0.5066607453703704 0.5499999999999999 0.5075488449074074 0.5605 0.5119893425925925 0.5645 0.5230905856481481 0.5685 0.5381882777777778 0.56925
13 0.7393428055555555 0.5725 0.7526642986111112 0.573 0.7615452939814815 0.57175 0.7695381875 0.5680000000000001 0.7739786851851852 0.5635 0.7761989351851852 0.55875 0.7739786851851852 0.55025 0.7673179398148149 0.545 0.7584369444444445 0.54175 0.7437833032407407 0.54125 0.7326820601851851 0.543 0.7260213148148148 0.5455 0.7202486689814814 0.55125 0.7193605694444444 0.55875 0.7220248657407408 0.56325 0.7313499120370369 0.5700000000000001 0.7393428055555555 0.5725
13 0.6265541736111111 0.62975 0.6349911180555556 0.631 0.6443161643518519 0.631 0.6571936064814815 0.6267499999999999 0.6629662523148149 0.6222500000000001 0.6660745995370371 0.6164999999999999 0.6651865 0.612 0.6620781527777778 0.6075 0.6540852569444445 0.6020000000000001 0.6372113680555556 0.6 0.6247779745370371 0.60075 0.6190053287037037 0.6024999999999999 0.6119005324074074 0.6092500000000001 0.6105683842592592 0.6125 0.6114564837962964 0.61725 0.6158969814814815 0.62525 0.6265541736111111 0.62975
13 0.42095914814814817 0.62725 0.4356127893518518 0.6269999999999999 0.4422735347222222 0.62475 0.44937833101851854 0.6204999999999999 0.4538188287037037 0.61325 0.4538188287037037 0.6085 0.44804618055555556 0.6015 0.4325044398148148 0.59675 0.4249555949074074 0.5964999999999999 0.41119005324074076 0.598 0.4036412083333334 0.6022500000000001 0.4000888101851852 0.6075 0.39964475925925924 0.614 0.4014209583333333 0.61975 0.4080817060185185 0.62475 0.42095914814814817 0.62725
13 0.2131438726851852 0.6267499999999999 0.2162522199074074 0.626 0.2206927175925926 0.6265000000000001 0.2304618125 0.624 0.2384547060185185 0.6185 0.2446714027777778 0.6092500000000001 0.2402309050925926 0.6020000000000001 0.23608659027777779 0.59916675 0.22957371296296294 0.59625 0.21802841898148148 0.5942500000000001 0.2091474236111111 0.5942500000000001 0.20293072916666668 0.596 0.19360568287037036 0.601 0.18827708796296297 0.6075 0.18960923611111113 0.6162500000000001 0.19227353472222222 0.61975 0.20293072916666668 0.6244999999999999 0.2131438726851852 0.6267499999999999
13 0.30728241666666667 0.6862499999999999 0.3237122546296296 0.68825 0.33170515046296295 0.6880000000000001 0.3370337476851852 0.6857500000000001 0.3454706921296296 0.6755 0.3468028425925926 0.6717500000000001 0.3459147430555556 0.66675 0.3383658958333334 0.65925 0.3294849027777778 0.657 0.31394316203703704 0.6555 0.30461811805555555 0.6575000000000001 0.29662522222222226 0.66125 0.2944049722222222 0.6637500000000001 0.2917406759259259 0.66825 0.2917406759259259 0.67525 0.29662522222222226 0.6825 0.30728241666666667 0.6862499999999999
13 0.5146536412037037 0.6869999999999999 0.5190941388888889 0.6885 0.5333037291666667 0.68975 0.5399644768518519 0.6890000000000001 0.5501776203703703 0.6855000000000001 0.5550621666666666 0.6795 0.5568383657407407 0.6717500000000001 0.5506216689814815 0.6637500000000001 0.5430728240740741 0.66025 0.5293072824074074 0.6582499999999999 0.5222024861111111 0.6582499999999999 0.5111012430555556 0.66125 0.5039964467592593 0.66875 0.5031083472222222 0.677 0.5044404976851852 0.681 0.5079928958333334 0.684 0.5146536412037037 0.6869999999999999