0 0.8495370370370371 0.5879629629629629 0.8518518518518519 0.5925925925925926 0.8472222222222222 0.5995370370370371 0.8472222222222222 0.6041666666666666 0.8333333333333334 0.6157407407407407 0.8240740740740741 0.6203703703703703 0.8194444444444444 0.6203703703703703 0.8101851851851852 0.625 0.8009259259259259 0.625 0.7986111111111112 0.6273148148148148 0.7430555555555556 0.6273148148148148 0.7407407407407407 0.6296296296296297 0.7407407407407407 0.6481481481481481 0.7384259259259259 0.6504629629629629 0.7384259259259259 0.6550925925925926 0.7314814814814815 0.6643518518518519 0.7152777777777778 0.6759259259259259 0.7106481481481481 0.6759259259259259 0.7037037037037037 0.6805555555555556 0.6967592592592593 0.6805555555555556 0.6944444444444444 0.6828703703703703 0.6828703703703703 0.6828703703703703 0.6805555555555556 0.6851851851851852 0.6458333333333334 0.6851851851851852 0.6435185185185185 0.6828703703703703 0.6365740740740741 0.6828703703703703 0.6342592592592593 0.6851851851851852 0.6319444444444444 0.7060185185185185 0.6180555555555556 0.7222222222222222 0.6111111111111112 0.7245370370370371 0.6018518518518519 0.7314814814814815 0.5949074074074074 0.7314814814814815 0.5763888888888888 0.7384259259259259 0.5509259259259259 0.7384259259259259 0.5509259259259259 0.7245370370370371 0.5555555555555556 0.7175925925925926 0.5625 0.7129629629629629 0.5763888888888888 0.7129629629629629 0.5810185185185185 0.7106481481481481 0.5879629629629629 0.7013888888888888 0.5902777777777778 0.6851851851851852 0.5856481481481481 0.6805555555555556 0.5625 0.6805555555555556 0.5532407407407407 0.6759259259259259 0.5509259259259259 0.6782407407407407 0.5555555555555556 0.6689814814814815 0.5555555555555556 0.6643518518518519 0.5532407407407407 0.6620370370370371 0.5648148148148148 0.6550925925925926 0.5879629629629629 0.6550925925925926 0.5902777777777778 0.6527777777777778 0.5925925925925926 0.6319444444444444 0.5995370370370371 0.6203703703703703 0.6087962962962963 0.6134259259259259 0.6180555555555556 0.6111111111111112 0.625 0.6064814814814815 0.6412037037037037 0.6041666666666666 0.6435185185185185 0.6018518518518519 0.6967592592592593 0.6018518518518519 0.6990740740740741 0.5995370370370371 0.6990740740740741 0.5879629629629629 0.7037037037037037 0.5833333333333334 0.7152777777777778 0.5833333333333334 0.7175925925925926 0.5856481481481481 0.7407407407407407 0.5856481481481481 0.7430555555555556 0.5879629629629629 0.7430555555555556 0.6018518518518519 0.7476851851851852 0.6064814814814815 0.75 0.6041666666666666 0.7708333333333334 0.6041666666666666 0.7731481481481481 0.6064814814814815 0.7777777777777778 0.6041666666666666 0.7893518518518519 0.6041666666666666 0.8009259259259259 0.5995370370370371 0.8055555555555556 0.5949074074074074 0.8055555555555556 0.5902777777777778 0.8078703703703703 0.5879629629629629 0.8472222222222222 0.5879629629629629
8 0.4027777777777778 0.5393518518518519 0.4375 0.5578703703703703 0.44212962962962965 0.5671296296296297 0.44212962962962965 0.5833333333333334 0.4398148148148148 0.5856481481481481 0.4398148148148148 0.5902777777777778 0.44212962962962965 0.5925925925925926 0.4675925925925926 0.5925925925925926 0.4699074074074074 0.5949074074074074 0.4837962962962963 0.5949074074074074 0.4861111111111111 0.5972222222222222 0.49537037037037035 0.5972222222222222 0.5 0.5995370370370371 0.5277777777777778 0.6180555555555556 0.5324074074074074 0.6273148148148148 0.5324074074074074 0.6435185185185185 0.5300925925925926 0.6458333333333334 0.5300925925925926 0.6504629629629629 0.5370370370370371 0.6550925925925926 0.5416666666666666 0.6527777777777778 0.5439814814814815 0.6550925925925926 0.5555555555555556 0.6550925925925926 0.5578703703703703 0.6574074074074074 0.5532407407407407 0.6666666666666666 0.5532407407407407 0.6782407407407407 0.5486111111111112 0.6782407407407407 0.5462962962962963 0.6805555555555556 0.5370370370370371 0.6805555555555556 0.5324074074074074 0.6782407407407407 0.5277777777777778 0.6828703703703703 0.5277777777777778 0.6944444444444444 0.5300925925925926 0.6990740740740741 0.5370370370370371 0.7060185185185185 0.5532407407407407 0.7129629629629629 0.5532407407407407 0.7175925925925926 0.5486111111111112 0.7245370370370371 0.5486111111111112 0.7384259259259259 0.5324074074074074 0.7384259259259259 0.5300925925925926 0.7361111111111112 0.5231481481481481 0.7361111111111112 0.4976851851851852 0.7245370370370371 0.4837962962962963 0.7106481481481481 0.4837962962962963 0.7060185185185185 0.48148148148148145 0.7037037037037037 0.48148148148148145 0.6782407407407407 0.4791666666666667 0.6759259259259259 0.47453703703703703 0.6736111111111112 0.44212962962962965 0.6736111111111112 0.4398148148148148 0.6712962962962963 0.4305555555555556 0.6712962962962963 0.4074074074074074 0.6620370370370371 0.39351851851851855 0.6481481481481481 0.39351851851851855 0.6435185185185185 0.3912037037037037 0.6412037037037037 0.3912037037037037 0.6134259259259259 0.3888888888888889 0.6111111111111112 0.36574074074074076 0.6111111111111112 0.3611111111111111 0.6064814814814815 0.36342592592592593 0.5972222222222222 0.37037037037037035 0.5902777777777778 0.38657407407407407 0.5902777777777778 0.3888888888888889 0.5925925925925926 0.39351851851851855 0.5925925925925926 0.39814814814814814 0.5810185185185185 0.39814814814814814 0.5717592592592593 0.3888888888888889 0.5601851851851852 0.3773148148148148 0.5555555555555556 0.37037037037037035 0.5555555555555556 0.3680555555555556 0.5532407407407407 0.36574074074074076 0.5486111111111112 0.3680555555555556 0.5393518518518519 0.375 0.5347222222222222 0.37962962962962965 0.5370370370370371 0.39351851851851855 0.5370370370370371 0.3958333333333333 0.5393518518518519 0.40046296296296297 0.5393518518518519
3 0.27314814814814814 0.5902777777777778 0.30324074074074076 0.5902777777777778 0.3055555555555556 0.5879629629629629 0.30324074074074076 0.5833333333333334 0.30324074074074076 0.5717592592592593 0.30787037037037035 0.5601851851851852 0.3125 0.5555555555555556 0.33101851851851855 0.5439814814814815 0.36574074074074076 0.5370370370370371 0.3680555555555556 0.5393518518518519 0.36574074074074076 0.5416666666666666 0.36574074074074076 0.5532407407407407 0.3611111111111111 0.5578703703703703 0.34953703703703703 0.5625 0.3449074074074074 0.5694444444444444 0.3449074074074074 0.5879629629629629 0.3472222222222222 0.5902777777777778 0.3611111111111111 0.5902777777777778 0.36342592592592593 0.5949074074074074 0.3611111111111111 0.5972222222222222 0.3611111111111111 0.6111111111111112 0.3472222222222222 0.6111111111111112 0.3425925925925926 0.6157407407407407 0.3449074074074074 0.6180555555555556 0.3449074074074074 0.6342592592592593 0.3425925925925926 0.6365740740740741 0.3425925925925926 0.6435185185185185 0.3449074074074074 0.6458333333333334 0.3611111111111111 0.6458333333333334 0.36342592592592593 0.6481481481481481 0.3888888888888889 0.6481481481481481 0.40046296296296297 0.6597222222222222 0.41435185185185186 0.6689814814814815 0.41898148148148145 0.6689814814814815 0.42824074074074076 0.6736111111111112 0.43287037037037035 0.6805555555555556 0.43287037037037035 0.6944444444444444 0.4305555555555556 0.6990740740740741 0.41203703703703703 0.7152777777777778 0.3888888888888889 0.7245370370370371 0.3819444444444444 0.7245370370370371 0.37962962962962965 0.7268518518518519 0.3449074074074074 0.7268518518518519 0.3425925925925926 0.7245370370370371 0.3263888888888889 0.7222222222222222 0.31712962962962965 0.7175925925925926 0.3101851851851852 0.7129629629629629 0.2962962962962963 0.6967592592592593 0.2962962962962963 0.6689814814814815 0.2916666666666667 0.6643518518518519 0.2824074074074074 0.6643518518518519 0.2800925925925926 0.6666666666666666 0.2662037037037037 0.6643518518518519 0.2662037037037037 0.6527777777777778 0.27314814814814814 0.6458333333333334 0.29398148148148145 0.6458333333333334 0.2962962962962963 0.6435185185185185 0.2986111111111111 0.6388888888888888 0.2986111111111111 0.625 0.30092592592592593 0.6226851851851852 0.30092592592592593 0.6134259259259259 0.2986111111111111 0.6111111111111112 0.29398148148148145 0.6111111111111112 0.2916666666666667 0.6087962962962963 0.28703703703703703 0.6111111111111112 0.2708333333333333 0.6087962962962963 0.2708333333333333 0.5949074074074074 0.27314814814814814 0.5925925925925926
9 0.19675925925925927 0.5324074074074074 0.19907407407407407 0.5347222222222222 0.2199074074074074 0.5370370370370371 0.24074074074074073 0.5509259259259259 0.25 0.5555555555555556 0.26157407407407407 0.5578703703703703 0.26157407407407407 0.5787037037037037 0.25925925925925924 0.5810185185185185 0.25925925925925924 0.5856481481481481 0.2638888888888889 0.5902777777777778 0.2708333333333333 0.5902777777777778 0.2662037037037037 0.5995370370370371 0.2662037037037037 0.6064814814814815 0.26851851851851855 0.6087962962962963 0.2638888888888889 0.6111111111111112 0.25462962962962965 0.6111111111111112 0.25 0.6157407407407407 0.25 0.6296296296296297 0.2523148148148148 0.6342592592592593 0.26157407407407407 0.6412037037037037 0.2708333333333333 0.6435185185185185 0.2638888888888889 0.6504629629629629 0.2638888888888889 0.6620370370370371 0.26157407407407407 0.6643518518518519 0.2569444444444444 0.6620370370370371 0.2337962962962963 0.6597222222222222 0.2175925925925926 0.6504629629629629 0.21064814814814814 0.6435185185185185 0.20601851851851852 0.6319444444444444 0.20601851851851852 0.6134259259259259 0.20833333333333334 0.6111111111111112 0.20601851851851852 0.6064814814814815 0.17592592592592593 0.6064814814814815 0.1736111111111111 0.6041666666666666 0.1550925925925926 0.6018518518518519 0.1388888888888889 0.5925925925925926 0.13194444444444445 0.5856481481481481 0.12731481481481483 0.5740740740740741 0.12731481481481483 0.5671296296296297 0.13194444444444445 0.5555555555555556 0.13657407407407407 0.5509259259259259 0.14583333333333334 0.5439814814814815 0.16203703703703703 0.5370370370370371 0.18055555555555555 0.5347222222222222 0.18287037037037038 0.5324074074074074 0.19444444444444445 0.5324074074074074
10 0.5254629629629629 0.46296296296296297 0.5277777777777778 0.4652777777777778 0.5416666666666666 0.4652777777777778 0.5416666666666666 0.4791666666666667 0.5439814814814815 0.48148148148148145 0.5555555555555556 0.48148148148148145 0.5578703703703703 0.4837962962962963 0.5740740740740741 0.4837962962962963 0.5763888888888888 0.48148148148148145 0.5810185185185185 0.48148148148148145 0.5949074074074074 0.4722222222222222 0.5995370370370371 0.4652777777777778 0.6041666666666666 0.4652777777777778 0.6064814814814815 0.46296296296296297 0.6319444444444444 0.46296296296296297 0.6342592592592593 0.4652777777777778 0.6388888888888888 0.4652777777777778 0.6365740740740741 0.47685185185185186 0.6273148148148148 0.4861111111111111 0.6226851851851852 0.4861111111111111 0.5995370370370371 0.5 0.5879629629629629 0.5 0.5856481481481481 0.5023148148148148 0.5439814814814815 0.5023148148148148 0.5393518518518519 0.5092592592592593 0.5416666666666666 0.5115740740740741 0.5393518518518519 0.5138888888888888 0.5393518518518519 0.5347222222222222 0.5439814814814815 0.5393518518518519 0.5717592592592593 0.5393518518518519 0.5740740740740741 0.5370370370370371 0.5925925925925926 0.5439814814814815 0.6018518518518519 0.5439814814814815 0.6296296296296297 0.5601851851851852 0.6342592592592593 0.5694444444444444 0.6342592592592593 0.5740740740740741 0.6365740740740741 0.5763888888888888 0.6342592592592593 0.5879629629629629 0.6226851851851852 0.6018518518518519 0.6157407407407407 0.6064814814814815 0.6111111111111112 0.6064814814814815 0.5879629629629629 0.6157407407407407 0.5810185185185185 0.6157407407407407 0.5787037037037037 0.6180555555555556 0.5509259259259259 0.6180555555555556 0.5486111111111112 0.6157407407407407 0.5370370370370371 0.6157407407407407 0.5138888888888888 0.6064814814814815 0.5069444444444444 0.6018518518518519 0.4930555555555556 0.5856481481481481 0.4930555555555556 0.5601851851851852 0.48842592592592593 0.5555555555555556 0.47685185185185186 0.5578703703703703 0.47453703703703703 0.5555555555555556 0.4652777777777778 0.5555555555555556 0.46296296296296297 0.5532407407407407 0.46296296296296297 0.5416666666666666 0.4675925925925926 0.5370370370370371 0.4930555555555556 0.5370370370370371 0.49537037037037035 0.5347222222222222 0.49537037037037035 0.5162037037037037 0.4976851851851852 0.5138888888888888 0.4976851851851852 0.5023148148148148 0.49537037037037035 0.5 0.49074074074074076 0.5023148148148148 0.4675925925925926 0.5 0.4652777777777778 0.49537037037037035 0.4652777777777778 0.4837962962962963 0.4675925925925926 0.48148148148148145 0.4976851851851852 0.48148148148148145 0.5 0.4791666666666667 0.5 0.4652777777777778 0.5231481481481481 0.46296296296296297
6 0.7013888888888888 0.4652777777777778 0.7060185185185185 0.46296296296296297 0.7314814814814815 0.46296296296296297 0.7337962962962963 0.4652777777777778 0.7430555555555556 0.4652777777777778 0.7430555555555556 0.48148148148148145 0.7453703703703703 0.4837962962962963 0.75 0.4837962962962963 0.7523148148148148 0.48148148148148145 0.7569444444444444 0.48148148148148145 0.7592592592592593 0.4837962962962963 0.7615740740740741 0.48148148148148145 0.7662037037037037 0.4837962962962963 0.7893518518518519 0.48148148148148145 0.8009259259259259 0.47685185185185186 0.8055555555555556 0.4675925925925926 0.8148148148148148 0.46296296296296297 0.8495370370370371 0.46296296296296297 0.8518518518518519 0.4652777777777778 0.8472222222222222 0.47685185185185186 0.8356481481481481 0.48842592592592593 0.8287037037037037 0.49074074074074076 0.8240740740740741 0.49537037037037035 0.8194444444444444 0.49537037037037035 0.8125 0.5 0.8055555555555556 0.5 0.8032407407407407 0.5023148148148148 0.7916666666666666 0.5023148148148148 0.7893518518518519 0.5046296296296297 0.7453703703703703 0.5046296296296297 0.7407407407407407 0.5115740740740741 0.7407407407407407 0.5370370370370371 0.7453703703703703 0.5416666666666666 0.7754629629629629 0.5416666666666666 0.7777777777777778 0.5439814814814815 0.7962962962962963 0.5439814814814815 0.7986111111111112 0.5462962962962963 0.8125 0.5486111111111112 0.8310185185185185 0.5578703703703703 0.8449074074074074 0.5717592592592593 0.8472222222222222 0.5763888888888888 0.8472222222222222 0.5856481481481481 0.8078703703703703 0.5856481481481481 0.7962962962962963 0.5717592592592593 0.7824074074074074 0.5648148148148148 0.7546296296296297 0.5648148148148148 0.7523148148148148 0.5625 0.7453703703703703 0.5625 0.7407407407407407 0.5671296296296297 0.7407407407407407 0.5787037037037037 0.7384259259259259 0.5810185185185185 0.7314814814814815 0.5810185185185185 0.7291666666666666 0.5833333333333334 0.6990740740740741 0.5810185185185185 0.6967592592592593 0.5787037037037037 0.6967592592592593 0.5648148148148148 0.6944444444444444 0.5625 0.6458333333333334 0.5601851851851852 0.6435185185185185 0.5578703703703703 0.6365740740740741 0.5578703703703703 0.6342592592592593 0.5555555555555556 0.6226851851851852 0.5532407407407407 0.6064814814814815 0.5439814814814815 0.5972222222222222 0.5300925925925926 0.5949074074074074 0.5185185185185185 0.5995370370370371 0.5069444444444444 0.6087962962962963 0.4976851851851852 0.625 0.48842592592592593 0.6388888888888888 0.4861111111111111 0.6412037037037037 0.4837962962962963 0.6550925925925926 0.4837962962962963 0.6574074074074074 0.48148148148148145 0.6921296296296297 0.48148148148148145 0.6967592592592593 0.4837962962962963 0.7013888888888888 0.4791666666666667 0.7013888888888888 0.4675925925925926
1 0.1388888888888889 0.46296296296296297 0.16203703703703703 0.46296296296296297 0.16435185185185186 0.4652777777777778 0.17592592592592593 0.4652777777777778 0.17824074074074073 0.4675925925925926 0.18287037037037038 0.4675925925925926 0.19907407407407407 0.48148148148148145 0.21296296296296297 0.48148148148148145 0.2152777777777778 0.4791666666666667 0.2199074074074074 0.4791666666666667 0.2222222222222222 0.47685185185185186 0.2199074074074074 0.47453703703703703 0.2222222222222222 0.4722222222222222 0.2222222222222222 0.4652777777777778 0.22685185185185186 0.4652777777777778 0.22916666666666666 0.46296296296296297 0.26851851851851855 0.4652777777777778 0.2708333333333333 0.4675925925925926 0.2708333333333333 0.4791666666666667 0.27546296296296297 0.4837962962962963 0.2777777777777778 0.48148148148148145 0.30787037037037035 0.48148148148148145 0.3125 0.47685185185185186 0.3125 0.4583333333333333 0.31712962962962965 0.44907407407407407 0.33564814814814814 0.4351851851851852 0.3402777777777778 0.4351851851851852 0.3472222222222222 0.4305555555555556 0.3726851851851852 0.42824074074074076 0.375 0.4305555555555556 0.3726851851851852 0.4351851851851852 0.375 0.4375 0.375 0.4444444444444444 0.37962962962962965 0.44907407407407407 0.37962962962962965 0.4513888888888889 0.36342592592592593 0.4537037037037037 0.35648148148148145 0.46064814814814814 0.35648148148148145 0.4791666666666667 0.3587962962962963 0.48148148148148145 0.3680555555555556 0.48148148148148145 0.37037037037037035 0.5 0.36574074074074076 0.5023148148148148 0.3587962962962963 0.5 0.35648148148148145 0.5023148148148148 0.35648148148148145 0.5115740740740741 0.3541666666666667 0.5138888888888888 0.3541666666666667 0.5254629629629629 0.35185185185185186 0.5300925925925926 0.3402777777777778 0.5393518518518519 0.3287037037037037 0.5416666666666666 0.3125 0.5509259259259259 0.3055555555555556 0.5509259259259259 0.30324074074074076 0.5532407407407407 0.2569444444444444 0.5532407407407407 0.23148148148148148 0.5416666666666666 0.2199074074074074 0.5277777777777778 0.2199074074074074 0.5046296296296297 0.2175925925925926 0.5023148148148148 0.21296296296296297 0.5 0.1875 0.5 0.18518518518518517 0.4976851851851852 0.16435185185185186 0.49537037037037035 0.15046296296296297 0.48842592592592593 0.14351851851851852 0.48148148148148145 0.1388888888888889 0.4722222222222222 0.1388888888888889 0.4652777777777778
5 0.41435185185185186 0.32175925925925924 0.4351851851851852 0.33101851851851855 0.4513888888888889 0.3449074074074074 0.4537037037037037 0.34953703703703703 0.4537037037037037 0.36574074074074076 0.44907407407407407 0.37037037037037035 0.4375 0.3726851851851852 0.42824074074074076 0.3773148148148148 0.4074074074074074 0.39351851851851855 0.4027777777777778 0.39351851851851855 0.40046296296296297 0.3958333333333333 0.36342592592592593 0.3958333333333333 0.3587962962962963 0.4074074074074074 0.3587962962962963 0.41898148148148145 0.35185185185185186 0.42824074074074076 0.33564814814814814 0.43287037037037035 0.3148148148148148 0.44675925925925924 0.30092592592592593 0.44675925925925924 0.2986111111111111 0.44907407407407407 0.27314814814814814 0.44675925925925924 0.26851851851851855 0.4513888888888889 0.26851851851851855 0.46296296296296297 0.2662037037037037 0.4652777777777778 0.26157407407407407 0.46296296296296297 0.2361111111111111 0.46296296296296297 0.2337962962962963 0.46064814814814814 0.23148148148148148 0.46296296296296297 0.22453703703703703 0.46296296296296297 0.2175925925925926 0.45601851851851855 0.2175925925925926 0.4513888888888889 0.2152777777777778 0.44907407407407407 0.19907407407407407 0.44907407407407407 0.18981481481481483 0.4537037037037037 0.18055555555555555 0.46296296296296297 0.1412037037037037 0.46296296296296297 0.13657407407407407 0.46064814814814814 0.13657407407407407 0.45601851851851855 0.14583333333333334 0.44212962962962965 0.16666666666666666 0.4305555555555556 0.1736111111111111 0.4305555555555556 0.17592592592592593 0.42824074074074076 0.1875 0.42824074074074076 0.18981481481481483 0.42592592592592593 0.2222222222222222 0.42592592592592593 0.22453703703703703 0.4236111111111111 0.22453703703703703 0.4050925925925926 0.22916666666666666 0.3958333333333333 0.2361111111111111 0.3888888888888889 0.2523148148148148 0.37962962962962965 0.2569444444444444 0.37962962962962965 0.2662037037037037 0.375 0.2777777777777778 0.375 0.2800925925925926 0.3726851851851852 0.3148148148148148 0.3726851851851852 0.31712962962962965 0.37037037037037035 0.31712962962962965 0.3587962962962963 0.3194444444444444 0.35648148148148145 0.32175925925925924 0.3449074074074074 0.33101851851851855 0.3333333333333333 0.3472222222222222 0.32407407407407407 0.36342592592592593 0.32175925925925924 0.36574074074074076 0.3194444444444444 0.40046296296296297 0.3194444444444444 0.4027777777777778 0.32175925925925924 0.41203703703703703 0.32175925925925924
7 0.43287037037037035 0.4074074074074074 0.4351851851851852 0.4097222222222222 0.44675925925925924 0.4097222222222222 0.4513888888888889 0.4166666666666667 0.44907407407407407 0.4212962962962963 0.4537037037037037 0.42592592592592593 0.48148148148148145 0.42592592592592593 0.4930555555555556 0.41898148148148145 0.5023148148148148 0.4074074074074074 0.5370370370370371 0.4074074074074074 0.5416666666666666 0.4097222222222222 0.5416666666666666 0.41898148148148145 0.5347222222222222 0.42592592592592593 0.5254629629629629 0.4305555555555556 0.5208333333333334 0.4305555555555556 0.5 0.4444444444444444 0.4837962962962963 0.44675925925925924 0.48148148148148145 0.44907407407407407 0.47453703703703703 0.44907407407407407 0.4722222222222222 0.44675925925925924 0.4537037037037037 0.44675925925925924 0.44907407407407407 0.4513888888888889 0.44907407407407407 0.4791666666666667 0.4513888888888889 0.48148148148148145 0.46296296296296297 0.48148148148148145 0.46296296296296297 0.49537037037037035 0.4652777777777778 0.5 0.46296296296296297 0.5023148148148148 0.44675925925925924 0.5023148148148148 0.4444444444444444 0.5046296296296297 0.4444444444444444 0.5162037037037037 0.44212962962962965 0.5185185185185185 0.4444444444444444 0.5208333333333334 0.4444444444444444 0.5254629629629629 0.44907407407407407 0.5300925925925926 0.46296296296296297 0.5370370370370371 0.46064814814814814 0.5416666666666666 0.46064814814814814 0.5555555555555556 0.4398148148148148 0.5555555555555556 0.41203703703703703 0.5416666666666666 0.4027777777777778 0.5324074074074074 0.4027777777777778 0.5277777777777778 0.40046296296296297 0.5254629629629629 0.40046296296296297 0.5023148148148148 0.39814814814814814 0.5 0.3726851851851852 0.5 0.37037037037037035 0.4976851851851852 0.37037037037037035 0.4861111111111111 0.3726851851851852 0.48148148148148145 0.3773148148148148 0.48148148148148145 0.37962962962962965 0.4791666666666667 0.38425925925925924 0.4791666666666667 0.38657407407407407 0.48148148148148145 0.39814814814814814 0.48148148148148145 0.4027777777777778 0.47685185185185186 0.4027777777777778 0.45601851851851855 0.4050925925925926 0.4537037037037037 0.40046296296296297 0.44675925925925924 0.39814814814814814 0.44907407407407407 0.39351851851851855 0.44675925925925924 0.3888888888888889 0.44907407407407407 0.3773148148148148 0.4444444444444444 0.375 0.4398148148148148 0.375 0.4305555555555556 0.37962962962962965 0.42592592592592593 0.4050925925925926 0.42592592592592593 0.4074074074074074 0.4236111111111111 0.4074074074074074 0.4166666666666667 0.41203703703703703 0.4097222222222222 0.4305555555555556 0.4074074074074074
2 0.6388888888888888 0.4050925925925926 0.6412037037037037 0.4074074074074074 0.6412037037037037 0.41898148148148145 0.6435185185185185 0.4212962962962963 0.6990740740740741 0.4212962962962963 0.7013888888888888 0.41898148148148145 0.7013888888888888 0.4050925925925926 0.7037037037037037 0.4027777777777778 0.7430555555555556 0.4027777777777778 0.7453703703703703 0.4050925925925926 0.7453703703703703 0.41898148148148145 0.7476851851851852 0.4212962962962963 0.7939814814814815 0.4212962962962963 0.7962962962962963 0.4236111111111111 0.8078703703703703 0.4236111111111111 0.8310185185185185 0.43287037037037035 0.8425925925925926 0.44212962962962965 0.8518518518518519 0.46064814814814814 0.8078703703703703 0.46064814814814814 0.8032407407407407 0.4513888888888889 0.7916666666666666 0.4444444444444444 0.7453703703703703 0.4444444444444444 0.7430555555555556 0.44675925925925924 0.7430555555555556 0.46064814814814814 0.7013888888888888 0.46064814814814814 0.7013888888888888 0.44675925925925924 0.6990740740740741 0.4444444444444444 0.6435185185185185 0.4444444444444444 0.6388888888888888 0.44907407407407407 0.6388888888888888 0.4537037037037037 0.6412037037037037 0.45601851851851855 0.6388888888888888 0.46064814814814814 0.5972222222222222 0.46064814814814814 0.5972222222222222 0.44675925925925924 0.5949074074074074 0.4444444444444444 0.5833333333333334 0.4444444444444444 0.5810185185185185 0.44212962962962965 0.5787037037037037 0.4444444444444444 0.5625 0.4444444444444444 0.5532407407407407 0.44907407407407407 0.5416666666666666 0.46064814814814814 0.5416666666666666 0.46296296296296297 0.5300925925925926 0.46296296296296297 0.5277777777777778 0.46064814814814814 0.5 0.46064814814814814 0.5 0.45601851851851855 0.5046296296296297 0.44675925925925924 0.5185185185185185 0.4351851851851852 0.5277777777777778 0.43287037037037035 0.5347222222222222 0.42824074074074076 0.5532407407407407 0.42592592592592593 0.5555555555555556 0.4236111111111111 0.5972222222222222 0.4236111111111111 0.5995370370370371 0.4212962962962963 0.5995370370370371 0.4074074074074074 0.6018518518518519 0.4050925925925926 0.6365740740740741 0.4050925925925926
4 0.5949074074074074 0.3101851851851852 0.5972222222222222 0.3125 0.6064814814814815 0.3125 0.625 0.32175925925925924 0.6412037037037037 0.33796296296296297 0.6435185185185185 0.3425925925925926 0.6435185185185185 0.3611111111111111 0.6458333333333334 0.36342592592592593 0.6851851851851852 0.36342592592592593 0.6875 0.36574074074074076 0.7083333333333334 0.3680555555555556 0.7291666666666666 0.37962962962962965 0.7361111111111112 0.38657407407407407 0.7407407407407407 0.3958333333333333 0.7407407407407407 0.40046296296296297 0.7060185185185185 0.40046296296296297 0.7013888888888888 0.4027777777777778 0.6944444444444444 0.39351851851851855 0.6828703703703703 0.3888888888888889 0.6527777777777778 0.3888888888888889 0.6504629629629629 0.3912037037037037 0.6435185185185185 0.3912037037037037 0.6412037037037037 0.39351851851851855 0.6412037037037037 0.4027777777777778 0.6365740740740741 0.4050925925925926 0.6342592592592593 0.4027777777777778 0.6041666666666666 0.4027777777777778 0.6018518518518519 0.4050925925925926 0.5949074074074074 0.3912037037037037 0.5486111111111112 0.3912037037037037 0.5439814814814815 0.3958333333333333 0.5439814814814815 0.4074074074074074 0.5370370370370371 0.4074074074074074 0.5347222222222222 0.4050925925925926 0.5023148148148148 0.4050925925925926 0.5 0.4027777777777778 0.5 0.39351851851851855 0.4976851851851852 0.3912037037037037 0.49074074074074076 0.3912037037037037 0.48842592592592593 0.39351851851851855 0.4861111111111111 0.3912037037037037 0.47453703703703703 0.3912037037037037 0.4699074074074074 0.3958333333333333 0.46064814814814814 0.39814814814814814 0.4513888888888889 0.4097222222222222 0.44212962962962965 0.4097222222222222 0.4398148148148148 0.4074074074074074 0.4166666666666667 0.4074074074074074 0.41203703703703703 0.4097222222222222 0.4097222222222222 0.4074074074074074 0.4097222222222222 0.39814814814814814 0.4212962962962963 0.38425925925925924 0.43287037037037035 0.3773148148148148 0.44675925925925924 0.375 0.45601851851851855 0.37037037037037035 0.5 0.3680555555555556 0.5046296296296297 0.3587962962962963 0.5046296296296297 0.3425925925925926 0.5069444444444444 0.33796296296296297 0.5208333333333334 0.32407407407407407 0.5347222222222222 0.31712962962962965 0.5393518518518519 0.31712962962962965 0.5462962962962963 0.3125 0.5555555555555556 0.3125 0.5578703703703703 0.3101851851851852 0.5925925925925926 0.3101851851851852
11 0.01598578935185185 0.75525 0.02220248611111111 0.757 0.027087034722222222 0.7605 0.040852576388888895 0.7625 0.043072824074074076 0.76475 0.04618117129629629 0.76425 0.05373001851851852 0.7652500000000001 0.058170516203703705 0.7627499999999999 0.06571936111111111 0.7615000000000001 0.06927175925925926 0.76175 0.07104795833333333 0.763 0.08037300231481481 0.76175 0.08570159953703704 0.7627499999999999 0.09280639351851852 0.76125 0.11367673148148148 0.7615000000000001 0.12078152777777777 0.7587499999999999 0.12344582638888889 0.75925 0.12921847222222224 0.7582500000000001 0.14387211342592593 0.76 0.14520426388888888 0.76225 0.15008881018518516 0.76375 0.15452930787037036 0.76375 0.1598579050925926 0.7657499999999999 0.1722912962962963 0.7657499999999999 0.17850799305555556 0.7667499999999999 0.18605683796296296 0.7657499999999999 0.2055950277777778 0.76825 0.21758437037037037 0.767 0.2202486689814815 0.7685000000000001 0.2304618125 0.77 0.2562166967592593 0.77125 0.26154529398148146 0.7727499999999999 0.26731793981481483 0.7725000000000001 0.27797513425925924 0.774 0.2824156296296296 0.7735 0.28907637731481484 0.775 0.3143872106481482 0.77625 0.31705150925925923 0.77725 0.3352575486111111 0.7775 0.3539076365740741 0.7797499999999999 0.40630550694444445 0.782 0.4147424513888889 0.7835 0.5053285972222222 0.7887500000000001 0.518650087962963 0.79075 0.5301953819444445 0.7902499999999999 0.5630550625 0.7939999999999999 0.6092362337962962 0.7955 0.6216696273148149 0.79775 0.6261101250000001 0.7972499999999999 0.6527531087962963 0.8005 0.6585257546296297 0.8 0.690941386574074 0.80175 0.7202486689814814 0.80475 0.7229129652777778 0.8042499999999999 0.7269094143518517 0.8055 0.7317939606481482 0.8049999999999999 0.7548845462962963 0.80725 0.8112788634259259 0.8097500000000001 0.8312611018518519 0.8119999999999999 0.8596802847222222 0.8107500000000001 0.8627886319444444 0.8095 0.876998224537037 0.8079999999999999 0.8903197152777778 0.8009999999999999 0.896980462962963 0.79925 0.9063055069444445 0.793 0.9129662523148149 0.7835 0.9147424513888889 0.7797499999999999 0.9138543518518518 0.7737499999999999 0.9187388981481481 0.7695 0.9196269976851852 0.75625 0.9200710486111111 0.5515 0.918294849537037 0.5435 0.9200710486111111 0.54 0.9191829490740742 0.4255 0.9205150972222222 0.33825 0.9191829490740742 0.28975 0.916962699074074 0.2795 0.914298400462963 0.2755 0.9009769097222221 0.26325 0.8880994675925926 0.25775 0.8690053287037037 0.25475000000000003 0.8619005324074074 0.253 0.8592362337962962 0.25125000000000003 0.8445825925925926 0.25075 0.8410301944444444 0.252 0.8228241574074074 0.251 0.7957371226851853 0.25175 0.7833037291666666 0.25475000000000003 0.7557726458333334 0.25425 0.690053287037037 0.25825 0.6776198935185185 0.25825 0.6749555949074074 0.25925 0.6531971574074075 0.2585 0.6309946712962963 0.26125 0.5905861458333334 0.26175 0.5488454699074075 0.26425000000000004 0.5386323263888889 0.266 0.5293072824074074 0.265 0.5137655416666667 0.26699999999999996 0.5035523981481481 0.26675 0.376110125 0.27225 0.35790408564814813 0.27575 0.35612788657407407 0.27499999999999997 0.33792184722222224 0.27499999999999997 0.3348135 0.27575 0.3134991111111111 0.27499999999999997 0.24111900462962962 0.27825 0.23801065740740743 0.27925 0.22291296527777776 0.27975 0.2109236226851852 0.28150000000000003 0.18561278935185185 0.28250000000000003 0.18206039120370368 0.2845 0.17850799305555556 0.28425 0.17140319675925927 0.28775 0.16829484953703702 0.28625 0.1625222013888889 0.287 0.15142095833333333 0.28500000000000003 0.14742451157407407 0.28625 0.1407637662037037 0.28325 0.13765541666666667 0.28425 0.1305506226851852 0.28375 0.12300177546296297 0.28125 0.11722912962962963 0.28075 0.10301953703703705 0.282 0.08836589583333333 0.28075 0.06483126157407407 0.28425 0.05994671296296296 0.29 0.04973356944444445 0.39375 0.04973356944444445 0.4145 0.0484014212962963 0.41750000000000004 0.04973356944444445 0.42474999999999996 0.04751332175925926 0.42824999999999996 0.027531083333333334 0.61275 0.02797513425925926 0.62475 0.02975133101851852 0.626 0.025754884259259262 0.62825 0.024866784722222226 0.6335000000000001 0.025754884259259262 0.6555 0.0217584375 0.6707500000000001 0.020870337962962962 0.69225 0.022646537037037034 0.7025 0.018650087962962966 0.7065 0.020426287037037038 0.714 0.01687388888888889 0.7192500000000001 0.021314386574074074 0.728 0.01909413888888889 0.738 0.0217584375 0.742 0.01598578935185185 0.75525
12 0.12870781481481483 0.27793625 0.014249555555555557 0.27793625 0.014249555555555557 0.75651375 0.12870781481481483 0.75651375 0.12870781481481483 0.27793625
13 0.585701599537037 0.364 0.5945825925925926 0.36224999999999996 0.5985790416666666 0.35425 0.5990230902777779 0.345 0.5963587916666667 0.34149999999999997 0.5883658958333333 0.33825 0.5719360578703704 0.33799999999999997 0.5639431620370371 0.33949999999999997 0.5528419189814815 0.34525 0.5488454699074075 0.35150000000000003 0.5484014212962963 0.35975 0.5501776203703703 0.36350000000000005 0.5590586134259259 0.36475 0.585701599537037 0.364
13 0.3841030185185185 0.37074999999999997 0.39520426388888885 0.3685 0.4023090578703704 0.364 0.4067495555555556 0.359 0.4080817060185185 0.352 0.4049733564814815 0.34725 0.39920071064814816 0.34425 0.38321491898148147 0.34375 0.376110125 0.34525 0.36856127777777775 0.3485 0.3636767314814815 0.35524999999999995 0.36323268287037036 0.3595 0.36722912962962967 0.36774999999999997 0.3765541736111111 0.371 0.3841030185185185 0.37074999999999997
13 0.291296625 0.4245 0.29884546990740746 0.42225 0.3086145648148148 0.41575 0.31172291203703706 0.41000000000000003 0.31172291203703706 0.4035 0.30728241666666667 0.39875 0.2895204259259259 0.39899999999999997 0.2824156296296296 0.40075 0.27353463657407406 0.4075 0.27309058564814814 0.41700000000000004 0.2753108356481481 0.422 0.2815275300925926 0.4245 0.291296625 0.4245
13 0.4724689166666667 0.42425 0.48179396064814817 0.423 0.49200710416666665 0.4185 0.4964476018518518 0.41475 0.499111900462963 0.4075 0.4955595023148148 0.40025 0.4871225578703704 0.396 0.4782415625 0.39549999999999996 0.4666962708333333 0.39625 0.4604795740740741 0.39899999999999997 0.4547069282407407 0.4035 0.45204262962962966 0.40875 0.45159857870370373 0.41525 0.4538188287037037 0.42050000000000004 0.4613676736111111 0.4235 0.4724689166666667 0.42425
13 0.6571936064814815 0.42 0.6647424513888889 0.42025 0.6838365902777779 0.4195 0.6913854351851852 0.41825 0.6967140324074074 0.40825 0.6967140324074074 0.40075 0.6936056828703704 0.39675 0.687833037037037 0.393 0.6758436944444445 0.391 0.6611900532407406 0.39175 0.6487566597222222 0.396 0.6456483125 0.40075 0.645204263888889 0.413 0.6460923634259259 0.41550000000000004 0.6500888101851852 0.4185 0.6571936064814815 0.42
13 0.7686500879629631 0.47975 0.7828596805555555 0.48000000000000004 0.7944049722222223 0.47725 0.7997335694444444 0.474 0.8059502662037038 0.46325 0.7930728240740741 0.45 0.7850799282407408 0.448 0.7664298402777777 0.44899999999999995 0.7557726458333334 0.452 0.750444048611111 0.45725000000000005 0.7477797523148149 0.467 0.7535523981481481 0.47450000000000003 0.7619893425925925 0.47825 0.7686500879629631 0.47975
13 0.5652753101851852 0.47975 0.5777087037037036 0.47875 0.5848135 0.47575 0.5923623449074074 0.47 0.5945825925925926 0.46449999999999997 0.5923623449074074 0.45825 0.5879218472222222 0.45375000000000004 0.5839254004629629 0.4515 0.5732682060185185 0.44899999999999995 0.5643872106481482 0.44925 0.5519538194444444 0.45225000000000004 0.5444049722222223 0.46325 0.5448490231481481 0.47 0.5484014212962963 0.47475 0.5559502662037037 0.47825 0.5652753101851852 0.47975
13 0.3787744236111111 0.4785 0.3929840138888889 0.47875 0.39875665972222224 0.4775 0.4009769097222222 0.4735 0.4023090578703704 0.46275 0.39920071064814816 0.455 0.394760212962963 0.45249999999999996 0.3885435162037037 0.451 0.37966252314814813 0.4505 0.36944937731481486 0.45275 0.3610124328703704 0.4565 0.35790408564814813 0.46075000000000005 0.35834813425925927 0.47300000000000003 0.3614564837962963 0.47775 0.3734458263888889 0.47950000000000004 0.3787744236111111 0.4785
13 0.19849023148148148 0.47975 0.20959147453703703 0.47975 0.21802841898148148 0.47825 0.22202486574074076 0.4655 0.2131438726851852 0.45175000000000004 0.20293072916666668 0.45125 0.1940497337962963 0.4535 0.18872113657407408 0.45625 0.18383659027777777 0.462 0.18383659027777777 0.46675 0.18783303703703705 0.4735 0.1940497337962963 0.4785 0.19849023148148148 0.47975
13 0.2917406759259259 0.53275 0.3015097685185185 0.52775 0.3055062175925926 0.5235 0.30728241666666667 0.519 0.30728241666666667 0.50625 0.29751332175925926 0.50425 0.27264653703703706 0.505 0.26820603935185183 0.508 0.2650976898148148 0.5167499999999999 0.26598578935185185 0.5225 0.27264653703703706 0.53 0.2810834814814815 0.5337500000000001 0.2917406759259259 0.53275
13 0.4626998217592593 0.53475 0.4782415625 0.53475 0.4840142106481482 0.5345 0.48889875694444446 0.53275 0.49289520370370365 0.52525 0.49289520370370365 0.51525 0.4893428055555556 0.5105 0.4849023101851852 0.508 0.4706927175925926 0.50475 0.4600355231481481 0.50575 0.4498223796296297 0.51 0.4449378333333333 0.516 0.4444937824074074 0.521 0.44804618055555556 0.52825 0.45515097685185185 0.533 0.4626998217592593 0.53475
13 0.6616341041666667 0.53825 0.6767317939814815 0.53725 0.6833925393518518 0.535 0.6891651875 0.53125 0.6922735347222222 0.523 0.690941386574074 0.5165 0.6887211365740741 0.51225 0.6816163402777777 0.50825 0.6660745995370371 0.505 0.6603019537037037 0.505 0.6474245115740741 0.5095000000000001 0.6434280648148147 0.512 0.6398756666666666 0.517 0.6389875671296296 0.523 0.6420959143518518 0.53 0.6536412083333333 0.5365 0.6616341041666667 0.53825
13 0.7562166967592593 0.597 0.7690941388888889 0.59975 0.7859680277777777 0.60025 0.7930728240740741 0.59875 0.7992895208333333 0.5954999999999999 0.8032859675925926 0.58875 0.8001776203703704 0.5792499999999999 0.7966252222222222 0.574 0.7859680277777777 0.56825 0.772646537037037 0.5665 0.7646536412037037 0.5665 0.7588809953703703 0.56775 0.750444048611111 0.57175 0.7451154537037037 0.57825 0.7442273541666666 0.58525 0.7460035532407407 0.58875 0.749555951388889 0.59275 0.7562166967592593 0.597
13 0.5523978680555556 0.592 0.5626110115740741 0.5942500000000001 0.5706039074074074 0.5945 0.5772646527777778 0.593 0.5848135 0.58875 0.5896980462962963 0.58175 0.5896980462962963 0.57575 0.5861456481481482 0.5705 0.5777087037037036 0.56425 0.5639431620370371 0.5619999999999999 0.5581705162037037 0.5625 0.5466252222222222 0.56425 0.5404085254629629 0.56925 0.5386323263888889 0.578 0.541296625 0.58375 0.5452930717592592 0.5882499999999999 0.5523978680555556 0.592
13 0.39342806481481485 0.5882499999999999 0.39564831250000004 0.57025 0.3907637662037037 0.5630000000000001 0.38676731712962964 0.56075 0.37833037268518516 0.5585 0.36767317824074075 0.55875 0.355239787037037 0.5619999999999999 0.3490230902777778 0.5675 0.3481349907407407 0.57475 0.35612788657407407 0.5882499999999999 0.3894316157407407 0.58925 0.39342806481481485 0.5882499999999999
13 0.18250443981481482 0.58275 0.1918294837962963 0.58525 0.19982237962962962 0.5855 0.2038188287037037 0.58525 0.208703375 0.58275 0.2113676736111111 0.57625 0.21181172222222222 0.56725 0.20825932407407408 0.5597500000000001 0.20204262962962963 0.5565 0.1962699814814815 0.55525 0.18561278935185185 0.556 0.1771758425925926 0.56075 0.1731793958333333 0.56725 0.1722912962962963 0.5715 0.17406749537037036 0.57525 0.1771758425925926 0.5792499999999999 0.18250443981481482 0.58275
13 0.27397868518518514 0.6417499999999999 0.2837477800925926 0.642 0.2944049722222222 0.6405000000000001 0.29751332175925926 0.6255000000000001 0.29662522222222226 0.6155 0.2886323263888889 0.61375 0.27309058564814814 0.6125 0.26065719444444446 0.615 0.2562166967592593 0.62 0.2548845462962963 0.6234999999999999 0.2571047962962963 0.6305 0.2655417407407408 0.6385 0.27397868518518514 0.6417499999999999
13 0.456483125 0.6475000000000001 0.4658081712962963 0.649 0.4738010648148148 0.649 0.48134991203703703 0.64575 0.4835701597222222 0.64275 0.4849023101851852 0.63275 0.48179396064814817 0.6255000000000001 0.47602131481481486 0.62125 0.4666962708333333 0.61775 0.45248667824074074 0.6174999999999999 0.4409413865740741 0.61825 0.4387211365740741 0.62275 0.4391651875 0.63625 0.4422735347222222 0.6407499999999999 0.4471580810185185 0.6435000000000001 0.456483125 0.6475000000000001
13 0.6505328587962963 0.6555 0.6607460046296296 0.6575000000000001 0.6749555949074074 0.6579999999999999 0.6865008888888888 0.6547499999999999 0.6918294837962963 0.6515 0.6944937824074074 0.6477499999999999 0.6953818819444444 0.6402500000000001 0.6944937824074074 0.632 0.6904973356481482 0.6275 0.6749555949074074 0.62525 0.6576376550925926 0.625 0.6505328587962963 0.626 0.6429840138888889 0.6285 0.6398756666666666 0.63 0.6367673171296296 0.63425 0.6363232685185186 0.6407499999999999 0.6385435162037036 0.6465000000000001 0.6443161643518519 0.652 0.6505328587962963 0.6555
13 0.5497335694444444 0.7102499999999999 0.5586145648148149 0.7125 0.5714920069444445 0.71225 0.5785968032407408 0.7104999999999999 0.5821492013888888 0.70825 0.5865896990740741 0.6995 0.5870337476851852 0.685 0.5852575486111111 0.6835 0.581705150462963 0.68225 0.5772646527777778 0.6825 0.5581705162037037 0.67975 0.5532859675925926 0.6799999999999999 0.5368561273148148 0.68425 0.5319715810185185 0.68975 0.5310834814814815 0.6960000000000001 0.5324156296296296 0.69975 0.5359680277777777 0.7034999999999999 0.5497335694444444 0.7102499999999999
13 0.3490230902777778 0.69875 0.3627886319444445 0.7034999999999999 0.37078152777777773 0.7034999999999999 0.3787744236111111 0.7015 0.3849911180555555 0.6957500000000001 0.38676731712962964 0.6920000000000001 0.38587921759259264 0.6847500000000001 0.38055062268518514 0.6777500000000001 0.3730017754629629 0.6735 0.3596802847222222 0.67125 0.3485790416666667 0.6722499999999999 0.34058614583333335 0.675 0.3383658958333334 0.6745 0.33747779861111116 0.67525 0.3419182939814815 0.68225 0.34280639351851855 0.6925 0.3490230902777778 0.69875