8 0.4398148148148148 0.4791666666666667 0.46064814814814814 0.4791666666666667 0.46296296296296297 0.48148148148148145 0.4699074074074074 0.48148148148148145 0.4930555555555556 0.4930555555555556 0.5023148148148148 0.5046296296296297 0.5023148148148148 0.5092592592592593 0.5046296296296297 0.5115740740740741 0.5023148148148148 0.5254629629629629 0.5069444444444444 0.5324074074074074 0.5439814814814815 0.5324074074074074 0.5462962962962963 0.5347222222222222 0.5555555555555556 0.5347222222222222 0.5740740740740741 0.5416666666666666 0.5810185185185185 0.5462962962962963 0.5925925925925926 0.5601851851851852 0.5925925925925926 0.5833333333333334 0.5972222222222222 0.5879629629629629 0.5995370370370371 0.5856481481481481 0.6134259259259259 0.5856481481481481 0.6180555555555556 0.5879629629629629 0.6203703703703703 0.5925925925925926 0.6203703703703703 0.6018518518518519 0.6157407407407407 0.6087962962962963 0.5995370370370371 0.6087962962962963 0.5972222222222222 0.6064814814814815 0.5925925925925926 0.6064814814814815 0.5879629629629629 0.6134259259259259 0.5879629629629629 0.6226851851851852 0.5902777777777778 0.6273148148148148 0.5995370370370371 0.6365740740740741 0.6064814814814815 0.6365740740740741 0.6157407407407407 0.6412037037037037 0.6157407407407407 0.6481481481481481 0.6180555555555556 0.6504629629629629 0.6180555555555556 0.6574074074074074 0.6157407407407407 0.6597222222222222 0.5972222222222222 0.6597222222222222 0.5949074074074074 0.6574074074074074 0.5810185185185185 0.6550925925925926 0.5671296296296297 0.6481481481481481 0.5578703703703703 0.6388888888888888 0.5532407407407407 0.6296296296296297 0.5532407407407407 0.6087962962962963 0.5509259259259259 0.6064814814814815 0.5162037037037037 0.6064814814814815 0.5138888888888888 0.6041666666666666 0.5046296296296297 0.6041666666666666 0.5023148148148148 0.6018518518518519 0.49074074074074076 0.5995370370370371 0.47685185185185186 0.5925925925925926 0.4675925925925926 0.5833333333333334 0.46296296296296297 0.5717592592592593 0.4652777777777778 0.5532407407407407 0.46296296296296297 0.5509259259259259 0.4444444444444444 0.5509259259259259 0.44212962962962965 0.5486111111111112 0.4375 0.5486111111111112 0.4375 0.5324074074074074 0.4398148148148148 0.5300925925925926 0.46296296296296297 0.5300925925925926 0.4675925925925926 0.5254629629629629 0.4675925925925926 0.5115740740740741 0.45601851851851855 0.5 0.44675925925925924 0.5 0.4398148148148148 0.49537037037037035 0.4398148148148148 0.48148148148148145
3 0.43287037037037035 0.4791666666666667 0.4351851851851852 0.48148148148148145 0.43287037037037035 0.4976851851851852 0.41435185185185186 0.5023148148148148 0.4050925925925926 0.5115740740740741 0.4050925925925926 0.5208333333333334 0.4027777777777778 0.5231481481481481 0.4074074074074074 0.5300925925925926 0.4305555555555556 0.5300925925925926 0.43287037037037035 0.5347222222222222 0.43287037037037035 0.5462962962962963 0.4305555555555556 0.5509259259259259 0.4074074074074074 0.5509259259259259 0.4027777777777778 0.5555555555555556 0.4027777777777778 0.5810185185185185 0.4050925925925926 0.5833333333333334 0.4166666666666667 0.5833333333333334 0.41898148148148145 0.5856481481481481 0.4212962962962963 0.5833333333333334 0.4236111111111111 0.5856481481481481 0.42824074074074076 0.5856481481481481 0.4305555555555556 0.5833333333333334 0.4375 0.5833333333333334 0.4398148148148148 0.5856481481481481 0.45601851851851855 0.5856481481481481 0.4837962962962963 0.5995370370370371 0.49074074074074076 0.6064814814814815 0.49537037037037035 0.6180555555555556 0.49537037037037035 0.6273148148148148 0.4837962962962963 0.6435185185185185 0.46064814814814814 0.6550925925925926 0.44212962962962965 0.6574074074074074 0.4398148148148148 0.6597222222222222 0.43287037037037035 0.6597222222222222 0.4305555555555556 0.6574074074074074 0.4074074074074074 0.6574074074074074 0.3819444444444444 0.6481481481481481 0.3726851851851852 0.6412037037037037 0.36574074074074076 0.6296296296296297 0.36574074074074076 0.6064814814814815 0.36342592592592593 0.6041666666666666 0.33796296296296297 0.6041666666666666 0.33564814814814814 0.5995370370370371 0.33796296296296297 0.5833333333333334 0.36342592592592593 0.5856481481481481 0.3680555555555556 0.5787037037037037 0.3680555555555556 0.5532407407407407 0.3611111111111111 0.5486111111111112 0.3541666666666667 0.5486111111111112 0.35185185185185186 0.5509259259259259 0.34953703703703703 0.5486111111111112 0.3449074074074074 0.5486111111111112 0.3425925925925926 0.5509259259259259 0.33796296296296297 0.5486111111111112 0.33796296296296297 0.5439814814814815 0.33564814814814814 0.5416666666666666 0.33796296296296297 0.5324074074074074 0.3425925925925926 0.5300925925925926 0.36574074074074076 0.5300925925925926 0.3680555555555556 0.5277777777777778 0.37037037037037035 0.5046296296296297 0.3819444444444444 0.4930555555555556 0.4074074074074074 0.48148148148148145 0.4305555555555556 0.4791666666666667
9 0.25925925925925924 0.47453703703703703 0.26157407407407407 0.47685185185185186 0.2708333333333333 0.47685185185185186 0.27314814814814814 0.4791666666666667 0.2847222222222222 0.48148148148148145 0.30092592592592593 0.49074074074074076 0.3101851851851852 0.5046296296296297 0.30787037037037035 0.5254629629629629 0.3125 0.5300925925925926 0.33101851851851855 0.5300925925925926 0.3287037037037037 0.5486111111111112 0.30787037037037035 0.5486111111111112 0.30324074074074076 0.5532407407407407 0.30324074074074076 0.5717592592592593 0.3263888888888889 0.5833333333333334 0.3263888888888889 0.5972222222222222 0.32407407407407407 0.6018518518518519 0.2986111111111111 0.5995370370370371 0.27314814814814814 0.5879629629629629 0.2638888888888889 0.5740740740740741 0.2638888888888889 0.5486111111111112 0.26157407407407407 0.5462962962962963 0.22916666666666666 0.5462962962962963 0.22685185185185186 0.5439814814814815 0.20601851851851852 0.5416666666666666 0.19907407407407407 0.5370370370370371 0.18981481481481483 0.5347222222222222 0.17592592592592593 0.5208333333333334 0.1736111111111111 0.5162037037037037 0.1736111111111111 0.5046296296296297 0.17824074074074073 0.49537037037037035 0.1875 0.4861111111111111 0.19212962962962962 0.4861111111111111 0.21064814814814814 0.47685185185185186 0.2199074074074074 0.47685185185185186 0.2222222222222222 0.47453703703703703 0.2569444444444444 0.47453703703703703
11 0.06749556018518518 0.7045 0.0848135 0.7065 0.1309946712962963 0.70575 0.15763765509259262 0.7034999999999999 0.1696269976851852 0.701 0.17628774537037037 0.701 0.18516873842592593 0.7015 0.1918294837962963 0.7034999999999999 0.20515097685185182 0.705 0.24156305555555554 0.7060000000000001 0.270426287037037 0.7055 0.2859680277777778 0.7065 0.39742451157407405 0.7072499999999999 0.44360568287037033 0.70675 0.6123445833333334 0.7090000000000001 0.6927175833333332 0.7090000000000001 0.706483125 0.7075 0.7091474236111112 0.70825 0.7175843703703704 0.708 0.7269094143518517 0.7097500000000001 0.7588809953703703 0.7090000000000001 0.7677619884259259 0.7100000000000001 0.8010657199074074 0.70925 0.8072824166666668 0.7102499999999999 0.8468028425925925 0.7102499999999999 0.8592362337962962 0.7100000000000001 0.8827708703703704 0.7072499999999999 0.8960923634259259 0.7034999999999999 0.9045293078703703 0.69975 0.9218472476851851 0.68525 0.9262877453703703 0.6729999999999999 0.9271758425925926 0.661 0.938277087962963 0.2615 0.9365008888888888 0.25125000000000003 0.9262877453703703 0.23775 0.9227353472222222 0.23525 0.9147424513888889 0.23074999999999998 0.8934280648148147 0.22449999999999998 0.8805506226851852 0.22274999999999998 0.8596802847222222 0.22325 0.8365896990740741 0.22175 0.8206039074074073 0.223 0.8072824166666668 0.22125 0.7868561273148148 0.22099999999999997 0.771314386574074 0.22225 0.7535523981481481 0.2215 0.7451154537037037 0.22 0.7353463587962963 0.22099999999999997 0.7153641203703704 0.22025 0.6694493773148148 0.22125 0.6616341041666667 0.21975 0.6536412083333333 0.2195 0.6500888101851852 0.2205 0.6474245115740741 0.2195 0.6367673171296296 0.219 0.6123445833333334 0.21875 0.6016873888888888 0.21975 0.5954706921296297 0.21825000000000003 0.5701598587962963 0.21825000000000003 0.5595026643518518 0.21924999999999997 0.5537300185185186 0.2175 0.5155417407407408 0.21650000000000003 0.501776199074074 0.217 0.48001776157407405 0.21575 0.4440497337962963 0.21675 0.42539964583333334 0.21475000000000002 0.406453375 0.216 0.39387211342592593 0.215 0.38454706944444444 0.21575 0.3627886319444445 0.2145 0.3494671412037037 0.21475000000000002 0.31483126157407404 0.2125 0.2815275300925926 0.21300000000000002 0.26110124305555554 0.21175 0.2535523981481482 0.21175 0.2428952037037037 0.21375 0.23801065740740743 0.212 0.22468916435185185 0.21175 0.20026643055555554 0.21475000000000002 0.19419760185185186 0.21308325 0.18783303703703705 0.209 0.18206039120370368 0.20700000000000002 0.17850799305555556 0.20274999999999999 0.16163410416666668 0.19875 0.15408525694444444 0.19825 0.14653641203703704 0.20024999999999998 0.13987566666666668 0.2 0.13676731712962964 0.19574999999999998 0.13143872222222222 0.19749999999999998 0.1265541736111111 0.197 0.123889875 0.2005 0.11944937731481481 0.2 0.11634103009259258 0.20175 0.10879218518518519 0.20099999999999998 0.10568383564814815 0.199 0.10257548842592591 0.2015 0.09857904166666666 0.20124999999999998 0.09280639351851852 0.20325000000000001 0.08836589583333333 0.20274999999999999 0.0754884537037037 0.21025000000000002 0.07326820601851852 0.22175 0.0706039074074074 0.3555 0.05461811805555556 0.6577500000000001 0.054174067129629626 0.6925 0.05639431712962963 0.69875 0.05994671296296296 0.7015 0.06749556018518518 0.7045
12 0.20426287731481482 0.1955 0.05062166898148148 0.1955 0.05062166898148148 0.73382 0.20426287731481482 0.73382 0.20426287731481482 0.1955
13 0.44937833101851854 0.31525 0.4595914745370371 0.312 0.46536412037037034 0.30824999999999997 0.46714031944444445 0.30474999999999997 0.46625221990740745 0.29575 0.4635879212962963 0.2925 0.45737122453703705 0.28875 0.44893428009259256 0.28625 0.4365008888888889 0.28625 0.4289520416666666 0.28825 0.42317939583333336 0.29175 0.4196269976851852 0.29750000000000004 0.42140319675925925 0.3075 0.4289520416666666 0.3125 0.4356127893518518 0.31425 0.44937833101851854 0.31525
13 0.643872113425926 0.31725 0.6531971574074075 0.31125 0.6549733564814815 0.30474999999999997 0.6536412083333333 0.29675 0.6403197152777778 0.28975 0.6261101250000001 0.28925 0.6167850810185186 0.29225 0.6087921851851852 0.29824999999999996 0.6083481342592593 0.30800000000000005 0.6198934282407408 0.31675000000000003 0.6372113680555556 0.31925 0.643872113425926 0.31725
13 0.7171403194444445 0.3735 0.727353462962963 0.3745 0.7375666064814815 0.3715 0.7446714027777778 0.36700000000000005 0.7473357013888888 0.363 0.7455595023148148 0.35150000000000003 0.7375666064814815 0.34525 0.7322380115740741 0.34450000000000003 0.7198046180555556 0.34400000000000003 0.710479574074074 0.34625 0.7015985787037037 0.35100000000000003 0.6984902314814815 0.35675 0.6984902314814815 0.36325 0.7011545300925925 0.36675 0.7069271759259259 0.37050000000000005 0.7171403194444445 0.3735
13 0.5324156296296296 0.37175 0.5368561273148148 0.372 0.5461811712962963 0.3695 0.5555062175925927 0.36475 0.5590586134259259 0.36024999999999996 0.5595026643518518 0.35225 0.5559502662037037 0.34800000000000003 0.5506216689814815 0.34450000000000003 0.539520425925926 0.34175 0.5270870347222222 0.3425 0.520870337962963 0.34450000000000003 0.5164298402777777 0.347 0.5119893425925925 0.35300000000000004 0.5119893425925925 0.35825 0.5164298402777777 0.36525 0.5257548842592593 0.37025 0.5324156296296296 0.37175
13 0.3450266435185185 0.368 0.35301953703703703 0.36825 0.3619005324074074 0.3655 0.36634103009259256 0.36275 0.3712255763888889 0.35475 0.36944937731481486 0.34750000000000003 0.3658969814814815 0.34375 0.35612788657407407 0.33949999999999997 0.3490230902777778 0.33799999999999997 0.34147424537037036 0.33799999999999997 0.3348135 0.33925000000000005 0.3272646527777778 0.34400000000000003 0.32326820601851847 0.34925 0.3241563055555556 0.35800000000000004 0.3294849027777778 0.36325 0.333925400462963 0.36525 0.3450266435185185 0.368
13 0.24111900462962962 0.41925 0.2575488449074074 0.41900000000000004 0.26598578935185185 0.416 0.270426287037037 0.413 0.27397868518518514 0.40875 0.27353463657407406 0.40175000000000005 0.2690941388888889 0.39625 0.2642095925925926 0.39349999999999996 0.25532859722222223 0.39125000000000004 0.2428952037037037 0.391 0.23223801157407406 0.39375 0.22646536342592594 0.39775 0.22468916435185185 0.40075 0.22646536342592594 0.40975 0.2309058611111111 0.41424999999999995 0.24111900462962962 0.41925
13 0.44671403240740737 0.42250000000000004 0.45293072916666666 0.422 0.4613676736111111 0.41550000000000004 0.4635879212962963 0.41225 0.46403197222222226 0.4045 0.4613676736111111 0.40025 0.456483125 0.39725 0.4444937824074074 0.39349999999999996 0.4320603912037037 0.394 0.42184724768518517 0.39699999999999996 0.41785079861111113 0.40049999999999997 0.4151865 0.40650000000000003 0.4147424513888889 0.41125 0.42140319675925925 0.4185 0.4422735347222222 0.42425 0.44671403240740737 0.42250000000000004
13 0.6163410300925926 0.42375 0.6225577268518518 0.4255 0.6287744236111111 0.425 0.6385435162037036 0.4235 0.6456483125 0.42025 0.6492007106481481 0.416 0.6509769097222221 0.41050000000000003 0.6478685601851851 0.40325 0.6425399652777778 0.39925 0.6367673171296296 0.39725 0.626998224537037 0.396 0.6194493773148148 0.39625 0.6101243333333334 0.39899999999999997 0.6043516875 0.40399999999999997 0.603019537037037 0.41225 0.604795736111111 0.41725 0.6070159861111111 0.4195 0.6163410300925926 0.42375
13 0.8006216689814815 0.425 0.8112788634259259 0.427 0.8259325046296296 0.4265 0.8348135 0.42225 0.8405861458333334 0.41475 0.8410301944444444 0.40925 0.8379218472222222 0.40425 0.8281527523148149 0.3995 0.8179396087962963 0.3975 0.8063943171296296 0.39849999999999997 0.8006216689814815 0.40025 0.7957371226851853 0.403 0.7908525763888888 0.40850000000000003 0.789520425925926 0.411 0.7904085254629629 0.41825 0.7930728240740741 0.4215 0.8006216689814815 0.425
13 0.7069271759259259 0.477 0.7122557731481481 0.479 0.7220248657407408 0.479 0.7317939606481482 0.47625 0.7397868564814815 0.47175 0.7424511550925926 0.46725 0.7428952037037037 0.4635 0.7384547060185185 0.45599999999999996 0.7229129652777778 0.45075 0.7100355231481481 0.45075 0.7033747777777778 0.45225000000000004 0.6980461805555556 0.4555 0.6936056828703704 0.46299999999999997 0.6931616342592593 0.467 0.6993783310185185 0.47475 0.7029307291666667 0.47725 0.7069271759259259 0.477
13 0.5235346365740741 0.4755 0.5364120787037037 0.47625 0.5466252222222222 0.47425 0.5541740671296297 0.46675 0.5550621666666666 0.46225 0.5523978680555556 0.45575 0.5484014212962963 0.45225000000000004 0.542184724537037 0.4495 0.5270870347222222 0.44825000000000004 0.520870337962963 0.44875000000000004 0.5115452939814815 0.453 0.5071047962962963 0.45949999999999996 0.5066607453703704 0.46375 0.5088809953703703 0.46925 0.518650087962963 0.47450000000000003 0.5235346365740741 0.4755
13 0.33792184722222224 0.4735 0.3521314398148148 0.4735 0.36678508101851853 0.46625 0.36811722916666667 0.459 0.3658969814814815 0.45375000000000004 0.3601243333333333 0.4495 0.3521314398148148 0.4465 0.33969804629629635 0.44575 0.3312611018518518 0.447 0.3237122546296296 0.45075 0.31927175925925927 0.457 0.3197158078703704 0.46325 0.32238010648148147 0.46675 0.32815275231481483 0.47075 0.33792184722222224 0.4735
13 0.25177619907407406 0.5257499999999999 0.2597690949074074 0.525 0.2650976898148148 0.523 0.2677619884259259 0.5085 0.2655417407407408 0.50425 0.2575488449074074 0.49924999999999997 0.24689165277777778 0.497 0.2304618125 0.4975 0.22335701620370368 0.50025 0.21758437037037037 0.50725 0.21758437037037037 0.516 0.22690941435185186 0.5235 0.23312611111111112 0.525 0.25177619907407406 0.5257499999999999
13 0.4316163402777778 0.528 0.43960923611111113 0.52775 0.44671403240740737 0.5257499999999999 0.4538188287037037 0.522 0.45781527546296297 0.5167499999999999 0.4582593240740741 0.5125000000000001 0.4547069282407407 0.50575 0.44937833101851854 0.5025000000000001 0.4387211365740741 0.49974999999999997 0.4320603912037037 0.50025 0.41740675 0.504 0.4107460046296296 0.51075 0.4116341041666666 0.519 0.4147424513888889 0.5225 0.42317939583333336 0.52625 0.4316163402777778 0.528
13 0.6221136759259259 0.5295 0.6301065717592592 0.52925 0.6367673171296296 0.5275 0.6447602129629629 0.5225 0.6465364120370369 0.51425 0.643872113425926 0.5085 0.6389875671296296 0.50525 0.6341030185185185 0.50375 0.6238898749999999 0.50225 0.6110124328703704 0.50375 0.6052397870370371 0.50575 0.5985790416666666 0.51175 0.5990230902777779 0.51975 0.6016873888888888 0.523 0.6087921851851852 0.527 0.6221136759259259 0.5295
13 0.8010657199074074 0.532 0.812166962962963 0.5325 0.8246003541666667 0.5307499999999999 0.83259325 0.526 0.835701599537037 0.522 0.8348135 0.512 0.8312611018518519 0.5085 0.8219360578703703 0.5045 0.8010657199074074 0.50425 0.789520425925926 0.508 0.7855239791666667 0.51375 0.7846358796296296 0.5205 0.7864120787037037 0.524 0.7966252222222222 0.5307499999999999 0.8010657199074074 0.532
13 0.7131438726851852 0.5840000000000001 0.7189165185185185 0.58375 0.7277975138888889 0.58175 0.7349023101851851 0.57825 0.7375666064814815 0.5745 0.7380106574074075 0.5675 0.7317939606481482 0.5597500000000001 0.7269094143518517 0.5569999999999999 0.7171403194444445 0.556 0.7047069282407408 0.55675 0.6984902314814815 0.5585 0.690941386574074 0.56425 0.690053287037037 0.56875 0.6922735347222222 0.5755 0.7029307291666667 0.58225 0.7131438726851852 0.5840000000000001
13 0.5244227361111111 0.5825 0.5337477800925926 0.58225 0.541296625 0.581 0.5479573703703703 0.578 0.5528419189814815 0.5705 0.5537300185185186 0.564 0.5506216689814815 0.5595 0.5466252222222222 0.55675 0.5373001782407407 0.55475 0.518650087962963 0.554 0.5093250439814815 0.5555 0.5053285972222222 0.55775 0.501776199074074 0.56275 0.5013321481481482 0.5700000000000001 0.5031083472222222 0.5745 0.5155417407407408 0.5812499999999999 0.5244227361111111 0.5825
13 0.3330373009259259 0.58025 0.3454706921296296 0.57975 0.35301953703703703 0.57725 0.35657193518518515 0.5750000000000001 0.3601243333333333 0.56825 0.3601243333333333 0.5635 0.35657193518518515 0.5575 0.3468028425925926 0.5529999999999999 0.3383658958333334 0.55175 0.33081705092592595 0.55225 0.32149200694444446 0.5549999999999999 0.3143872106481482 0.5605 0.31172291203703706 0.5655 0.31172291203703706 0.5700000000000001 0.31616340972222223 0.57475 0.3210479583333334 0.5775 0.3330373009259259 0.58025
13 0.41829484953703705 0.63425 0.4271758425925926 0.6355 0.43516873842592596 0.63525 0.4449378333333333 0.633 0.45293072916666666 0.629 0.456483125 0.6244999999999999 0.4569271759259259 0.619 0.45159857870370373 0.6122500000000001 0.44582593287037037 0.6092500000000001 0.4391651875 0.607 0.42761989351851853 0.606 0.41119005324074076 0.608 0.40630550694444445 0.612 0.4040852569444444 0.6160000000000001 0.4058614560185185 0.6262500000000001 0.41030195370370365 0.63025 0.41829484953703705 0.63425
13 0.6176731782407408 0.63675 0.6283303726851851 0.636 0.6385435162037036 0.6305 0.6425399652777778 0.62475 0.6425399652777778 0.619 0.6407637662037038 0.61575 0.6332149189814814 0.6104999999999999 0.6234458263888889 0.6082500000000001 0.6056838356481481 0.61 0.6016873888888888 0.61125 0.5963587916666667 0.6162500000000001 0.5954706921296297 0.62 0.5981349907407407 0.6295000000000001 0.6074600347222222 0.63425 0.6176731782407408 0.63675