9 0.24537037037037038 0.5185185185185185 0.24768518518518517 0.5208333333333334 0.2569444444444444 0.5208333333333334 0.26851851851851855 0.5277777777777778 0.27314814814814814 0.5277777777777778 0.28935185185185186 0.5393518518518519 0.29398148148148145 0.5486111111111112 0.29398148148148145 0.5671296296296297 0.2916666666666667 0.5694444444444444 0.29398148148148145 0.5740740740740741 0.3194444444444444 0.5740740740740741 0.32407407407407407 0.5763888888888888 0.32407407407407407 0.5925925925925926 0.32175925925925924 0.5949074074074074 0.2916666666666667 0.5949074074074074 0.28935185185185186 0.5972222222222222 0.28935185185185186 0.6180555555555556 0.2962962962962963 0.625 0.3055555555555556 0.6296296296296297 0.3148148148148148 0.6296296296296297 0.3194444444444444 0.6342592592592593 0.3194444444444444 0.6481481481481481 0.31712962962962965 0.6504629629629629 0.28703703703703703 0.6481481481481481 0.2638888888888889 0.6365740740740741 0.25 0.6203703703703703 0.25 0.5949074074074074 0.24768518518518517 0.5925925925925926 0.24305555555555555 0.5925925925925926 0.24074074074074073 0.5949074074074074 0.2361111111111111 0.5949074074074074 0.2337962962962963 0.5925925925925926 0.23148148148148148 0.5949074074074074 0.22916666666666666 0.5925925925925926 0.19907407407407407 0.5925925925925926 0.16898148148148148 0.5810185185185185 0.1574074074074074 0.5694444444444444 0.1550925925925926 0.5648148148148148 0.1550925925925926 0.5486111111111112 0.1574074074074074 0.5439814814814815 0.17592592592592593 0.5277777777777778 0.18055555555555555 0.5277777777777778 0.1875 0.5231481481481481 0.2013888888888889 0.5208333333333334 0.2037037037037037 0.5185185185185185 0.24305555555555555 0.5185185185185185
3 0.4097222222222222 0.5208333333333334 0.4212962962962963 0.5254629629629629 0.41898148148148145 0.5370370370370371 0.41203703703703703 0.5416666666666666 0.4027777777777778 0.5416666666666666 0.39351851851851855 0.5462962962962963 0.3888888888888889 0.5532407407407407 0.3888888888888889 0.5648148148148148 0.39351851851851855 0.5740740740740741 0.41435185185185186 0.5740740740740741 0.41898148148148145 0.5763888888888888 0.4212962962962963 0.5833333333333334 0.4166666666666667 0.5925925925925926 0.39351851851851855 0.5925925925925926 0.3888888888888889 0.5972222222222222 0.3888888888888889 0.6273148148148148 0.3912037037037037 0.6296296296296297 0.4375 0.6296296296296297 0.4398148148148148 0.6319444444444444 0.44675925925925924 0.6319444444444444 0.4699074074074074 0.6435185185185185 0.48148148148148145 0.6574074074074074 0.48148148148148145 0.6736111111111112 0.47685185185185186 0.6828703703703703 0.46296296296296297 0.6944444444444444 0.4398148148148148 0.7037037037037037 0.3912037037037037 0.7037037037037037 0.3773148148148148 0.6967592592592593 0.3726851851851852 0.6967592592592593 0.35185185185185186 0.6828703703703703 0.34953703703703703 0.6712962962962963 0.3472222222222222 0.6689814814814815 0.3472222222222222 0.6504629629629629 0.3449074074074074 0.6481481481481481 0.3425925925925926 0.6504629629629629 0.32407407407407407 0.6504629629629629 0.32407407407407407 0.6365740740740741 0.32175925925925924 0.6342592592592593 0.32175925925925924 0.6296296296296297 0.34953703703703703 0.6296296296296297 0.35185185185185186 0.6273148148148148 0.35185185185185186 0.6180555555555556 0.34953703703703703 0.6157407407407407 0.35185185185185186 0.6134259259259259 0.35185185185185186 0.6018518518518519 0.3472222222222222 0.5949074074074074 0.32407407407407407 0.5949074074074074 0.32407407407407407 0.5902777777777778 0.3263888888888889 0.5879629629629629 0.3263888888888889 0.5763888888888888 0.3287037037037037 0.5740740740740741 0.34953703703703703 0.5740740740740741 0.35185185185185186 0.5717592592592593 0.35185185185185186 0.5509259259259259 0.3541666666666667 0.5462962962962963 0.37037037037037035 0.5324074074074074 0.39351851851851855 0.5231481481481481 0.4027777777777778 0.5231481481481481 0.4074074074074074 0.5208333333333334
8 0.4351851851851852 0.5208333333333334 0.4375 0.5231481481481481 0.46064814814814814 0.5277777777777778 0.47685185185185186 0.5393518518518519 0.4837962962962963 0.5486111111111112 0.4837962962962963 0.5694444444444444 0.48148148148148145 0.5717592592592593 0.4837962962962963 0.5763888888888888 0.48842592592592593 0.5740740740740741 0.5138888888888888 0.5740740740740741 0.5162037037037037 0.5763888888888888 0.5277777777777778 0.5763888888888888 0.5300925925925926 0.5787037037037037 0.5393518518518519 0.5787037037037037 0.5462962962962963 0.5833333333333334 0.5509259259259259 0.5833333333333334 0.5648148148148148 0.5949074074074074 0.5694444444444444 0.6041666666666666 0.5694444444444444 0.625 0.5717592592592593 0.6273148148148148 0.5925925925925926 0.6273148148148148 0.5972222222222222 0.6296296296296297 0.5995370370370371 0.6412037037037037 0.5949074074074074 0.6458333333333334 0.5902777777777778 0.6458333333333334 0.5879629629629629 0.6481481481481481 0.5763888888888888 0.6481481481481481 0.5717592592592593 0.6458333333333334 0.5694444444444444 0.6481481481481481 0.5694444444444444 0.6689814814814815 0.5717592592592593 0.6736111111111112 0.5833333333333334 0.6805555555555556 0.5949074074074074 0.6805555555555556 0.5995370370370371 0.6898148148148148 0.5972222222222222 0.6921296296296297 0.5995370370370371 0.6944444444444444 0.5972222222222222 0.6990740740740741 0.5740740740740741 0.6990740740740741 0.5717592592592593 0.6967592592592593 0.5578703703703703 0.6944444444444444 0.5393518518518519 0.6851851851851852 0.5254629629629629 0.6689814814814815 0.5254629629629629 0.6527777777777778 0.5277777777777778 0.6504629629629629 0.5254629629629629 0.6481481481481481 0.4930555555555556 0.6458333333333334 0.49074074074074076 0.6435185185185185 0.4722222222222222 0.6412037037037037 0.44907407407407407 0.6319444444444444 0.44212962962962965 0.625 0.4375 0.6157407407407407 0.4375 0.5995370370370371 0.44212962962962965 0.5949074074074074 0.4398148148148148 0.5925925925925926 0.4212962962962963 0.5925925925925926 0.4236111111111111 0.5902777777777778 0.4212962962962963 0.5879629629629629 0.4212962962962963 0.5833333333333334 0.4236111111111111 0.5810185185185185 0.4212962962962963 0.5740740740740741 0.42592592592592593 0.5740740740740741 0.42824074074074076 0.5717592592592593 0.4398148148148148 0.5740740740740741 0.44212962962962965 0.5717592592592593 0.44212962962962965 0.5555555555555556 0.4398148148148148 0.5509259259259259 0.4305555555555556 0.5462962962962963 0.4212962962962963 0.5370370370370371 0.4236111111111111 0.5324074074074074 0.4212962962962963 0.5300925925925926 0.4236111111111111 0.5277777777777778 0.4212962962962963 0.5231481481481481 0.43287037037037035 0.5208333333333334
5 0.4398148148148148 0.31712962962962965 0.4652777777777778 0.3263888888888889 0.47453703703703703 0.3333333333333333 0.47685185185185186 0.3402777777777778 0.48148148148148145 0.3449074074074074 0.48148148148148145 0.35648148148148145 0.47685185185185186 0.36574074074074076 0.4699074074074074 0.3726851851851852 0.4351851851851852 0.38657407407407407 0.39351851851851855 0.38657407407407407 0.3912037037037037 0.3888888888888889 0.3912037037037037 0.4027777777777778 0.3888888888888889 0.4074074074074074 0.37037037037037035 0.4236111111111111 0.36574074074074076 0.4236111111111111 0.34953703703703703 0.4305555555555556 0.3425925925925926 0.4305555555555556 0.3402777777777778 0.43287037037037035 0.30092592592592593 0.43287037037037035 0.2962962962962963 0.4305555555555556 0.29398148148148145 0.43287037037037035 0.29398148148148145 0.4444444444444444 0.27314814814814814 0.4444444444444444 0.2708333333333333 0.44675925925925924 0.2569444444444444 0.44675925925925924 0.25462962962962965 0.44212962962962965 0.2569444444444444 0.43287037037037035 0.25 0.42824074074074076 0.24537037037037038 0.4305555555555556 0.24074074074074073 0.42824074074074076 0.2199074074074074 0.42824074074074076 0.2175925925925926 0.4305555555555556 0.20833333333333334 0.4305555555555556 0.20601851851851852 0.43287037037037035 0.2013888888888889 0.43287037037037035 0.19444444444444445 0.44212962962962965 0.1597222222222222 0.44212962962962965 0.1574074074074074 0.4398148148148148 0.1574074074074074 0.43287037037037035 0.1712962962962963 0.41898148148148145 0.2037037037037037 0.4074074074074074 0.24768518518518517 0.4074074074074074 0.25 0.4097222222222222 0.25462962962962965 0.4097222222222222 0.2569444444444444 0.4074074074074074 0.2569444444444444 0.39351851851851855 0.26157407407407407 0.38657407407407407 0.26157407407407407 0.3819444444444444 0.27314814814814814 0.37037037037037035 0.29398148148148145 0.3611111111111111 0.30324074074074076 0.3611111111111111 0.3055555555555556 0.3587962962962963 0.3449074074074074 0.3587962962962963 0.3472222222222222 0.3611111111111111 0.3541666666666667 0.35648148148148145 0.3541666666666667 0.3472222222222222 0.3587962962962963 0.33796296296296297 0.3726851851851852 0.32407407407407407 0.38425925925925924 0.3194444444444444 0.39351851851851855 0.3194444444444444 0.4050925925925926 0.3148148148148148 0.4351851851851852 0.3148148148148148 0.4375 0.31712962962962965
0 0.7384259259259259 0.5625 0.7407407407407407 0.5648148148148148 0.7407407407407407 0.5717592592592593 0.7384259259259259 0.5740740740740741 0.7407407407407407 0.5763888888888888 0.7592592592592593 0.5763888888888888 0.7754629629629629 0.5625 0.8148148148148148 0.5625 0.8171296296296297 0.5648148148148148 0.8148148148148148 0.5740740740740741 0.8055555555555556 0.5833333333333334 0.7870370370370371 0.5925925925925926 0.7754629629629629 0.5925925925925926 0.7731481481481481 0.5949074074074074 0.7546296296296297 0.5949074074074074 0.7523148148148148 0.5925925925925926 0.7430555555555556 0.5949074074074074 0.7407407407407407 0.5925925925925926 0.7384259259259259 0.5949074074074074 0.7384259259259259 0.5995370370370371 0.7407407407407407 0.6018518518518519 0.7407407407407407 0.6180555555555556 0.7314814814814815 0.6319444444444444 0.7245370370370371 0.6342592592592593 0.7152777777777778 0.6412037037037037 0.6967592592592593 0.6435185185185185 0.6944444444444444 0.6458333333333334 0.6597222222222222 0.6458333333333334 0.6574074074074074 0.6481481481481481 0.6574074074074074 0.6712962962962963 0.6504629629629629 0.6828703703703703 0.6296296296296297 0.6944444444444444 0.625 0.6944444444444444 0.6226851851851852 0.6967592592592593 0.6111111111111112 0.6967592592592593 0.6087962962962963 0.6990740740740741 0.5995370370370371 0.6967592592592593 0.6018518518518519 0.6944444444444444 0.6018518518518519 0.6898148148148148 0.5972222222222222 0.6828703703703703 0.5995370370370371 0.6805555555555556 0.6064814814814815 0.6805555555555556 0.6111111111111112 0.6712962962962963 0.6203703703703703 0.6620370370370371 0.6180555555555556 0.6597222222222222 0.6180555555555556 0.6504629629629629 0.6134259259259259 0.6458333333333334 0.5995370370370371 0.6458333333333334 0.5972222222222222 0.6435185185185185 0.5995370370370371 0.6412037037037037 0.5995370370370371 0.6365740740740741 0.5972222222222222 0.6319444444444444 0.5925925925925926 0.6296296296296297 0.5995370370370371 0.625 0.6134259259259259 0.625 0.6157407407407407 0.6226851851851852 0.6157407407407407 0.6018518518518519 0.6180555555555556 0.5972222222222222 0.625 0.5902777777777778 0.6296296296296297 0.5902777777777778 0.6342592592592593 0.5856481481481481 0.6527777777777778 0.5763888888888888 0.6944444444444444 0.5763888888888888 0.6967592592592593 0.5740740740740741 0.6944444444444444 0.5717592592592593 0.6944444444444444 0.5648148148148148 0.6967592592592593 0.5625 0.7060185185185185 0.5625 0.7083333333333334 0.5601851851851852 0.7129629629629629 0.5625 0.7152777777777778 0.5601851851851852 0.7199074074074074 0.5625 0.7291666666666666 0.5625 0.7337962962962963 0.5601851851851852 0.7361111111111112 0.5625
10 0.5671296296296297 0.45601851851851855 0.5694444444444444 0.4583333333333333 0.5694444444444444 0.4699074074074074 0.5717592592592593 0.4722222222222222 0.5833333333333334 0.4722222222222222 0.5856481481481481 0.47453703703703703 0.5972222222222222 0.47453703703703703 0.5995370370370371 0.4722222222222222 0.6041666666666666 0.4722222222222222 0.6134259259259259 0.46064814814814814 0.6180555555555556 0.46064814814814814 0.6203703703703703 0.4583333333333333 0.6504629629629629 0.4583333333333333 0.6504629629629629 0.4675925925925926 0.6481481481481481 0.4722222222222222 0.6273148148148148 0.4861111111111111 0.6180555555555556 0.4861111111111111 0.6111111111111112 0.49074074074074076 0.5717592592592593 0.49074074074074076 0.5694444444444444 0.4930555555555556 0.5694444444444444 0.5208333333333334 0.5717592592592593 0.5231481481481481 0.6111111111111112 0.5231481481481481 0.6203703703703703 0.5277777777777778 0.6273148148148148 0.5277777777777778 0.6458333333333334 0.5393518518518519 0.6527777777777778 0.5486111111111112 0.6527777777777778 0.5532407407407407 0.6550925925925926 0.5555555555555556 0.6527777777777778 0.5671296296296297 0.6435185185185185 0.5787037037037037 0.6365740740740741 0.5833333333333334 0.6319444444444444 0.5833333333333334 0.6273148148148148 0.5879629629629629 0.6226851851851852 0.5879629629629629 0.6203703703703703 0.5902777777777778 0.6087962962962963 0.5902777777777778 0.6064814814814815 0.5925925925925926 0.5810185185185185 0.5925925925925926 0.5787037037037037 0.5902777777777778 0.5671296296296297 0.5902777777777778 0.5578703703703703 0.5833333333333334 0.5486111111111112 0.5787037037037037 0.5439814814814815 0.5787037037037037 0.5393518518518519 0.5740740740740741 0.5347222222222222 0.5740740740740741 0.5277777777777778 0.5601851851851852 0.5277777777777778 0.5462962962962963 0.5300925925925926 0.5439814814814815 0.5254629629629629 0.5393518518518519 0.5138888888888888 0.5393518518518519 0.5138888888888888 0.5300925925925926 0.5162037037037037 0.5277777777777778 0.5138888888888888 0.5254629629629629 0.5162037037037037 0.5231481481481481 0.5277777777777778 0.5231481481481481 0.5300925925925926 0.5208333333333334 0.5300925925925926 0.4976851851851852 0.5324074074074074 0.49537037037037035 0.5277777777777778 0.49074074074074076 0.5162037037037037 0.49074074074074076 0.5115740740740741 0.4861111111111111 0.5138888888888888 0.48148148148148145 0.5115740740740741 0.4722222222222222 0.5138888888888888 0.4699074074074074 0.5277777777777778 0.4699074074074074 0.5300925925925926 0.4675925925925926 0.5300925925925926 0.46064814814814814 0.5393518518518519 0.45601851851851855 0.5648148148148148 0.45601851851851855
2 0.6412037037037037 0.4074074074074074 0.6435185185185185 0.4097222222222222 0.6504629629629629 0.4097222222222222 0.6527777777777778 0.41203703703703703 0.6527777777777778 0.41898148148148145 0.6574074074074074 0.4236111111111111 0.6828703703703703 0.4236111111111111 0.6898148148148148 0.41435185185185186 0.7013888888888888 0.41203703703703703 0.7037037037037037 0.4097222222222222 0.7222222222222222 0.4097222222222222 0.7245370370370371 0.41203703703703703 0.7314814814814815 0.41203703703703703 0.7314814814814815 0.4236111111111111 0.7361111111111112 0.42824074074074076 0.7615740740740741 0.42824074074074076 0.7638888888888888 0.4305555555555556 0.7754629629629629 0.4305555555555556 0.7777777777777778 0.43287037037037035 0.7824074074074074 0.43287037037037035 0.8032407407407407 0.4444444444444444 0.8101851851851852 0.45601851851851855 0.8101851851851852 0.46064814814814814 0.7708333333333334 0.46064814814814814 0.7569444444444444 0.44907407407407407 0.75 0.44907407407407407 0.7476851851851852 0.44675925925925924 0.7361111111111112 0.44907407407407407 0.7314814814814815 0.4583333333333333 0.6898148148148148 0.46064814814814814 0.6875 0.4583333333333333 0.6875 0.4513888888888889 0.6898148148148148 0.44907407407407407 0.6875 0.4444444444444444 0.6550925925925926 0.4444444444444444 0.6504629629629629 0.45601851851851855 0.6134259259259259 0.45601851851851855 0.6111111111111112 0.4537037037037037 0.6111111111111112 0.4444444444444444 0.6087962962962963 0.44212962962962965 0.5856481481481481 0.44212962962962965 0.5833333333333334 0.4444444444444444 0.5763888888888888 0.4444444444444444 0.5694444444444444 0.4537037037037037 0.5393518518518519 0.4537037037037037 0.5370370370370371 0.45601851851851855 0.5300925925925926 0.45601851851851855 0.5300925925925926 0.44907407407407407 0.5439814814814815 0.4351851851851852 0.5625 0.42592592592592593 0.5856481481481481 0.4236111111111111 0.5879629629629629 0.4212962962962963 0.5995370370370371 0.4212962962962963 0.6041666666666666 0.4236111111111111 0.6111111111111112 0.41898148148148145 0.6111111111111112 0.41435185185185186 0.6134259259259259 0.41203703703703703 0.6180555555555556 0.41203703703703703 0.6273148148148148 0.4074074074074074 0.6388888888888888 0.4074074074074074
7 0.4837962962962963 0.4027777777777778 0.4861111111111111 0.4074074074074074 0.4837962962962963 0.41435185185185186 0.48842592592592593 0.41898148148148145 0.4976851851851852 0.41898148148148145 0.5 0.4212962962962963 0.5162037037037037 0.4212962962962963 0.5185185185185185 0.41898148148148145 0.5231481481481481 0.41898148148148145 0.5324074074074074 0.4074074074074074 0.5393518518518519 0.4074074074074074 0.5416666666666666 0.4050925925925926 0.5625 0.4050925925925926 0.5648148148148148 0.4074074074074074 0.5648148148148148 0.4166666666666667 0.5601851851851852 0.41898148148148145 0.5601851851851852 0.4236111111111111 0.5486111111111112 0.4305555555555556 0.5439814814814815 0.4305555555555556 0.5370370370370371 0.4351851851851852 0.5300925925925926 0.4351851851851852 0.5277777777777778 0.4375 0.5162037037037037 0.4375 0.5138888888888888 0.4398148148148148 0.4861111111111111 0.4398148148148148 0.48148148148148145 0.44675925925925924 0.4837962962962963 0.4513888888888889 0.48148148148148145 0.45601851851851855 0.4837962962962963 0.46064814814814814 0.48148148148148145 0.46296296296296297 0.4861111111111111 0.4699074074074074 0.5092592592592593 0.4699074074074074 0.5115740740740741 0.4722222222222222 0.5115740740740741 0.4837962962962963 0.5092592592592593 0.48842592592592593 0.5046296296296297 0.49074074074074076 0.4861111111111111 0.49074074074074076 0.48148148148148145 0.4976851851851852 0.4837962962962963 0.5 0.4837962962962963 0.5092592592592593 0.49074074074074076 0.5162037037037037 0.5 0.5208333333333334 0.5092592592592593 0.5208333333333334 0.5115740740740741 0.5231481481481481 0.5138888888888888 0.5277777777777778 0.5138888888888888 0.5393518518518519 0.48842592592592593 0.5393518518518519 0.4861111111111111 0.5370370370370371 0.48148148148148145 0.5393518518518519 0.4699074074074074 0.5300925925925926 0.44907407407407407 0.5208333333333334 0.4444444444444444 0.5162037037037037 0.4444444444444444 0.5115740740740741 0.44212962962962965 0.5092592592592593 0.44212962962962965 0.49074074074074076 0.4375 0.4861111111111111 0.42824074074074076 0.4861111111111111 0.42592592592592593 0.48842592592592593 0.4236111111111111 0.4861111111111111 0.4236111111111111 0.4699074074074074 0.42592592592592593 0.4675925925925926 0.4375 0.4675925925925926 0.44212962962962965 0.4699074074074074 0.44675925925925924 0.46296296296296297 0.4444444444444444 0.46064814814814814 0.4444444444444444 0.44212962962962965 0.44675925925925924 0.4398148148148148 0.4444444444444444 0.4375 0.4236111111111111 0.4375 0.4236111111111111 0.43287037037037035 0.42592592592592593 0.4305555555555556 0.42592592592592593 0.41898148148148145 0.42824074074074076 0.4166666666666667 0.43287037037037035 0.41898148148148145 0.44212962962962965 0.41898148148148145 0.44675925925925924 0.41435185185185186 0.4444444444444444 0.41203703703703703 0.4444444444444444 0.4074074074074074 0.4513888888888889 0.4027777777777778 0.48148148148148145 0.4027777777777778
4 0.6087962962962963 0.32407407407407407 0.6365740740740741 0.33564814814814814 0.6458333333333334 0.3449074074074074 0.6481481481481481 0.3611111111111111 0.6504629629629629 0.36342592592592593 0.6504629629629629 0.3726851851851852 0.6527777777777778 0.375 0.6875 0.3773148148148148 0.6898148148148148 0.37962962962962965 0.7037037037037037 0.3819444444444444 0.7199074074074074 0.3912037037037037 0.7291666666666666 0.4050925925925926 0.7268518518518519 0.4097222222222222 0.6990740740740741 0.4097222222222222 0.6967592592592593 0.41203703703703703 0.6898148148148148 0.41203703703703703 0.6875 0.4074074074074074 0.6782407407407407 0.40046296296296297 0.6736111111111112 0.40046296296296297 0.6712962962962963 0.39814814814814814 0.6574074074074074 0.39814814814814814 0.6550925925925926 0.3958333333333333 0.6504629629629629 0.39814814814814814 0.6504629629629629 0.4050925925925926 0.6481481481481481 0.4074074074074074 0.6203703703703703 0.4074074074074074 0.6180555555555556 0.4097222222222222 0.6087962962962963 0.4097222222222222 0.6064814814814815 0.4074074074074074 0.6064814814814815 0.3958333333333333 0.6041666666666666 0.39351851851851855 0.5833333333333334 0.39351851851851855 0.5810185185185185 0.3912037037037037 0.5717592592592593 0.3912037037037037 0.5671296296296297 0.3958333333333333 0.5671296296296297 0.4027777777777778 0.5370370370370371 0.4027777777777778 0.5347222222222222 0.4050925925925926 0.5300925925925926 0.4050925925925926 0.5277777777777778 0.4027777777777778 0.5277777777777778 0.39351851851851855 0.5231481481481481 0.3888888888888889 0.5208333333333334 0.3912037037037037 0.5162037037037037 0.3912037037037037 0.5138888888888888 0.3888888888888889 0.49074074074074076 0.3888888888888889 0.4861111111111111 0.39351851851851855 0.4837962962962963 0.40046296296296297 0.44675925925925924 0.40046296296296297 0.44675925925925924 0.39351851851851855 0.4513888888888889 0.3888888888888889 0.45601851851851855 0.3888888888888889 0.46296296296296297 0.37962962962962965 0.4722222222222222 0.375 0.47685185185185186 0.375 0.48148148148148145 0.37037037037037035 0.5023148148148148 0.37037037037037035 0.5046296296296297 0.3680555555555556 0.5092592592592593 0.37037037037037035 0.5231481481481481 0.37037037037037035 0.5254629629629629 0.3680555555555556 0.5254629629629629 0.35185185185185186 0.5300925925925926 0.3449074074074074 0.5347222222222222 0.3402777777777778 0.5555555555555556 0.3287037037037037 0.5601851851851852 0.3287037037037037 0.5694444444444444 0.32407407407407407 0.5810185185185185 0.32407407407407407 0.5833333333333334 0.32175925925925924 0.6064814814814815 0.32407407407407407
1 0.1597222222222222 0.4444444444444444 0.16666666666666666 0.4444444444444444 0.16898148148148148 0.44212962962962965 0.1736111111111111 0.4444444444444444 0.19675925925925927 0.4444444444444444 0.20601851851851852 0.45601851851851855 0.2152777777777778 0.46064814814814814 0.2199074074074074 0.46064814814814814 0.2222222222222222 0.46296296296296297 0.24768518518518517 0.46296296296296297 0.25 0.4652777777777778 0.2569444444444444 0.46064814814814814 0.2569444444444444 0.44907407407407407 0.25925925925925924 0.44675925925925924 0.2916666666666667 0.44675925925925924 0.2962962962962963 0.44907407407407407 0.2986111111111111 0.4537037037037037 0.2986111111111111 0.46296296296296297 0.30092592592592593 0.4652777777777778 0.3287037037037037 0.4652777777777778 0.33101851851851855 0.4675925925925926 0.33564814814814814 0.4675925925925926 0.33796296296296297 0.4652777777777778 0.34953703703703703 0.4652777777777778 0.35185185185185186 0.46296296296296297 0.35185185185185186 0.4513888888888889 0.3541666666666667 0.44907407407407407 0.3541666666666667 0.4444444444444444 0.3680555555555556 0.4305555555555556 0.39351851851851855 0.41898148148148145 0.4236111111111111 0.41898148148148145 0.4236111111111111 0.42824074074074076 0.41898148148148145 0.4351851851851852 0.4027777777777778 0.4398148148148148 0.39351851851851855 0.44675925925925924 0.39351851851851855 0.46064814814814814 0.3912037037037037 0.46296296296296297 0.3958333333333333 0.4675925925925926 0.4027777777777778 0.4675925925925926 0.4050925925925926 0.4652777777777778 0.41435185185185186 0.4699074074074074 0.4236111111111111 0.4699074074074074 0.4236111111111111 0.4861111111111111 0.41898148148148145 0.48842592592592593 0.39351851851851855 0.48842592592592593 0.3912037037037037 0.49074074074074076 0.3912037037037037 0.5115740740740741 0.37962962962962965 0.5254629629629629 0.3611111111111111 0.5347222222222222 0.35648148148148145 0.5347222222222222 0.3541666666666667 0.5370370370370371 0.3402777777777778 0.5370370370370371 0.33796296296296297 0.5393518518518519 0.2962962962962963 0.5370370370370371 0.2847222222222222 0.5324074074074074 0.2800925925925926 0.5277777777777778 0.26851851851851855 0.5231481481481481 0.25925925925925924 0.5162037037037037 0.2569444444444444 0.5115740740740741 0.2569444444444444 0.48842592592592593 0.2523148148148148 0.4837962962962963 0.21064814814814814 0.4837962962962963 0.20833333333333334 0.48148148148148145 0.19212962962962962 0.4791666666666667 0.1712962962962963 0.4675925925925926 0.16435185185185186 0.46064814814814814 0.1597222222222222 0.4513888888888889 0.1597222222222222 0.44675925925925924
6 0.7870370370370371 0.46296296296296297 0.7893518518518519 0.4652777777777778 0.7916666666666666 0.46296296296296297 0.8009259259259259 0.46296296296296297 0.8032407407407407 0.4652777777777778 0.8078703703703703 0.46296296296296297 0.8101851851851852 0.4652777777777778 0.8101851851851852 0.4722222222222222 0.8032407407407407 0.48148148148148145 0.7916666666666666 0.48842592592592593 0.7870370370370371 0.48842592592592593 0.7708333333333334 0.49537037037037035 0.7361111111111112 0.49537037037037035 0.7337962962962963 0.4976851851851852 0.7337962962962963 0.5185185185185185 0.7384259259259259 0.5254629629629629 0.7662037037037037 0.5254629629629629 0.7685185185185185 0.5277777777777778 0.7824074074074074 0.5277777777777778 0.8009259259259259 0.5347222222222222 0.8148148148148148 0.5509259259259259 0.8148148148148148 0.5555555555555556 0.8101851851851852 0.5601851851851852 0.7708333333333334 0.5601851851851852 0.7708333333333334 0.5486111111111112 0.7615740740740741 0.5439814814814815 0.7384259259259259 0.5439814814814815 0.7361111111111112 0.5462962962962963 0.7361111111111112 0.5555555555555556 0.7268518518518519 0.5601851851851852 0.7222222222222222 0.5578703703703703 0.6967592592592593 0.5578703703703703 0.6921296296296297 0.5555555555555556 0.6921296296296297 0.5486111111111112 0.6967592592592593 0.5439814814814815 0.6944444444444444 0.5416666666666666 0.6504629629629629 0.5393518518518519 0.6342592592592593 0.5277777777777778 0.6157407407407407 0.5208333333333334 0.6111111111111112 0.5138888888888888 0.6111111111111112 0.5046296296296297 0.6157407407407407 0.49537037037037035 0.6203703703703703 0.49074074074074076 0.6365740740740741 0.4861111111111111 0.6458333333333334 0.4791666666666667 0.6550925925925926 0.4791666666666667 0.6574074074074074 0.47685185185185186 0.6851851851851852 0.47685185185185186 0.6921296296296297 0.4722222222222222 0.6921296296296297 0.4652777777777778 0.6944444444444444 0.46296296296296297 0.7013888888888888 0.46296296296296297 0.7037037037037037 0.46064814814814814 0.7314814814814815 0.46296296296296297 0.7361111111111112 0.4699074074074074 0.7337962962962963 0.47453703703703703 0.7361111111111112 0.47685185185185186 0.7592592592592593 0.47685185185185186 0.7685185185185185 0.4722222222222222 0.7754629629629629 0.4652777777777778 0.7847222222222222 0.4652777777777778
11 0.04884546990740741 0.30425 0.054174067129629626 0.30874999999999997 0.05461811805555556 0.312 0.051509768518518524 0.31575 0.047069270833333336 0.3175 0.04262877546296297 0.3175 0.045293071759259264 0.3185 0.04618117129629629 0.32175000000000004 0.04218472453703704 0.32425 0.041740675925925924 0.33775 0.045737122685185184 0.363 0.041296625 0.36525 0.039520425925925924 0.36825 0.03863232638888889 0.37725000000000003 0.03996447685185185 0.37949999999999995 0.03596802777777778 0.40075 0.02220248611111111 0.5942500000000001 0.023978685185185183 0.598 0.02220248611111111 0.6022500000000001 0.024422736111111114 0.60425 0.024422736111111114 0.60725 0.022646537037037034 0.6090000000000001 0.015097689814814816 0.6990000000000001 0.010657194444444443 0.73075 0.011545293981481483 0.7487499999999999 0.01598578935185185 0.7505000000000001 0.016429840277777778 0.7517499999999999 0.013765541666666667 0.75325 0.013321493055555555 0.7555 0.01820603935185185 0.7585000000000001 0.01554174074074074 0.762 0.020870337962962962 0.76325 0.024866784722222226 0.76225 0.02841918287037037 0.7627499999999999 0.02841918287037037 0.7675 0.0266429837962963 0.7685000000000001 0.02841918287037037 0.771 0.03463587962962963 0.77175 0.043072824074074076 0.77525 0.051509768518518524 0.7745 0.05728241666666666 0.7765 0.060390763888888886 0.77575 0.06349911111111112 0.77325 0.06749556018518518 0.774 0.07149200694444445 0.772 0.07415630555555557 0.77325 0.07726465277777778 0.772 0.0848135 0.77475 0.10213143981481482 0.77575 0.1043516875 0.7715000000000001 0.1092362337962963 0.7729999999999999 0.11101243287037038 0.7715000000000001 0.1429840138888889 0.76425 0.14742451157407407 0.7645000000000001 0.1505328587962963 0.767 0.15364120833333333 0.7659999999999999 0.15852575462962962 0.767 0.1771758425925926 0.76725 0.22380106481481482 0.7667499999999999 0.23357015972222223 0.7652500000000001 0.29662522222222226 0.76325 0.36545293055555556 0.7595 0.38055062268518514 0.7597499999999999 0.3903197152777778 0.75925 0.39698046296296297 0.75775 0.4018650092592593 0.7585000000000001 0.4498223796296297 0.756 0.47912966203703705 0.7527499999999999 0.5124333935185186 0.75225 0.518650087962963 0.7505000000000001 0.5328596805555555 0.7525 0.5630550625 0.749 0.5768206041666667 0.7505000000000001 0.8006216689814815 0.73925 0.8241563055555555 0.736 0.8410301944444444 0.7272500000000001 0.8432504444444445 0.72425 0.8459147430555555 0.72375 0.8445825925925926 0.7214999999999999 0.8521314398148149 0.7174999999999999 0.8579040856481482 0.707 0.8592362337962962 0.6892499999999999 0.8570159861111111 0.68425 0.8556838356481481 0.65025 0.8534635879629631 0.6425 0.853019537037037 0.5945 0.8481349907407407 0.53575 0.8454706921296297 0.52625 0.8463587916666667 0.51025 0.8432504444444445 0.45525 0.8410301944444444 0.447 0.8414742453703703 0.43575 0.8379218472222222 0.41375 0.8392539953703704 0.40075 0.8374777986111112 0.39125000000000004 0.8361456481481482 0.341 0.8348135 0.3305 0.8281527523148149 0.32049999999999995 0.8281527523148149 0.31725 0.8254884537037037 0.31425 0.8206039074074073 0.31125 0.8170515092592593 0.31075 0.8152753101851852 0.30800000000000005 0.8068383657407407 0.30275 0.7828596805555555 0.29824999999999996 0.7677619884259259 0.29750000000000004 0.7548845462962963 0.29525 0.6443161643518519 0.288 0.6367673171296296 0.28675 0.6323268217592592 0.28725 0.606127886574074 0.28575 0.5328596805555555 0.279 0.5124333935185186 0.27825 0.5053285972222222 0.279 0.4809058611111111 0.27575 0.4733570162037037 0.27649999999999997 0.4666962708333333 0.27499999999999997 0.46314387268518514 0.27625 0.4595914745370371 0.27425 0.4462699814814815 0.27275 0.43738898842592594 0.27375 0.42184724768518517 0.271 0.4036412083333334 0.27049999999999996 0.3978685601851852 0.2715 0.3778863240740741 0.2675 0.3610124328703704 0.2675 0.3383658958333334 0.2655 0.3312611018518518 0.26775 0.3272646527777778 0.2655 0.3206039074074074 0.2645 0.30106571990740744 0.2645 0.2797513310185185 0.26175 0.2766429837962963 0.2625 0.2562166967592593 0.26125 0.24111900462962962 0.2585 0.2162522199074074 0.2605 0.21492007175925926 0.26175 0.21047957407407408 0.2625 0.206483125 0.2585 0.2033747777777778 0.25975 0.1993783310185185 0.2585 0.19316163425925925 0.25825 0.18827708796296297 0.25925 0.18561278935185185 0.258 0.16696269907407407 0.259 0.16296625231481482 0.25675 0.16163410416666668 0.254 0.1571936064814815 0.25275000000000003 0.15408525694444444 0.24925 0.15097690972222222 0.24975 0.14431616435185185 0.24675 0.13765541666666667 0.2475 0.13010657175925924 0.24475 0.12344582638888889 0.245 0.12300177546296297 0.244 0.11634103009259258 0.24250000000000002 0.10568383564814815 0.24175000000000002 0.09547069212962962 0.2385 0.08836589583333333 0.23875 0.0821492013888889 0.24175000000000002 0.0728241574074074 0.24175000000000002 0.07104795833333333 0.2395 0.05017762037037037 0.24775000000000003 0.0484014212962963 0.25425 0.04928952083333333 0.2575 0.04618117129629629 0.26625 0.05062166898148148 0.2725 0.05017762037037037 0.276 0.05284191898148148 0.27999999999999997 0.047957370370370365 0.28175 0.04396092361111111 0.28975 0.045737122685185184 0.29333325 0.043072824074074076 0.2965 0.043516875 0.29725 0.04618117129629629 0.29675 0.05017762037037037 0.3 0.04884546990740741 0.30425
12 0.14092140277777776 0.24303125 0.01903419212962963 0.24303125 0.01903419212962963 0.77092875 0.14092140277777776 0.77092875 0.14092140277777776 0.24303125
13 1 0.12083250000000001 0.999555951388889 0.12083250000000001 0.999555951388889 0.1226775 1 0.1226775 1 0.12083250000000001