5 0.5185185185185185 0.3888888888888889 0.5347222222222222 0.3958333333333333 0.5462962962962963 0.4074074074074074 0.5486111111111112 0.41203703703703703 0.5486111111111112 0.42824074074074076 0.5532407407407407 0.43287037037037035 0.5949074074074074 0.43287037037037035 0.5972222222222222 0.4351851851851852 0.6111111111111112 0.4375 0.6157407407407407 0.44212962962962965 0.6296296296296297 0.44907407407407407 0.6342592592592593 0.45601851851851855 0.6342592592592593 0.47453703703703703 0.6388888888888888 0.4791666666666667 0.6527777777777778 0.4791666666666667 0.6550925925925926 0.47685185185185186 0.6620370370370371 0.48148148148148145 0.6620370370370371 0.4930555555555556 0.6597222222222222 0.49537037037037035 0.6412037037037037 0.49537037037037035 0.6342592592592593 0.5023148148148148 0.6342592592592593 0.5069444444444444 0.6365740740740741 0.5092592592592593 0.6365740740740741 0.5138888888888888 0.6458333333333334 0.5254629629629629 0.6574074074074074 0.5254629629629629 0.6643518518518519 0.5300925925925926 0.6643518518518519 0.5416666666666666 0.6388888888888888 0.5393518518518519 0.6203703703703703 0.5324074074074074 0.6087962962962963 0.5231481481481481 0.6041666666666666 0.5138888888888888 0.6041666666666666 0.5 0.5995370370370371 0.49537037037037035 0.5555555555555556 0.49537037037037035 0.5416666666666666 0.48842592592592593 0.5370370370370371 0.48842592592592593 0.5231481481481481 0.47685185185185186 0.5208333333333334 0.4722222222222222 0.5208333333333334 0.4583333333333333 0.5162037037037037 0.44907407407407407 0.5092592592592593 0.44907407407407407 0.5069444444444444 0.4513888888888889 0.5023148148148148 0.4513888888888889 0.5 0.44907407407407407 0.4722222222222222 0.44907407407407407 0.44907407407407407 0.4398148148148148 0.4375 0.4305555555555556 0.43287037037037035 0.4166666666666667 0.4375 0.4050925925925926 0.44907407407407407 0.3958333333333333 0.46296296296296297 0.3888888888888889 0.4722222222222222 0.3888888888888889 0.47453703703703703 0.38657407407407407 0.5092592592592593 0.38657407407407407 0.5115740740740741 0.3888888888888889 0.5162037037037037 0.3888888888888889
11 0.0968028425925926 0.3735 0.10079928935185185 0.3805 0.10124334027777777 0.40549999999999997 0.11278863194444444 0.48775 0.11412078240740742 0.5155 0.11856127777777778 0.53475 0.12921847222222224 0.6405000000000001 0.13188277083333333 0.649 0.13543516898148147 0.6825 0.14253996527777776 0.69225 0.1380994675925926 0.69875 0.13765541666666667 0.70775 0.13543516898148147 0.7100000000000001 0.13765541666666667 0.7125 0.13632326851851853 0.73825 0.13898756712962962 0.745 0.1429840138888889 0.749 0.15142095833333333 0.75075 0.23801065740740743 0.7487499999999999 0.2717584375 0.7454999999999999 0.33969804629629635 0.74475 0.35435168749999996 0.743 0.3596802847222222 0.744 0.36767317824074075 0.743 0.7451154537037037 0.7344999999999999 0.8272646527777778 0.732 0.8827708703703704 0.72925 0.8992007106481481 0.7295 0.9080817060185185 0.7274999999999999 0.9116341041666667 0.728 0.9147424513888889 0.72675 0.918294849537037 0.72425 0.9178507986111112 0.71625 0.9191829490740742 0.71375 0.91740675 0.69425 0.9080817060185185 0.6787500000000001 0.9009769097222221 0.6725 0.8965364120370369 0.671 0.8956483125 0.6689999999999999 0.8983126111111112 0.6659999999999999 0.9009769097222221 0.656 0.8987566597222222 0.6475000000000001 0.896980462962963 0.6092500000000001 0.8943161643518519 0.596 0.8916518657407407 0.56091675 0.8907637662037038 0.5305 0.8809946712962963 0.43024999999999997 0.8752220254629629 0.33449999999999996 0.8734458263888889 0.3265 0.8681172291666667 0.3185 0.8627886319444444 0.31375 0.8512433402777778 0.3075 0.8410301944444444 0.30375 0.8250444050925926 0.3015 0.7890763773148147 0.30275 0.7793072824074074 0.302 0.6429840138888889 0.30524999999999997 0.6323268217592592 0.30775 0.5883658958333333 0.30674999999999997 0.5765244236111111 0.30925 0.5595026643518518 0.3085 0.519982238425926 0.311 0.5150976898148149 0.31 0.5119893425925925 0.31125 0.5084369444444444 0.31024999999999997 0.5013321481481482 0.31024999999999997 0.49200710416666665 0.31174999999999997 0.4875666064814815 0.31075 0.4831261111111111 0.31150000000000005 0.4738010648148148 0.31024999999999997 0.43960923611111113 0.313 0.4054174074074074 0.31325000000000003 0.3978685601851852 0.3145 0.3849911180555555 0.31349999999999995 0.37477797453703704 0.31475000000000003 0.3587921851851852 0.31425 0.3570159861111111 0.31525 0.3521314398148148 0.3145 0.17095914814814817 0.32025000000000003 0.14387211342592593 0.3225 0.12255772685185186 0.32775 0.12078152777777777 0.33025 0.11278863194444444 0.33249999999999996 0.10879218518518519 0.335 0.10790408564814814 0.3375 0.1016873888888889 0.34175 0.09769094212962963 0.35125 0.09902309027777777 0.356 0.09724689120370371 0.357 0.09547069212962962 0.3645 0.0968028425925926 0.3735
12 0.8827264652777778 0.6729425 0.14827708796296296 0.6729425 0.14827708796296296 0.7440025 0.8827264652777778 0.7440025 0.8827264652777778 0.6729425
13 0.4076376550925926 0.3875 0.41785079861111113 0.3845 0.42406749537037036 0.38 0.42539964583333334 0.3725 0.4227353472222222 0.36675 0.41829484953703705 0.364 0.4049733564814815 0.3615 0.39742451157407405 0.3615 0.3854351689814815 0.365 0.38055062268518514 0.36975 0.38010657175925927 0.3765 0.3872113680555555 0.38525 0.3983126111111111 0.38775000000000004 0.4076376550925926 0.3875
13 0.5612788634259259 0.38225000000000003 0.5674955601851852 0.38325 0.5781527523148148 0.38225000000000003 0.5848135 0.37975 0.5896980462962963 0.3755 0.5914742453703704 0.36625 0.5888099467592592 0.3615 0.581705150462963 0.35575 0.5710479583333333 0.35475 0.5617229120370371 0.35575 0.5501776203703703 0.36175 0.5479573703703703 0.36475 0.5475133217592593 0.37050000000000005 0.5492895208333333 0.37424999999999997 0.5523978680555556 0.378 0.5612788634259259 0.38225000000000003
13 0.6634103009259259 0.42725 0.6687388981481481 0.42600000000000005 0.6785079930555555 0.41825 0.6789520416666667 0.41175 0.6758436944444445 0.40650000000000003 0.6718472476851851 0.40375 0.6616341041666667 0.401 0.6571936064814815 0.40175000000000005 0.6540852569444445 0.401 0.6443161643518519 0.40325 0.6380994675925926 0.40724999999999995 0.6354351689814814 0.41225 0.6367673171296296 0.41975 0.6443161643518519 0.4245 0.6531971574074075 0.427 0.6634103009259259 0.42725
13 0.5013321481481482 0.43125 0.5093250439814815 0.42974999999999997 0.5137655416666667 0.42674999999999996 0.5150976898148149 0.423 0.5137655416666667 0.4145 0.5097690949074074 0.41050000000000003 0.5039964467592593 0.4075 0.4955595023148148 0.40599999999999997 0.4826820601851852 0.40650000000000003 0.4751332152777778 0.40925 0.46802841898148145 0.41475 0.46802841898148145 0.42100000000000004 0.4715808171296296 0.425 0.4835701597222222 0.43075 0.5013321481481482 0.43125
13 0.3174955601851852 0.4375 0.32548845370370366 0.438 0.33170515046296295 0.43724999999999997 0.3419182939814815 0.43275 0.3441385439814815 0.43 0.3459147430555556 0.42624999999999996 0.3445825925925926 0.4215 0.3383658958333334 0.41550000000000004 0.3312611018518518 0.41275 0.3197158078703704 0.4125 0.309946712962963 0.41424999999999995 0.3050621666666667 0.418 0.30328596759259263 0.42124999999999996 0.3028419189814815 0.4255 0.3055062175925926 0.4305 0.3077264652777778 0.43300000000000005 0.3174955601851852 0.4375
13 0.4187388981481482 0.48175 0.4271758425925926 0.47925 0.4325044398148148 0.47575 0.4342806388888889 0.46925 0.4320603912037037 0.4635 0.41829484953703705 0.457 0.4107460046296296 0.4565 0.39920071064814816 0.459 0.39431616435185185 0.46149999999999997 0.39165186574074073 0.46625 0.3929840138888889 0.47575 0.39742451157407405 0.47975 0.4009769097222222 0.481 0.4187388981481482 0.48175
13 0.2482238009259259 0.487 0.2557726458333333 0.4855 0.26598578935185185 0.4805 0.2677619884259259 0.47450000000000003 0.26598578935185185 0.46974999999999995 0.2633214930555556 0.467 0.25399644675925925 0.46225 0.24733570138888888 0.46125 0.2349023101851852 0.46225 0.2304618125 0.46375 0.22380106481481482 0.46974999999999995 0.22513321527777777 0.47825 0.2309058611111111 0.48425 0.2349023101851852 0.4855 0.2482238009259259 0.487
13 0.5914742453703704 0.47625 0.5990230902777779 0.47275 0.5990230902777779 0.46075000000000005 0.5959147430555555 0.45625 0.5896980462962963 0.45275 0.5781527523148148 0.451 0.5710479583333333 0.45125 0.5608348125 0.45525 0.5568383657407407 0.46125 0.5568383657407407 0.46625 0.5603907638888889 0.472 0.5706039074074074 0.47650000000000003 0.5914742453703704 0.47625
13 0.7322380115740741 0.46825 0.7446714027777778 0.47075 0.7539964467592593 0.4705 0.7619893425925925 0.46799999999999997 0.7655417407407407 0.46575 0.7686500879629631 0.46025 0.7673179398148149 0.45449999999999996 0.7637655416666667 0.4495 0.7579928958333333 0.44625 0.7464476018518519 0.44549999999999995 0.7344582592592593 0.447 0.728685613425926 0.44975 0.725577263888889 0.45275 0.7238010648148148 0.45625 0.7246891643518518 0.46075000000000005 0.7269094143518517 0.46425000000000005 0.7322380115740741 0.46825
13 0.664298400462963 0.5217499999999999 0.6718472476851851 0.5215000000000001 0.6785079930555555 0.51975 0.6869449375000001 0.513 0.687833037037037 0.5045 0.6865008888888888 0.502 0.6825044398148149 0.49774999999999997 0.6776198935185185 0.496 0.6647424513888889 0.495 0.6576376550925926 0.4975 0.6500888101851852 0.49825 0.646980462962963 0.5 0.6447602129629629 0.5045 0.6443161643518519 0.5085 0.6465364120370369 0.51375 0.6540852569444445 0.519 0.664298400462963 0.5217499999999999
13 0.49467140277777777 0.5255 0.5071047962962963 0.525 0.5150976898148149 0.5235 0.5213143865740741 0.519 0.522646537037037 0.5115 0.5195381875 0.5065 0.5150976898148149 0.50325 0.5075488449074074 0.501 0.49067495601851846 0.5015 0.4831261111111111 0.50525 0.479573712962963 0.50925 0.4786856134259259 0.516 0.48046181250000003 0.5195 0.4840142106481482 0.52275 0.49467140277777777 0.5255
13 0.3352575486111111 0.5315 0.3383658958333334 0.5317500000000001 0.3450266435185185 0.53025 0.3539076365740741 0.52525 0.35657193518518515 0.5217499999999999 0.3574600347222222 0.51825 0.35257548842592595 0.50925 0.3476909421296296 0.50675 0.33880994675925924 0.50475 0.3312611018518518 0.505 0.32149200694444446 0.50725 0.3143872106481482 0.51225 0.31305506250000004 0.515 0.3134991111111111 0.5217499999999999 0.3174955601851852 0.526 0.3241563055555556 0.5295 0.3352575486111111 0.5315
13 0.24733570138888888 0.5795 0.2584369444444445 0.58 0.26731793981481483 0.579 0.27353463657407406 0.576 0.2775310833333333 0.5722499999999999 0.2784191828703704 0.5655 0.2744227361111111 0.5595 0.2690941388888889 0.55625 0.2584369444444445 0.55375 0.25133214814814814 0.5545 0.2424511550925926 0.55675 0.23712255787037037 0.56075 0.23445825925925926 0.56375 0.23445825925925926 0.571 0.24333925462962963 0.57825 0.24733570138888888 0.5795
13 0.41785079861111113 0.5745 0.42539964583333334 0.5745 0.43605683796296296 0.5715 0.440053287037037 0.56875 0.44360568287037033 0.5635 0.44360568287037033 0.56025 0.4387211365740741 0.5535 0.43383659027777777 0.551 0.4289520416666666 0.54975 0.416074599537037 0.54975 0.40852575462962964 0.552 0.4027531087962963 0.55675 0.4023090578703704 0.56425 0.4076376550925926 0.5705 0.41207815277777776 0.57325 0.41785079861111113 0.5745
13 0.5777087037037036 0.5675 0.5874777986111112 0.56875 0.5941385439814815 0.5685 0.6021314398148149 0.5665 0.606127886574074 0.564 0.6087921851851852 0.55925 0.6087921851851852 0.55375 0.6074600347222222 0.55025 0.6012433402777778 0.5457500000000001 0.5905861458333334 0.54425 0.580817050925926 0.5445 0.5750444050925926 0.546 0.5674955601851852 0.55025 0.5652753101851852 0.55375 0.5657193611111111 0.5605 0.5679396087962962 0.5635 0.5777087037037036 0.5675
13 0.748223800925926 0.56475 0.7650976898148149 0.56425 0.7722024861111111 0.5605 0.7753108356481482 0.55725 0.7761989351851852 0.5499999999999999 0.774422736111111 0.54625 0.7650976898148149 0.54 0.7513321481481482 0.53925 0.7442273541666666 0.54025 0.7353463587962963 0.54525 0.7313499120370369 0.551 0.7309058611111111 0.55375 0.7335701597222223 0.55825 0.7411190046296297 0.56275 0.748223800925926 0.56475
13 0.6731793958333333 0.6145 0.6856127893518519 0.61325 0.6936056828703704 0.6092500000000001 0.6971580810185185 0.60575 0.6980461805555556 0.5982500000000001 0.6967140324074074 0.5954999999999999 0.690053287037037 0.59 0.6847246898148148 0.58775 0.6758436944444445 0.58725 0.6651865 0.5882499999999999 0.6576376550925926 0.59175 0.6545293078703703 0.5952500000000001 0.6536412083333333 0.59875 0.6558614560185185 0.60575 0.6651865 0.613 0.6731793958333333 0.6145
13 0.5111012430555556 0.61825 0.5222024861111111 0.617 0.5306394305555555 0.61 0.5315275300925926 0.60375 0.5297513310185186 0.60025 0.5222024861111111 0.5945 0.5124333935185186 0.592 0.49467140277777777 0.5950000000000001 0.49111900462962965 0.5975 0.48889875694444446 0.6015 0.4884547060185185 0.60625 0.49111900462962965 0.6125 0.49467140277777777 0.6162500000000001 0.5111012430555556 0.61825
13 0.34103019444444443 0.624 0.3454706921296296 0.624 0.3610124328703704 0.62 0.3650088819444445 0.6174999999999999 0.36722912962962967 0.61375 0.36722912962962967 0.6092500000000001 0.3619005324074074 0.603 0.35657193518518515 0.6005 0.3459147430555556 0.5982500000000001 0.3383658958333334 0.5985 0.3312611018518518 0.6005 0.32682060416666664 0.60325 0.3228241574074074 0.6097499999999999 0.32326820601851847 0.61575 0.3277087037037037 0.61975 0.33170515046296295 0.622 0.34103019444444443 0.624
13 0.4356127893518518 0.6677500000000001 0.4422735347222222 0.6665 0.44893428009259256 0.66275 0.45248667824074074 0.6579999999999999 0.45293072916666666 0.653 0.44937833101851854 0.6475000000000001 0.44538188194444445 0.645 0.4365008888888889 0.643 0.4249555949074074 0.64275 0.416518650462963 0.64525 0.41030195370370365 0.65025 0.4107460046296296 0.6579999999999999 0.41429840046296296 0.66175 0.42095914814814817 0.66575 0.4356127893518518 0.6677500000000001
13 0.6025754884259259 0.6619999999999999 0.6114564837962964 0.65975 0.6172291296296296 0.6555 0.6194493773148148 0.65125 0.6172291296296296 0.64375 0.6127886319444444 0.63975 0.6056838356481481 0.63675 0.5914742453703704 0.6375 0.585701599537037 0.639 0.5794849027777778 0.6417499999999999 0.5759325046296296 0.646 0.5759325046296296 0.65225 0.5785968032407408 0.6567500000000001 0.5888099467592592 0.6615 0.6025754884259259 0.6619999999999999