10 0.5 0.36342592592592593 0.5208333333333334 0.3773148148148148 0.5208333333333334 0.3819444444444444 0.5254629629629629 0.3912037037037037 0.5254629629629629 0.4027777777777778 0.5324074074074074 0.4097222222222222 0.5370370370370371 0.4074074074074074 0.5810185185185185 0.4074074074074074 0.5856481481481481 0.4027777777777778 0.5856481481481481 0.3819444444444444 0.5995370370370371 0.36574074074074076 0.6064814814814815 0.36342592592592593 0.6111111111111112 0.3587962962962963 0.625 0.35648148148148145 0.6273148148148148 0.3541666666666667 0.6388888888888888 0.3541666666666667 0.6412037037037037 0.35185185185185186 0.6736111111111112 0.3541666666666667 0.6990740740740741 0.36342592592592593 0.7060185185185185 0.3680555555555556 0.7152777777777778 0.37962962962962965 0.7152777777777778 0.39814814814814814 0.7013888888888888 0.41203703703703703 0.6782407407407407 0.4236111111111111 0.6712962962962963 0.4236111111111111 0.6689814814814815 0.42592592592592593 0.6504629629629629 0.42592592592592593 0.6481481481481481 0.42824074074074076 0.6226851851851852 0.42824074074074076 0.6203703703703703 0.4305555555555556 0.6203703703703703 0.44212962962962965 0.5856481481481481 0.44212962962962965 0.5856481481481481 0.43287037037037035 0.5810185185185185 0.42824074074074076 0.5300925925925926 0.42824074074074076 0.5277777777777778 0.4305555555555556 0.5277777777777778 0.4398148148148148 0.5254629629629629 0.44212962962962965 0.5 0.44212962962962965 0.4976851851851852 0.4444444444444444 0.4930555555555556 0.4444444444444444 0.49074074074074076 0.44212962962962965 0.49074074074074076 0.43287037037037035 0.4861111111111111 0.42824074074074076 0.4722222222222222 0.42824074074074076 0.4699074074074074 0.4305555555555556 0.46296296296296297 0.42592592592592593 0.46296296296296297 0.4097222222222222 0.4675925925925926 0.4074074074074074 0.47453703703703703 0.4074074074074074 0.47685185185185186 0.4097222222222222 0.4861111111111111 0.4074074074074074 0.49074074074074076 0.4027777777777778 0.49074074074074076 0.3888888888888889 0.4837962962962963 0.3819444444444444 0.4652777777777778 0.3773148148148148 0.46064814814814814 0.3726851851851852 0.46064814814814814 0.36342592592592593 0.4583333333333333 0.3611111111111111 0.46064814814814814 0.35648148148148145 0.47685185185185186 0.35648148148148145 0.4791666666666667 0.3587962962962963 0.48842592592592593 0.3587962962962963 0.4976851851851852 0.36342592592592593
4 0.45601851851851855 0.3587962962962963 0.4583333333333333 0.36342592592592593 0.4583333333333333 0.375 0.45601851851851855 0.37962962962962965 0.4444444444444444 0.3819444444444444 0.43287037037037035 0.3888888888888889 0.4305555555555556 0.39351851851851855 0.4305555555555556 0.4097222222222222 0.43287037037037035 0.41203703703703703 0.45601851851851855 0.41203703703703703 0.4583333333333333 0.4166666666666667 0.4583333333333333 0.4305555555555556 0.4537037037037037 0.43287037037037035 0.4375 0.4305555555555556 0.43287037037037035 0.4351851851851852 0.43287037037037035 0.46064814814814814 0.4375 0.4652777777777778 0.44212962962962965 0.46296296296296297 0.45601851851851855 0.46296296296296297 0.46064814814814814 0.4652777777777778 0.46296296296296297 0.4791666666666667 0.4583333333333333 0.4837962962962963 0.4375 0.4837962962962963 0.4351851851851852 0.4861111111111111 0.4351851851851852 0.5023148148148148 0.4398148148148148 0.5092592592592593 0.44907407407407407 0.5138888888888888 0.4583333333333333 0.5138888888888888 0.46296296296296297 0.5162037037037037 0.4652777777777778 0.5277777777777778 0.4675925925925926 0.5300925925925926 0.4652777777777778 0.5347222222222222 0.43287037037037035 0.5324074074074074 0.4097222222222222 0.5208333333333334 0.4027777777777778 0.5138888888888888 0.39814814814814814 0.5046296296296297 0.39814814814814814 0.4930555555555556 0.39351851851851855 0.4837962962962963 0.3541666666666667 0.4837962962962963 0.35185185185185186 0.48148148148148145 0.33796296296296297 0.48148148148148145 0.3101851851851852 0.4675925925925926 0.30092592592592593 0.45601851851851855 0.30092592592592593 0.4398148148148148 0.3055555555555556 0.43287037037037035 0.3194444444444444 0.4212962962962963 0.32407407407407407 0.4212962962962963 0.33101851851851855 0.4166666666666667 0.3472222222222222 0.41435185185185186 0.34953703703703703 0.41203703703703703 0.3611111111111111 0.41203703703703703 0.36342592592592593 0.41435185185185186 0.3680555555555556 0.41203703703703703 0.3888888888888889 0.41203703703703703 0.39351851851851855 0.4074074074074074 0.3912037037037037 0.4027777777777778 0.3912037037037037 0.3912037037037037 0.39351851851851855 0.3888888888888889 0.39351851851851855 0.38425925925925924 0.4050925925925926 0.37037037037037035 0.43287037037037035 0.3587962962962963 0.4537037037037037 0.3587962962962963
6 0.5254629629629629 0.4444444444444444 0.5300925925925926 0.44675925925925924 0.5300925925925926 0.44907407407407407 0.5393518518518519 0.4583333333333333 0.5439814814814815 0.46064814814814814 0.5555555555555556 0.46064814814814814 0.5578703703703703 0.46296296296296297 0.5648148148148148 0.46296296296296297 0.5671296296296297 0.46064814814814814 0.5810185185185185 0.46296296296296297 0.5856481481481481 0.4583333333333333 0.5856481481481481 0.44675925925925924 0.5879629629629629 0.4444444444444444 0.6203703703703703 0.4444444444444444 0.6226851851851852 0.44675925925925924 0.6203703703703703 0.44907407407407407 0.625 0.46064814814814814 0.6736111111111112 0.46064814814814814 0.6759259259259259 0.46296296296296297 0.6851851851851852 0.46296296296296297 0.7083333333333334 0.47453703703703703 0.7175925925925926 0.4837962962962963 0.7175925925925926 0.48842592592592593 0.7199074074074074 0.49074074074074076 0.7199074074074074 0.5023148148148148 0.7175925925925926 0.5069444444444444 0.6990740740740741 0.5231481481481481 0.6875 0.5277777777777778 0.6643518518518519 0.5300925925925926 0.6620370370370371 0.5324074074074074 0.6296296296296297 0.5324074074074074 0.6273148148148148 0.5347222222222222 0.6273148148148148 0.5462962962962963 0.6226851851851852 0.5486111111111112 0.5925925925925926 0.5486111111111112 0.5902777777777778 0.5462962962962963 0.5902777777777778 0.5370370370370371 0.5856481481481481 0.5324074074074074 0.5555555555555556 0.5324074074074074 0.5532407407407407 0.5347222222222222 0.5439814814814815 0.5347222222222222 0.5300925925925926 0.5509259259259259 0.4976851851851852 0.5509259259259259 0.5 0.5393518518518519 0.5138888888888888 0.5254629629629629 0.5277777777777778 0.5185185185185185 0.5370370370370371 0.5185185185185185 0.5393518518518519 0.5162037037037037 0.5578703703703703 0.5162037037037037 0.5601851851851852 0.5138888888888888 0.5856481481481481 0.5138888888888888 0.5879629629629629 0.5115740740740741 0.5879629629629629 0.4861111111111111 0.5833333333333334 0.48148148148148145 0.5462962962962963 0.48148148148148145 0.5439814814814815 0.4791666666666667 0.5324074074074074 0.4791666666666667 0.5092592592592593 0.4699074074074074 0.49537037037037035 0.45601851851851855 0.4930555555555556 0.44675925925925924 0.4976851851851852 0.4444444444444444 0.5231481481481481 0.4444444444444444
8 0.5925925925925926 0.5509259259259259 0.625 0.5509259259259259 0.6319444444444444 0.5694444444444444 0.6365740740740741 0.5694444444444444 0.6388888888888888 0.5671296296296297 0.6712962962962963 0.5671296296296297 0.6736111111111112 0.5694444444444444 0.6828703703703703 0.5694444444444444 0.6851851851851852 0.5717592592592593 0.6990740740740741 0.5740740740740741 0.7129629629629629 0.5810185185185185 0.7268518518518519 0.5949074074074074 0.7291666666666666 0.6180555555555556 0.7314814814814815 0.6203703703703703 0.7569444444444444 0.6203703703703703 0.7592592592592593 0.6180555555555556 0.7615740740740741 0.6203703703703703 0.7893518518518519 0.6226851851851852 0.8125 0.6342592592592593 0.8217592592592593 0.6412037037037037 0.8287037037037037 0.6504629629629629 0.8287037037037037 0.6574074074074074 0.8240740740740741 0.6574074074074074 0.8217592592592593 0.6597222222222222 0.8078703703703703 0.6597222222222222 0.8055555555555556 0.6574074074074074 0.7893518518518519 0.6550925925925926 0.7777777777777778 0.6435185185185185 0.7731481481481481 0.6435185185185185 0.7708333333333334 0.6412037037037037 0.7384259259259259 0.6412037037037037 0.7361111111111112 0.6388888888888888 0.7314814814814815 0.6435185185185185 0.7314814814814815 0.6550925925925926 0.7268518518518519 0.6597222222222222 0.7013888888888888 0.6597222222222222 0.6921296296296297 0.6550925925925926 0.6921296296296297 0.6458333333333334 0.6875 0.6412037037037037 0.6412037037037037 0.6412037037037037 0.6388888888888888 0.6388888888888888 0.6319444444444444 0.6388888888888888 0.625 0.6342592592592593 0.6203703703703703 0.6342592592592593 0.6111111111111112 0.6296296296296297 0.5995370370370371 0.6180555555555556 0.5949074074074074 0.6087962962962963 0.5949074074074074 0.5902777777777778 0.5925925925925926 0.5879629629629629 0.5879629629629629 0.5856481481481481 0.5833333333333334 0.5879629629629629 0.5486111111111112 0.5879629629629629 0.5462962962962963 0.5856481481481481 0.5370370370370371 0.5856481481481481 0.5300925925925926 0.5810185185185185 0.5231481481481481 0.5810185185185185 0.5115740740740741 0.5740740740740741 0.5023148148148148 0.5648148148148148 0.4976851851851852 0.5555555555555556 0.4976851851851852 0.5532407407407407 0.5324074074074074 0.5532407407407407 0.5462962962962963 0.5694444444444444 0.5509259259259259 0.5717592592592593 0.5532407407407407 0.5694444444444444 0.5625 0.5694444444444444 0.5648148148148148 0.5717592592592593 0.5671296296296297 0.5694444444444444 0.5879629629629629 0.5694444444444444 0.5925925925925926 0.5625 0.5902777777777778 0.5578703703703703 0.5925925925925926 0.5532407407407407
11 0.13188277083333333 0.79925 0.13587921759259258 0.8115 0.14387211342592593 0.818 0.14786856018518518 0.8175 0.15408525694444444 0.8205 0.16163410416666668 0.8195 0.16429840046296298 0.8210000000000001 0.19271758333333333 0.8214999999999999 0.19582593287037037 0.81975 0.1993783310185185 0.8195 0.206483125 0.8212499999999999 0.21492007175925926 0.81975 0.2206927175925926 0.8205 0.2428952037037037 0.819 0.2548845462962963 0.8200000000000001 0.270426287037037 0.81875 0.2788632337962963 0.8195 0.2846358796296296 0.81875 0.32548845370370366 0.819 0.3277087037037037 0.8182499999999999 0.3450266435185185 0.81925 0.3485790416666667 0.8185 0.3809946712962963 0.819 0.9493783310185185 0.8125 0.9551509768518519 0.8107500000000001 0.9738010648148148 0.81225 0.9875666064814815 0.8112499999999999 0.9897868564814815 0.81 0.9960035532407407 0.8039999999999999 0.9977797523148149 0.7845 0.9968916527777778 0.77575 0.999555951388889 0.7735 0.999555951388889 0.45949999999999996 0.9955595023148148 0.40325 0.9968916527777778 0.39375 0.9915630555555555 0.347 0.9893428055555555 0.34225 0.9804618125 0.33475 0.9769094143518517 0.32975 0.9689165185185185 0.32625 0.9666962708333334 0.32399999999999995 0.9489342800925926 0.31775 0.9205150972222222 0.3155 0.9147424513888889 0.31625000000000003 0.9063055069444445 0.3155 0.8126110115740741 0.31699999999999995 0.793516875 0.31925 0.7611012430555555 0.3195 0.7508880995370371 0.3185 0.7442273541666666 0.31975000000000003 0.7331261111111111 0.31925 0.7304618125 0.32 0.7264653634259259 0.31925 0.7060390763888889 0.32 0.7042628773148147 0.32075 0.646980462962963 0.32 0.20293072916666668 0.33075 0.16651865046296296 0.3355 0.1647424513888889 0.335 0.14431616435185185 0.342 0.1332149189814815 0.34925 0.12300177546296297 0.36024999999999996 0.1212255763888889 0.36724999999999997 0.12211367592592592 0.4325 0.12566607407407407 0.44 0.12300177546296297 0.46075000000000005 0.13188277083333333 0.79925
12 1 0.7510075 0.11795737037037037 0.7510075 0.11795737037037037 0.8161825 1 0.8161825 1 0.7510075
13 0.3765541736111111 0.4625 0.3841030185185185 0.46075000000000005 0.3903197152777778 0.44975 0.3889875671296296 0.4395 0.38454706944444444 0.4355 0.36678508101851853 0.435 0.3596802847222222 0.43575 0.3481349907407407 0.44025 0.3450266435185185 0.4425 0.3441385439814815 0.44575 0.3445825925925926 0.45275 0.35568383564814815 0.46175 0.37033747685185187 0.46275 0.3765541736111111 0.4625
13 0.46625221990740745 0.40675 0.477353462962963 0.40650000000000003 0.48134991203703703 0.405 0.4840142106481482 0.3975 0.4840142106481482 0.38975000000000004 0.4809058611111111 0.38375 0.47690941435185186 0.382 0.4702486689814815 0.38 0.46314387268518514 0.379 0.4591474236111111 0.37949999999999995 0.4440497337962963 0.3835 0.43738898842592594 0.38925000000000004 0.43827708796296294 0.40049999999999997 0.4476021319444445 0.40599999999999997 0.4600355231481481 0.40850000000000003 0.46625221990740745 0.40675
13 0.6367673171296296 0.4045 0.6585257546296297 0.4045 0.668294849537037 0.40125 0.6753996458333333 0.396 0.6767317939814815 0.38975000000000004 0.6749555949074074 0.386 0.6687388981481481 0.3805 0.6571936064814815 0.3755 0.6434280648148147 0.37525000000000003 0.6345470694444444 0.37675 0.6261101250000001 0.3805 0.623001775462963 0.38375 0.6221136759259259 0.38975000000000004 0.6238898749999999 0.39675 0.6296625231481481 0.40199999999999997 0.6367673171296296 0.4045
13 0.7384547060185185 0.4555 0.7451154537037037 0.45625 0.7571047962962963 0.45425 0.7655417407407407 0.4505 0.7699822384259258 0.44625 0.770870337962963 0.4395 0.7682060393518518 0.43425 0.7637655416666667 0.431 0.7513321481481482 0.42725 0.7344582592592593 0.42775 0.7264653634259259 0.43125 0.7220248657407408 0.4355 0.7198046180555556 0.43925 0.7198046180555556 0.44625 0.7269094143518517 0.45125 0.7384547060185185 0.4555
13 0.5497335694444444 0.45925 0.5626110115740741 0.45925 0.5714920069444445 0.45775 0.5790408518518518 0.452 0.580817050925926 0.44675000000000004 0.5799289513888889 0.44175000000000003 0.5750444050925926 0.43475 0.5670515092592593 0.431 0.5532859675925926 0.43024999999999997 0.5444049722222223 0.4315 0.5364120787037037 0.4355 0.5333037291666667 0.44225 0.5324156296296296 0.4465 0.5373001782407407 0.4535 0.542628775462963 0.457 0.5497335694444444 0.45925
13 0.8383658958333333 0.5075000000000001 0.8445825925925926 0.5085 0.8521314398148149 0.508 0.8667850810185186 0.50325 0.8698934282407408 0.5 0.8712255763888889 0.49074999999999996 0.8658969814814815 0.48374999999999996 0.8587921851851852 0.48075 0.8490230902777779 0.47950000000000004 0.833037300925926 0.48024999999999995 0.8250444050925926 0.48374999999999996 0.8201598587962963 0.48975 0.8197158078703703 0.495 0.8241563055555555 0.50175 0.8290408518518518 0.505 0.8383658958333333 0.5075000000000001
13 0.6611900532407406 0.51075 0.6740674953703704 0.506 0.6785079930555555 0.502 0.6789520416666667 0.494 0.6727353472222222 0.4865 0.6678507986111112 0.484 0.6518650092592593 0.482 0.6403197152777778 0.4825 0.6305506226851852 0.48775 0.6292184722222223 0.49200000000000005 0.6296625231481481 0.50175 0.6358792175925926 0.5075000000000001 0.6403197152777778 0.5095000000000001 0.6611900532407406 0.51075
13 0.4547069282407407 0.51175 0.4666962708333333 0.514 0.4738010648148148 0.51325 0.4866785069444444 0.50525 0.4880106574074074 0.498 0.4857904074074074 0.49424999999999997 0.48001776157407405 0.4895 0.4702486689814815 0.48625 0.46314387268518514 0.48524999999999996 0.4582593240740741 0.486 0.4471580810185185 0.49 0.44182948379629633 0.49424999999999997 0.4413854351851852 0.502 0.4449378333333333 0.507 0.4471580810185185 0.509 0.4547069282407407 0.51175
13 0.2619893425925926 0.51575 0.27264653703703706 0.5175 0.28552397916666666 0.517 0.2939609236111111 0.51375 0.29795737037037034 0.51075 0.29973356944444446 0.506 0.29884546990740746 0.49875 0.29662522222222226 0.49525 0.2868561273148148 0.4905 0.27708703472222224 0.4895 0.26598578935185185 0.4905 0.25532859722222223 0.49475 0.25177619907407406 0.49900000000000005 0.25177619907407406 0.505 0.25399644675925925 0.5097499999999999 0.2575488449074074 0.5135 0.2619893425925926 0.51575
13 0.3658969814814815 0.5685 0.3756660740740741 0.569 0.38321491898148147 0.5680000000000001 0.3894316157407407 0.56575 0.3960923634259259 0.561 0.39742451157407405 0.5529999999999999 0.39520426388888885 0.54775 0.39165186574074073 0.54475 0.38365896990740744 0.5415 0.3765541736111111 0.5405 0.36234458333333336 0.54175 0.35257548842592595 0.546 0.35035524074074076 0.549 0.3490230902777778 0.5569999999999999 0.35124334027777776 0.5615 0.35657193518518515 0.56575 0.3658969814814815 0.5685
13 0.5710479583333333 0.5652499999999999 0.5781527523148148 0.56225 0.5861456481481482 0.55375 0.5852575486111111 0.5465 0.5785968032407408 0.53975 0.5670515092592593 0.53575 0.5568383657407407 0.5355 0.5466252222222222 0.53725 0.5417406759259259 0.5407500000000001 0.5381882777777778 0.547 0.539520425925926 0.55725 0.5466252222222222 0.56325 0.5532859675925926 0.5652499999999999 0.5710479583333333 0.5652499999999999
13 0.7513321481481482 0.564 0.7624333935185185 0.56275 0.771314386574074 0.559 0.7775310833333333 0.551 0.7779751342592592 0.5465 0.772646537037037 0.5387500000000001 0.7655417407407407 0.53525 0.7522202476851851 0.53275 0.7455595023148148 0.53325 0.7349023101851851 0.536 0.7300177615740742 0.53925 0.7264653634259259 0.54425 0.7264653634259259 0.55025 0.7326820601851851 0.55825 0.7406749560185185 0.5615 0.7513321481481482 0.564
13 0.8463587916666667 0.6162500000000001 0.8583481342592593 0.6164999999999999 0.8690053287037037 0.614 0.8787744236111111 0.6064999999999999 0.8796625231481481 0.6005 0.8774422731481482 0.5950000000000001 0.8734458263888889 0.5912499999999999 0.8658969814814815 0.58725 0.8503552407407406 0.58675 0.8419182939814815 0.5875 0.831705150462963 0.5915 0.8281527523148149 0.59475 0.8277087037037036 0.6012500000000001 0.8299289513888889 0.60625 0.8370337476851851 0.61275 0.8463587916666667 0.6162500000000001
13 0.6545293078703703 0.619 0.6700710486111111 0.619 0.6816163402777777 0.618 0.6865008888888888 0.61575 0.688277087962963 0.61275 0.6869449375000001 0.599 0.6820603912037037 0.5942500000000001 0.6758436944444445 0.59075 0.66740675 0.58875 0.6474245115740741 0.5882499999999999 0.6376554166666666 0.58975 0.6332149189814814 0.5945 0.6327708703703704 0.6022500000000001 0.6345470694444444 0.60775 0.6429840138888889 0.6162500000000001 0.6545293078703703 0.619
13 0.4746891643518519 0.6215 0.48046181250000003 0.62075 0.4880106574074074 0.618 0.49378330324074077 0.6094999999999999 0.4924511550925926 0.6022500000000001 0.4880106574074074 0.59675 0.48134991203703703 0.594 0.4724689166666667 0.592 0.4595914745370371 0.593 0.44937833101851854 0.59725 0.44582593287037037 0.6020000000000001 0.44538188194444445 0.60675 0.44804618055555556 0.6134999999999999 0.456483125 0.6195 0.4746891643518519 0.6215
13 0.26998223842592595 0.6232500000000001 0.2868561273148148 0.62425 0.2952930717592593 0.6215 0.30106571990740744 0.6174999999999999 0.30461811805555555 0.6122500000000001 0.30417406712962963 0.60575 0.30062166898148146 0.6015 0.2939609236111111 0.5975 0.2864120787037037 0.5957499999999999 0.27397868518518514 0.5964999999999999 0.2624333935185185 0.5994999999999999 0.25666074537037037 0.6034999999999999 0.25532859722222223 0.6125 0.2575488449074074 0.6160000000000001 0.26154529398148146 0.61975 0.26998223842592595 0.6232500000000001
13 0.3778863240740741 0.67625 0.3889875671296296 0.675 0.39742451157407405 0.671 0.4009769097222222 0.668 0.4027531087962963 0.6579999999999999 0.3978685601851852 0.652 0.3872113680555555 0.6472500000000001 0.3730017754629629 0.647 0.36545293055555556 0.6487499999999999 0.35612788657407407 0.653 0.35301953703703703 0.6577500000000001 0.35301953703703703 0.6647500000000001 0.35657193518518515 0.6705 0.36767317824074075 0.67575 0.3778863240740741 0.67625
13 0.5612788634259259 0.67325 0.5710479583333333 0.67375 0.581705150462963 0.6717500000000001 0.5910301944444444 0.6649999999999999 0.5923623449074074 0.6579999999999999 0.5896980462962963 0.6525 0.5848135 0.6485 0.5750444050925926 0.6447499999999999 0.5639431620370371 0.64425 0.5537300185185186 0.64625 0.5475133217592593 0.65 0.5439609236111111 0.6557499999999999 0.5439609236111111 0.6605 0.5475133217592593 0.667 0.5523978680555556 0.67025 0.5612788634259259 0.67325
13 0.7557726458333334 0.6722499999999999 0.7646536412037037 0.6722499999999999 0.7761989351851852 0.6695 0.7841918287037037 0.6647500000000001 0.7855239791666667 0.66175 0.7846358796296296 0.65375 0.7797513310185186 0.6475000000000001 0.7730905856481483 0.64425 0.7659857893518519 0.64275 0.7584369444444445 0.6425 0.7442273541666666 0.644 0.7397868564814815 0.647 0.7353463587962963 0.657 0.7349023101851851 0.6615 0.7406749560185185 0.66675 0.7468916527777778 0.67025 0.7557726458333334 0.6722499999999999
13 0.6567495555555555 0.7270000000000001 0.6651865 0.7277499999999999 0.6745115462962963 0.7272500000000001 0.6842806388888889 0.724 0.689609236111111 0.7207499999999999 0.6922735347222222 0.7172499999999999 0.6927175833333332 0.71225 0.689609236111111 0.70575 0.6856127893518519 0.70225 0.6789520416666667 0.69925 0.6647424513888889 0.6975 0.6540852569444445 0.6990000000000001 0.6478685601851851 0.70125 0.6429840138888889 0.70775 0.6429840138888889 0.7170000000000001 0.6456483125 0.7214999999999999 0.6500888101851852 0.725 0.6567495555555555 0.7270000000000001
13 0.4738010648148148 0.72975 0.4831261111111111 0.729 0.4884547060185185 0.7274999999999999 0.4955595023148148 0.723 0.49955595138888886 0.7172499999999999 0.5 0.7135 0.4951154537037037 0.70625 0.4849023101851852 0.70225 0.4746891643518519 0.7 0.4666962708333333 0.70075 0.45737122453703705 0.7032499999999999 0.45159857870370373 0.7090000000000001 0.45248667824074074 0.72225 0.45515097685185185 0.725 0.46314387268518514 0.72825 0.4738010648148148 0.72975