0 0.5763888888888888 0.2800925925925926 0.5810185185185185 0.2824074074074074 0.5810185185185185 0.2962962962962963 0.5833333333333334 0.2986111111111111 0.6226851851851852 0.2986111111111111 0.625 0.2962962962962963 0.6319444444444444 0.2962962962962963 0.6388888888888888 0.28935185185185186 0.6435185185185185 0.2800925925925926 0.6481481481481481 0.2800925925925926 0.6504629629629629 0.2777777777777778 0.6805555555555556 0.27546296296296297 0.6828703703703703 0.2777777777777778 0.6828703703703703 0.2847222222222222 0.6782407407407407 0.29398148148148145 0.6620370370370371 0.30787037037037035 0.6319444444444444 0.3194444444444444 0.6180555555555556 0.3194444444444444 0.6157407407407407 0.32175925925925924 0.6134259259259259 0.3194444444444444 0.6111111111111112 0.32175925925925924 0.5856481481481481 0.32175925925925924 0.5833333333333334 0.32407407407407407 0.5833333333333334 0.34953703703703703 0.5787037037037037 0.3587962962962963 0.5694444444444444 0.3680555555555556 0.5370370370370371 0.3819444444444444 0.5254629629629629 0.3819444444444444 0.5231481481481481 0.38425925925925924 0.4861111111111111 0.38425925925925924 0.4837962962962963 0.38657407407407407 0.4861111111111111 0.4050925925925926 0.4837962962962963 0.4074074074074074 0.48148148148148145 0.41898148148148145 0.47453703703703703 0.42592592592592593 0.4537037037037037 0.4375 0.44907407407407407 0.4375 0.44675925925925924 0.4398148148148148 0.4351851851851852 0.4398148148148148 0.43287037037037035 0.44212962962962965 0.41898148148148145 0.44212962962962965 0.4166666666666667 0.4375 0.41898148148148145 0.4236111111111111 0.4236111111111111 0.4212962962962963 0.4351851851851852 0.4212962962962963 0.44675925925925924 0.41203703703703703 0.44675925925925924 0.4074074074074074 0.44907407407407407 0.4050925925925926 0.44675925925925924 0.3888888888888889 0.44212962962962965 0.38425925925925924 0.42592592592592593 0.38425925925925924 0.4236111111111111 0.38657407407407407 0.41435185185185186 0.38425925925925924 0.41203703703703703 0.37962962962962965 0.41203703703703703 0.3680555555555556 0.4212962962962963 0.36342592592592593 0.42592592592592593 0.36342592592592593 0.42824074074074076 0.36574074074074076 0.4305555555555556 0.36342592592592593 0.4398148148148148 0.36342592592592593 0.4444444444444444 0.3587962962962963 0.44212962962962965 0.35648148148148145 0.44212962962962965 0.3333333333333333 0.4444444444444444 0.3287037037037037 0.4583333333333333 0.3148148148148148 0.4722222222222222 0.30787037037037035 0.4861111111111111 0.3055555555555556 0.48842592592592593 0.30324074074074076 0.5023148148148148 0.30324074074074076 0.5046296296296297 0.30092592592592593 0.5370370370370371 0.30092592592592593 0.5393518518518519 0.2986111111111111 0.5393518518518519 0.2847222222222222 0.5416666666666666 0.2824074074074074 0.5509259259259259 0.2824074074074074 0.5532407407407407 0.2800925925925926 0.5740740740740741 0.2800925925925926
6 0.34953703703703703 0.31712962962962965 0.3541666666666667 0.32175925925925924 0.3611111111111111 0.32407407407407407 0.37037037037037035 0.3333333333333333 0.3773148148148148 0.34953703703703703 0.3773148148148148 0.3611111111111111 0.3819444444444444 0.36574074074074076 0.4050925925925926 0.36574074074074076 0.4074074074074074 0.3680555555555556 0.4097222222222222 0.38657407407407407 0.38657407407407407 0.38657407407407407 0.37962962962962965 0.39351851851851855 0.3819444444444444 0.3958333333333333 0.3819444444444444 0.4097222222222222 0.39351851851851855 0.41898148148148145 0.41203703703703703 0.4236111111111111 0.41435185185185186 0.42592592592592593 0.41435185185185186 0.4375 0.4166666666666667 0.44212962962962965 0.41435185185185186 0.4444444444444444 0.4027777777777778 0.4444444444444444 0.40046296296296297 0.44212962962962965 0.3888888888888889 0.44212962962962965 0.38657407407407407 0.4398148148148148 0.37962962962962965 0.4398148148148148 0.3773148148148148 0.4375 0.36574074074074076 0.4351851851851852 0.3449074074074074 0.41898148148148145 0.33796296296296297 0.4027777777777778 0.33796296296296297 0.3912037037037037 0.33564814814814814 0.3888888888888889 0.28703703703703703 0.3888888888888889 0.2800925925925926 0.39351851851851855 0.2824074074074074 0.39814814814814814 0.2824074074074074 0.41898148148148145 0.2800925925925926 0.4236111111111111 0.26851851851851855 0.4351851851851852 0.2638888888888889 0.4351851851851852 0.25925925925925924 0.4398148148148148 0.25462962962962965 0.4398148148148148 0.24768518518518517 0.4444444444444444 0.23842592592592593 0.4444444444444444 0.2361111111111111 0.44675925925925924 0.21064814814814814 0.44675925925925924 0.20833333333333334 0.4444444444444444 0.20833333333333334 0.4398148148148148 0.20601851851851852 0.4375 0.20833333333333334 0.42824074074074076 0.22685185185185186 0.4236111111111111 0.2361111111111111 0.41435185185185186 0.23842592592592593 0.4050925925925926 0.2361111111111111 0.4027777777777778 0.2361111111111111 0.39351851851851855 0.2337962962962963 0.3912037037037037 0.20833333333333334 0.3912037037037037 0.2037037037037037 0.3888888888888889 0.19907407407407407 0.3773148148148148 0.2013888888888889 0.37037037037037035 0.20601851851851852 0.37037037037037035 0.20833333333333334 0.3680555555555556 0.23148148148148148 0.3680555555555556 0.2337962962962963 0.36574074074074076 0.23148148148148148 0.3611111111111111 0.23148148148148148 0.33796296296296297 0.2337962962962963 0.3333333333333333 0.24537037037037038 0.32175925925925924 0.26157407407407407 0.3125 0.2777777777777778 0.3101851851851852 0.2800925925925926 0.30787037037037035 0.3194444444444444 0.30787037037037035 0.32175925925925924 0.3101851851851852 0.33101851851851855 0.3101851851851852 0.3472222222222222 0.31712962962962965
7 0.14351851851851852 0.3888888888888889 0.1574074074074074 0.37962962962962965 0.16203703703703703 0.37962962962962965 0.17824074074074073 0.3726851851851852 0.19675925925925927 0.37037037037037035 0.19907407407407407 0.3726851851851852 0.2013888888888889 0.3912037037037037 0.19907407407407407 0.39351851851851855 0.1875 0.3958333333333333 0.18055555555555555 0.4027777777777778 0.18055555555555555 0.4236111111111111 0.1875 0.42824074074074076 0.20601851851851852 0.42824074074074076 0.20601851851851852 0.44675925925925924 0.2037037037037037 0.44907407407407407 0.19212962962962962 0.44907407407407407 0.1875 0.4537037037037037 0.18981481481481483 0.45601851851851855 0.19212962962962962 0.48148148148148145 0.19444444444444445 0.4837962962962963 0.24074074074074073 0.4837962962962963 0.24305555555555555 0.4861111111111111 0.25925925925925924 0.48842592592592593 0.2800925925925926 0.4976851851851852 0.29398148148148145 0.5138888888888888 0.29398148148148145 0.5185185185185185 0.2916666666666667 0.5208333333333334 0.2847222222222222 0.5208333333333334 0.2824074074074074 0.5231481481481481 0.2523148148148148 0.5231481481481481 0.2337962962962963 0.5069444444444444 0.22916666666666666 0.5069444444444444 0.22685185185185186 0.5046296296296297 0.20833333333333334 0.5046296296296297 0.19675925925925927 0.5092592592592593 0.19675925925925927 0.5185185185185185 0.19212962962962962 0.5231481481481481 0.1597222222222222 0.5254629629629629 0.1574074074074074 0.5231481481481481 0.1527777777777778 0.5231481481481481 0.15046296296296297 0.5092592592592593 0.14814814814814814 0.5069444444444444 0.12037037037037036 0.5069444444444444 0.11574074074074074 0.5 0.11805555555555555 0.48842592592592593 0.12268518518518519 0.4861111111111111 0.1388888888888889 0.4861111111111111 0.1412037037037037 0.48842592592592593 0.14583333333333334 0.4837962962962963 0.14351851851851852 0.4537037037037037 0.1412037037037037 0.4513888888888889 0.1111111111111111 0.4513888888888889 0.10648148148148148 0.44675925925925924 0.10648148148148148 0.44212962962962965 0.10416666666666667 0.4398148148148148 0.1087962962962963 0.4305555555555556 0.13425925925925927 0.4305555555555556 0.1388888888888889 0.42592592592592593 0.1388888888888889 0.4212962962962963 0.13425925925925927 0.41203703703703703 0.13425925925925927 0.4050925925925926 0.14351851851851852 0.3912037037037037
11 0.015097689814814816 0.23424999999999999 0.024866784722222226 0.24775000000000003 0.030195381944444443 0.25225 0.028863233796296295 0.2545 0.030195381944444443 0.259 0.02797513425925926 0.26175 0.02975133101851852 0.26475 0.026198935185185186 0.269 0.025754884259259262 0.28075 0.030195381944444443 0.29225 0.02797513425925926 0.29675 0.030195381944444443 0.3 0.028863233796296295 0.30425 0.032859680555555555 0.31 0.03374778009259259 0.3145 0.03152753009259259 0.32025000000000003 0.032415629629629635 0.335 0.03596802777777778 0.34800000000000003 0.039520425925925924 0.38325 0.045737122685185184 0.40700000000000003 0.05017762037037037 0.44975 0.07460035416666667 0.588 0.08126110185185186 0.6409999999999999 0.0874777986111111 0.6689999999999999 0.0945825925925926 0.6787500000000001 0.0994671412037037 0.68075 0.1092362337962963 0.68975 0.11190053240740741 0.6892499999999999 0.12300177546296297 0.6935 0.15008881018518516 0.6995 0.19316163425925925 0.7002499999999999 0.2109236226851852 0.6995 0.21492007175925926 0.6985 0.2202486689814815 0.6995 0.2575488449074074 0.69675 0.26154529398148146 0.6975 0.2713143865740741 0.6964999999999999 0.2766429837962963 0.6972499999999999 0.28996447685185184 0.6964999999999999 0.2992895208333333 0.69475 0.309946712962963 0.6962499999999999 0.33792184722222224 0.6972499999999999 0.3601243333333333 0.6960000000000001 0.3636767314814815 0.6950000000000001 0.3863232685185185 0.6962499999999999 0.3898756666666667 0.6955 0.39387211342592593 0.6964999999999999 0.4977797523148148 0.69175 0.5155417407407408 0.6932499999999999 0.7619893425925925 0.68725 0.7912966250000001 0.6855000000000001 0.8046181180555556 0.6857500000000001 0.8081705162037037 0.6847500000000001 0.8352575486111111 0.6845 0.8405861458333334 0.6835 0.8592362337962962 0.68425 0.8672291296296296 0.68275 0.8876554166666666 0.68425 0.9085257546296297 0.68125 0.9160745995370371 0.6825 0.9249555949074074 0.68225 0.9351687384259258 0.6792499999999999 0.937833037037037 0.67725 0.9595914745370371 0.6719999999999999 0.9662522199074074 0.66825 0.978685613425926 0.6575000000000001 0.9817939606481482 0.644 0.9804618125 0.6409999999999999 0.9831261111111111 0.637 0.9871225578703703 0.6097499999999999 0.9826820601851851 0.59066675 0.9835701597222223 0.5865 0.9866785069444445 0.58475 0.9857904074074073 0.5765 0.9875666064814815 0.57425 0.9831261111111111 0.568875 0.9826820601851851 0.5625 0.9835701597222223 0.559 0.9875666064814815 0.55475 0.9875666064814815 0.543 0.9844582592592593 0.54 0.9826820601851851 0.533 0.9853463587962963 0.52725 0.9835701597222223 0.51625 0.9871225578703703 0.51225 0.9880106574074075 0.49224999999999997 0.9880106574074075 0.35150000000000003 0.9893428055555555 0.34075 0.9875666064814815 0.32425 0.9857904074074073 0.32125 0.9871225578703703 0.31725 0.9795737129629629 0.309 0.977353462962963 0.29325 0.9813499120370369 0.28575 0.9906749560185185 0.283 0.9857904074074073 0.27575 0.9880106574074075 0.27325 0.9893428055555555 0.2625 0.9880106574074075 0.24775000000000003 0.9862344583333333 0.24475 0.9871225578703703 0.24125 0.9804618125 0.23550000000000001 0.9795737129629629 0.22825 0.9809058611111111 0.22375 0.9911190046296297 0.21075 0.9964476018518519 0.18725 0.9924511550925926 0.16075 0.9875666064814815 0.1535 0.9809058611111111 0.15175 0.9746891643518518 0.15225000000000002 0.9706927175925926 0.15125 0.9644760208333333 0.15275 0.9533747777777778 0.1515 0.9449378333333334 0.15225000000000002 0.9391651875 0.15125 0.8170515092592593 0.1575 0.8063943171296296 0.15875 0.7824156296296296 0.15875 0.7304618125 0.16125 0.7238010648148148 0.16075 0.7175843703703704 0.16175 0.7126998217592593 0.16125 0.7024866782407407 0.16325 0.6856127893518519 0.16175 0.6789520416666667 0.16275 0.6429840138888889 0.163 0.6238898749999999 0.16474999999999998 0.6150088819444444 0.164 0.5777087037037036 0.16525 0.5772646527777778 0.16624999999999998 0.5657193611111111 0.16775 0.5608348125 0.167 0.5377442268518519 0.1675 0.5346358796296297 0.16675 0.5150976898148149 0.16799999999999998 0.5057726458333334 0.16724999999999998 0.4902309050925926 0.16824999999999998 0.4698046180555555 0.16775 0.46625221990740745 0.16875 0.46314387268518514 0.16799999999999998 0.45781527546296297 0.1695 0.44893428009259256 0.16899999999999998 0.4462699814814815 0.16999999999999998 0.42850799305555554 0.171 0.3960923634259259 0.171 0.3849911180555555 0.17275 0.3734458263888889 0.17325 0.35657193518518515 0.17174999999999999 0.34058614583333335 0.17174999999999999 0.32622868518518516 0.17300000000000001 0.26820603935185183 0.17400000000000002 0.24689165277777778 0.17525 0.24067495601851852 0.17475000000000002 0.23623445833333334 0.17575000000000002 0.23401421064814815 0.17525 0.23223801157407406 0.17675 0.22291296527777776 0.17675 0.2211367662037037 0.17750000000000002 0.2131438726851852 0.17550000000000002 0.20470692824074074 0.178 0.1047957361111111 0.17875 0.10079928935185185 0.1805 0.09724689120370371 0.18075 0.0874777986111111 0.18000000000000002 0.0848135 0.18125 0.08081705092592592 0.18025 0.07859680324074075 0.18225 0.07460035416666667 0.1805 0.0701598587962963 0.182 0.06127886342592593 0.1805 0.04396092361111111 0.18125 0.032415629629629635 0.18025 0.022646537037037034 0.183 0.018650087962962966 0.182 0.011545293981481483 0.1855 0.008436944444444445 0.19875 0.010213143518518519 0.22075 0.01554174074074074 0.23224999999999998 0.015097689814814816 0.23424999999999999
12 0 0.22490624999999997 0.9986944930555555 0.22490624999999997 0.9986944930555555 0.15763375 0 0.15763375 0 0.22490624999999997
13 0.39564831250000004 0.30275 0.4080817060185185 0.3025 0.4187388981481482 0.29925 0.42451154629629634 0.29525 0.42761989351851853 0.28750000000000003 0.4271758425925926 0.28275 0.4205150972222222 0.2745 0.41119005324074076 0.27049999999999996 0.4040852569444444 0.269 0.39742451157407405 0.26925 0.3849911180555555 0.27175 0.3769982245370371 0.276 0.37255772685185184 0.28250000000000003 0.37255772685185184 0.28775 0.37744227314814816 0.29525 0.38676731712962964 0.30100000000000005 0.39564831250000004 0.30275
13 0.5932504444444445 0.2945 0.6007992893518519 0.29550000000000004 0.6194493773148148 0.29525 0.6274422731481482 0.2935 0.6336589699074074 0.28925 0.6372113680555556 0.2805 0.6358792175925926 0.27575 0.6301065717592592 0.268 0.6181172291666667 0.26425000000000004 0.6043516875 0.26375 0.5976909421296297 0.265 0.5892539953703704 0.26875 0.583037300925926 0.276 0.5821492013888888 0.28025 0.5848135 0.28875 0.5883658958333333 0.29225 0.5932504444444445 0.2945
13 0.7126998217592593 0.3535 0.7246891643518518 0.35375 0.7300177615740742 0.352 0.7424511550925926 0.34149999999999997 0.7420071041666667 0.33425 0.7393428055555555 0.32925 0.7344582592592593 0.32525000000000004 0.7269094143518517 0.32225 0.7118117222222222 0.32125 0.7020426296296297 0.323 0.6931616342592593 0.32825 0.689609236111111 0.3335 0.6891651875 0.339 0.6944937824074074 0.3465 0.6998223796296296 0.3505 0.7126998217592593 0.3535
13 0.49467140277777777 0.35850000000000004 0.5150976898148149 0.36000000000000004 0.520870337962963 0.35925 0.5364120787037037 0.3525 0.5386323263888889 0.34675 0.5377442268518519 0.33825 0.5315275300925926 0.33075 0.5257548842592593 0.328 0.516873888888889 0.32675000000000004 0.5008880995370371 0.32675000000000004 0.49467140277777777 0.3285 0.4893428055555556 0.33175 0.4831261111111111 0.33949999999999997 0.4831261111111111 0.34875 0.4849023101851852 0.3525 0.4880106574074074 0.35575 0.49467140277777777 0.35850000000000004
13 0.2864120787037037 0.36325 0.29484902314814815 0.36475 0.3077264652777778 0.365 0.3206039074074074 0.364 0.3277087037037037 0.36224999999999996 0.32815275231481483 0.3595 0.33170515046296295 0.35575 0.3294849027777778 0.34349999999999997 0.3241563055555556 0.337 0.3188277083333333 0.33425 0.312166962962963 0.33249999999999996 0.2961811712962963 0.33299999999999996 0.28552397916666666 0.33675 0.27930728240740743 0.34125 0.2766429837962963 0.3455 0.2775310833333333 0.35425 0.2815275300925926 0.36024999999999996 0.2864120787037037 0.36325
13 0.21003552314814816 0.42525 0.21980461805555557 0.42375 0.22557726388888888 0.42175 0.23223801157407406 0.41475 0.23312611111111112 0.40625 0.22868561342592594 0.39899999999999997 0.22335701620370368 0.39575 0.2055950277777778 0.39325 0.18960923611111113 0.39625 0.18339253935185185 0.401 0.18161634027777776 0.41050000000000003 0.18472468981481482 0.42050000000000004 0.18916518750000003 0.425 0.21003552314814816 0.42525
13 0.4049733564814815 0.42 0.41785079861111113 0.42100000000000004 0.42850799305555554 0.41825 0.43472468981481477 0.415 0.43960923611111113 0.40975 0.43960923611111113 0.40249999999999997 0.4365008888888889 0.39775 0.4325044398148148 0.39375 0.42140319675925925 0.389 0.41119005324074076 0.3885 0.39564831250000004 0.39175 0.3903197152777778 0.39375 0.3863232685185185 0.39725 0.3854351689814815 0.40075 0.38587921759259264 0.40724999999999995 0.3907637662037037 0.41375 0.39698046296296297 0.41750000000000004 0.4049733564814815 0.42
13 0.5985790416666666 0.411 0.6052397870370371 0.41525 0.6216696273148149 0.41525 0.6309946712962963 0.413 0.6367673171296296 0.40925 0.6420959143518518 0.401 0.6416518657407407 0.39725 0.6336589699074074 0.387 0.6283303726851851 0.3845 0.6238898749999999 0.38325 0.6083481342592593 0.3835 0.5976909421296297 0.38725 0.5901420949074074 0.394 0.5892539953703704 0.40399999999999997 0.5905861458333334 0.40625 0.5954706921296297 0.41050000000000003 0.5985790416666666 0.411
13 0.8161634097222221 0.409 0.8246003541666667 0.40925 0.8388099467592594 0.40599999999999997 0.8472468912037037 0.3975 0.8476909421296297 0.39325 0.8450266435185185 0.3855 0.8419182939814815 0.382 0.8348135 0.3785 0.8219360578703703 0.3775 0.8072824166666668 0.37975 0.8006216689814815 0.3825 0.7957371226851853 0.38925000000000004 0.7952930717592592 0.3945 0.7997335694444444 0.40275 0.8028419189814815 0.40525000000000005 0.8161634097222221 0.409
13 0.7184724699074074 0.46875 0.727353462962963 0.46849999999999997 0.7371225578703703 0.46625 0.7428952037037037 0.46099999999999997 0.7451154537037037 0.457 0.7446714027777778 0.4495 0.7415630555555555 0.44475000000000003 0.7375666064814815 0.4415 0.727353462962963 0.43875 0.7166962708333334 0.43825000000000003 0.7091474236111112 0.4395 0.6993783310185185 0.44475000000000003 0.6944937824074074 0.451 0.6949378333333334 0.4565 0.6989342800925926 0.462 0.706483125 0.46625 0.7184724699074074 0.46875
13 0.5346358796296297 0.472 0.5417406759259259 0.46725 0.542628775462963 0.4565 0.5364120787037037 0.44825000000000004 0.5315275300925926 0.44549999999999995 0.5222024861111111 0.44425 0.5084369444444444 0.44475000000000003 0.49955595138888886 0.44775 0.49200710416666665 0.45399999999999996 0.49467140277777777 0.467 0.5115452939814815 0.47375 0.5257548842592593 0.47475 0.5346358796296297 0.472
13 0.3206039074074074 0.481 0.32548845370370366 0.481 0.333481349537037 0.47975 0.33969804629629635 0.47450000000000003 0.3423623449074074 0.4705 0.34280639351851855 0.46299999999999997 0.33658969907407404 0.45449999999999996 0.3272646527777778 0.44975 0.31616340972222223 0.44899999999999995 0.3001776203703703 0.452 0.293516875 0.45749999999999996 0.2917406759259259 0.46175 0.291296625 0.46675 0.2961811712962963 0.47375 0.3068383657407407 0.47775 0.3206039074074074 0.481
13 0.2135879212962963 0.53575 0.2282415625 0.5387500000000001 0.23579040740740742 0.5375 0.2442273541666667 0.53275 0.2495559513888889 0.52225 0.24378330324074074 0.515 0.23401421064814815 0.50925 0.22557726388888888 0.50775 0.21003552314814816 0.5085 0.20470692824074074 0.51075 0.1993783310185185 0.5167499999999999 0.1989342800925926 0.5225 0.2015985787037037 0.5265 0.21003552314814816 0.53425 0.2135879212962963 0.53575
13 0.41829484953703705 0.53275 0.4320603912037037 0.533 0.43827708796296294 0.53125 0.4476021319444445 0.52425 0.4498223796296297 0.5155 0.4462699814814815 0.5105 0.43516873842592596 0.50325 0.4289520416666666 0.50225 0.4147424513888889 0.50325 0.4023090578703704 0.5085 0.39920071064814816 0.51225 0.39875665972222224 0.52 0.4005328587962963 0.524 0.4076376550925926 0.52975 0.41829484953703705 0.53275
13 0.6296625231481481 0.527 0.6398756666666666 0.52475 0.6456483125 0.51975 0.6478685601851851 0.51325 0.645204263888889 0.506 0.6425399652777778 0.50325 0.6327708703703704 0.49900000000000005 0.6207815277777777 0.49774999999999997 0.6056838356481481 0.50025 0.5990230902777779 0.5055000000000001 0.5959147430555555 0.51175 0.5954706921296297 0.5155 0.6021314398148149 0.5217499999999999 0.6198934282407408 0.52775 0.6296625231481481 0.527
13 0.8214920069444445 0.523 0.8348135 0.5225 0.8419182939814815 0.51925 0.8490230902777779 0.51225 0.8499111898148148 0.505 0.8468028425925925 0.50025 0.8436944930555555 0.49725 0.8343694490740741 0.493 0.8197158078703703 0.4925 0.8037300185185186 0.49550000000000005 0.8001776203703704 0.498 0.7979573703703703 0.50425 0.7975133217592593 0.50875 0.8010657199074074 0.51625 0.810390763888889 0.5205 0.8214920069444445 0.523
13 0.728685613425926 0.5792499999999999 0.7362344583333333 0.578 0.7437833032407407 0.57425 0.75 0.5665 0.749555951388889 0.561 0.7446714027777778 0.55525 0.7375666064814815 0.55175 0.7242451157407408 0.5495 0.7087033749999999 0.55225 0.7038188287037037 0.55525 0.7002664305555556 0.561 0.6993783310185185 0.56725 0.7029307291666667 0.573 0.7171403194444445 0.57875 0.728685613425926 0.5792499999999999
13 0.5257548842592593 0.58475 0.5328596805555555 0.58475 0.542628775462963 0.58225 0.5479573703703703 0.57975 0.5515097685185185 0.5755 0.5515097685185185 0.5675 0.5475133217592593 0.56125 0.543516875 0.55825 0.5350799282407407 0.5555 0.5213143865740741 0.5549999999999999 0.5124333935185186 0.5565 0.5057726458333334 0.5599999999999999 0.5008880995370371 0.56725 0.5004440486111111 0.5715 0.5048845462962963 0.5775 0.5190941388888889 0.58325 0.5257548842592593 0.58475
13 0.32149200694444446 0.588 0.33747779861111116 0.58975 0.3490230902777778 0.5885 0.35612788657407407 0.58225 0.3570159861111111 0.5735 0.35479573611111115 0.5695 0.3485790416666667 0.56325 0.3383658958333334 0.5595 0.32682060416666664 0.5599999999999999 0.3143872106481482 0.5630000000000001 0.31039076388888887 0.5652499999999999 0.3068383657407407 0.5715 0.30639431712962967 0.57825 0.30817051620370367 0.5815 0.31394316203703704 0.5855 0.32149200694444446 0.588
13 0.42850799305555554 0.63975 0.4356127893518518 0.6409999999999999 0.4431616342592593 0.6405000000000001 0.45248667824074074 0.63725 0.456483125 0.63425 0.4582593240740741 0.62525 0.4555950277777778 0.6192500000000001 0.44893428009259256 0.61375 0.4391651875 0.61025 0.4249555949074074 0.611 0.41918294907407405 0.61375 0.41563055092592593 0.61425 0.41030195370370365 0.6185 0.4080817060185185 0.6232500000000001 0.4076376550925926 0.6267499999999999 0.4138543518518518 0.6339999999999999 0.42140319675925925 0.638 0.42850799305555554 0.63975
13 0.6198934282407408 0.6355 0.6358792175925926 0.63625 0.6518650092592593 0.63 0.6540852569444445 0.6237499999999999 0.6527531087962963 0.6167499999999999 0.6474245115740741 0.611 0.6394316157407408 0.6075 0.626998224537037 0.60575 0.6136767314814814 0.6085 0.6083481342592593 0.6115 0.6039076365740741 0.61725 0.6034635879629631 0.6225 0.6056838356481481 0.62875 0.6127886319444444 0.633 0.6198934282407408 0.6355