9 0.2199074074074074 0.48148148148148145 0.2222222222222222 0.4837962962962963 0.24537037037037038 0.4861111111111111 0.2638888888888889 0.4930555555555556 0.27546296296296297 0.5023148148148148 0.2800925925925926 0.5115740740740741 0.2777777777777778 0.5347222222222222 0.2800925925925926 0.5370370370370371 0.30324074074074076 0.5370370370370371 0.30324074074074076 0.5439814814814815 0.2962962962962963 0.5555555555555556 0.2916666666666667 0.5555555555555556 0.28935185185185186 0.5578703703703703 0.27546296296296297 0.5578703703703703 0.27314814814814814 0.5601851851851852 0.27314814814814814 0.5740740740740741 0.2777777777777778 0.5810185185185185 0.2916666666666667 0.5879629629629629 0.2962962962962963 0.5925925925925926 0.2962962962962963 0.6064814814814815 0.29398148148148145 0.6087962962962963 0.26851851851851855 0.6064814814814815 0.24768518518518517 0.5972222222222222 0.2337962962962963 0.5810185185185185 0.2337962962962963 0.5578703703703703 0.22916666666666666 0.5532407407407407 0.19444444444444445 0.5532407407407407 0.19212962962962962 0.5509259259259259 0.18055555555555555 0.5509259259259259 0.1550925925925926 0.5393518518518519 0.14814814814814814 0.5324074074074074 0.14351851851851852 0.5231481481481481 0.14351851851851852 0.5138888888888888 0.1574074074074074 0.49537037037037035 0.1712962962962963 0.48842592592592593 0.18518518518518517 0.4861111111111111 0.1875 0.4837962962962963 0.2175925925925926 0.48148148148148145
10 0.39814814814814814 0.5370370370370371 0.40046296296296297 0.5393518518518519 0.40046296296296297 0.5555555555555556 0.3958333333333333 0.5578703703703703 0.38425925925925924 0.5555555555555556 0.3726851851851852 0.5601851851851852 0.3726851851851852 0.5856481481481481 0.3773148148148148 0.5902777777777778 0.41898148148148145 0.5902777777777778 0.4212962962962963 0.5925925925925926 0.42824074074074076 0.5925925925925926 0.4537037037037037 0.6064814814814815 0.46296296296296297 0.6180555555555556 0.46296296296296297 0.6342592592592593 0.44675925925925924 0.6527777777777778 0.43287037037037035 0.6597222222222222 0.41435185185185186 0.6620370370370371 0.41203703703703703 0.6643518518518519 0.3726851851851852 0.6620370370370371 0.34953703703703703 0.6527777777777778 0.33564814814814814 0.6365740740740741 0.33564814814814814 0.6296296296296297 0.3333333333333333 0.6273148148148148 0.33564814814814814 0.6157407407407407 0.3333333333333333 0.6111111111111112 0.33101851851851855 0.6087962962962963 0.3055555555555556 0.6087962962962963 0.3055555555555556 0.5949074074074074 0.30787037037037035 0.5902777777777778 0.3333333333333333 0.5902777777777778 0.33796296296296297 0.5856481481481481 0.33564814814814814 0.5833333333333334 0.33796296296296297 0.5787037037037037 0.33796296296296297 0.5648148148148148 0.33564814814814814 0.5625 0.33564814814814814 0.5578703703703703 0.3333333333333333 0.5555555555555556 0.3287037037037037 0.5578703703703703 0.3194444444444444 0.5578703703703703 0.31712962962962965 0.5555555555555556 0.3125 0.5578703703703703 0.3055555555555556 0.5532407407407407 0.3055555555555556 0.5439814814814815 0.3101851851851852 0.5370370370370371 0.33564814814814814 0.5370370370370371 0.33796296296296297 0.5347222222222222 0.33796296296296297 0.5162037037037037 0.35185185185185186 0.5 0.37037037037037035 0.49074074074074076 0.40046296296296297 0.4861111111111111 0.4027777777777778 0.48842592592592593 0.4027777777777778 0.5023148148148148 0.3958333333333333 0.5069444444444444 0.38657407407407407 0.5069444444444444 0.3819444444444444 0.5092592592592593 0.375 0.5162037037037037 0.375 0.5208333333333334 0.3726851851851852 0.5231481481481481 0.3726851851851852 0.5324074074074074 0.3773148148148148 0.5370370370370371 0.3958333333333333 0.5370370370370371
8 0.4074074074074074 0.4861111111111111 0.4236111111111111 0.4861111111111111 0.42592592592592593 0.48842592592592593 0.4444444444444444 0.49074074074074076 0.4537037037037037 0.49537037037037035 0.4652777777777778 0.5046296296296297 0.4699074074074074 0.5138888888888888 0.4699074074074074 0.5324074074074074 0.47453703703703703 0.5370370370370371 0.4861111111111111 0.5370370370370371 0.48842592592592593 0.5393518518518519 0.49074074074074076 0.5370370370370371 0.4976851851851852 0.5370370370370371 0.5 0.5393518518518519 0.5185185185185185 0.5393518518518519 0.5208333333333334 0.5416666666666666 0.5324074074074074 0.5439814814814815 0.5486111111111112 0.5532407407407407 0.5555555555555556 0.5601851851851852 0.5601851851851852 0.5694444444444444 0.5601851851851852 0.5879629629629629 0.5648148148148148 0.5925925925925926 0.5856481481481481 0.5925925925925926 0.5856481481481481 0.6111111111111112 0.5833333333333334 0.6134259259259259 0.5601851851851852 0.6134259259259259 0.5578703703703703 0.6157407407407407 0.5578703703703703 0.6319444444444444 0.5648148148148148 0.6388888888888888 0.5694444444444444 0.6412037037037037 0.5787037037037037 0.6412037037037037 0.5833333333333334 0.6458333333333334 0.5833333333333334 0.6504629629629629 0.5856481481481481 0.6527777777777778 0.5856481481481481 0.6643518518518519 0.5833333333333334 0.6666666666666666 0.5717592592592593 0.6666666666666666 0.5694444444444444 0.6643518518518519 0.5625 0.6643518518518519 0.5601851851851852 0.6620370370370371 0.5416666666666666 0.6574074074074074 0.5231481481481481 0.6412037037037037 0.5231481481481481 0.6342592592592593 0.5208333333333334 0.6319444444444444 0.5208333333333334 0.6134259259259259 0.5185185185185185 0.6111111111111112 0.47685185185185186 0.6111111111111112 0.4675925925925926 0.6064814814814815 0.46064814814814814 0.6064814814814815 0.44675925925925924 0.5995370370370371 0.4351851851851852 0.5879629629629629 0.4351851851851852 0.5833333333333334 0.43287037037037035 0.5810185185185185 0.43287037037037035 0.5601851851851852 0.42824074074074076 0.5555555555555556 0.4074074074074074 0.5555555555555556 0.4074074074074074 0.5370370370370371 0.43287037037037035 0.5370370370370371 0.4351851851851852 0.5347222222222222 0.4351851851851852 0.5162037037037037 0.4236111111111111 0.5069444444444444 0.4097222222222222 0.5046296296296297 0.4074074074074074 0.5023148148148148 0.4074074074074074 0.48842592592592593
11 0.06349911111111112 0.714 0.09413854398148148 0.7145 0.09857904166666666 0.71275 0.10568383564814815 0.71325 0.12966252314814813 0.7097500000000001 0.13676731712962964 0.70775 0.14342806481481482 0.708 0.15230905787037036 0.70525 0.1722912962962963 0.7097500000000001 0.20737122453703702 0.71075 0.2353463587962963 0.7102499999999999 0.25399644675925925 0.7115 0.26842806481481485 0.7100000000000001 0.2815275300925926 0.7112499999999999 0.2917406759259259 0.7104999999999999 0.3352575486111111 0.7115 0.3614564837962963 0.71075 0.3765541736111111 0.712 0.39431616435185185 0.7112499999999999 0.4040852569444444 0.71225 0.4560390763888889 0.7115 0.46403197222222226 0.71275 0.479573712962963 0.71175 0.49467140277777777 0.71275 0.5031083472222222 0.7115 0.5657193611111111 0.7125 0.5701598587962963 0.71325 0.6280639421296296 0.7125 0.6540852569444445 0.71375 0.6714031967592592 0.71275 0.7038188287037037 0.71275 0.7166962708333334 0.714 0.7624333935185185 0.71375 0.7944049722222223 0.71475 0.8321492013888888 0.714 0.8459147430555555 0.712 0.8627886319444444 0.70775 0.8823268217592592 0.6960000000000001 0.8903197152777778 0.6862499999999999 0.8920959143518518 0.6792499999999999 0.8912078148148148 0.66 0.8943161643518519 0.6337499999999999 0.8943161643518519 0.56575 0.8987566597222222 0.42175 0.8992007106481481 0.359 0.8974245115740741 0.3485 0.8996447592592594 0.33925000000000005 0.9005328587962963 0.29824999999999996 0.8992007106481481 0.28099999999999997 0.9009769097222221 0.27675 0.9009769097222221 0.26475 0.893872113425926 0.25275000000000003 0.8863232685185186 0.2455 0.873001775462963 0.23775 0.8619005324074074 0.23450000000000001 0.811722912037037 0.23074999999999998 0.7984014212962963 0.23249999999999998 0.7690941388888889 0.23074999999999998 0.7411190046296297 0.23074999999999998 0.7384547060185185 0.232 0.7322380115740741 0.23224999999999998 0.7135879212962963 0.2295 0.6820603912037037 0.23074999999999998 0.6789520416666667 0.2295 0.6607460046296296 0.22974999999999998 0.6514209583333334 0.22874999999999998 0.6227797523148149 0.2295 0.5572824166666667 0.22724999999999998 0.5546181180555555 0.22825 0.5364120787037037 0.22825 0.5164298402777777 0.22675 0.5048845462962963 0.22799999999999998 0.4880106574074074 0.22624999999999998 0.4849023101851852 0.22699999999999998 0.4626998217592593 0.22624999999999998 0.42140319675925925 0.22699999999999998 0.4076376550925926 0.226 0.3983126111111111 0.22675 0.38010657175925927 0.22575 0.35079928935185184 0.2265 0.3383658958333334 0.225 0.3179396087962963 0.22475 0.2859680277777778 0.225 0.27575488425925926 0.22675 0.26731793981481483 0.226 0.2619893425925926 0.22375 0.23712255787037037 0.224 0.2349023101851852 0.22325 0.22557726388888888 0.22425 0.19849023148148148 0.22325 0.1749555949074074 0.22475 0.16829484953703702 0.226 0.16296625231481482 0.225 0.15896980555555554 0.22025 0.15097690972222222 0.21625 0.1407637662037037 0.2135 0.12477797453703704 0.21225 0.11678508101851852 0.2145 0.11056838425925927 0.21225 0.10968028472222223 0.20975 0.09547069212962962 0.209 0.09191829398148148 0.21 0.08880994675925925 0.20925 0.08126110185185186 0.21 0.08170515046296296 0.2115 0.07460035416666667 0.21475000000000002 0.06749556018518518 0.215 0.06394316203703704 0.21375 0.05772646527777778 0.215 0.05017762037037037 0.21825000000000003 0.045293071759259264 0.22375 0.043516875 0.236 0.041740675925925924 0.37225 0.04040852546296296 0.37599999999999995 0.027531083333333334 0.667 0.027087034722222222 0.7032499999999999 0.0364120787037037 0.7100000000000001 0.04662522222222222 0.71225 0.06349911111111112 0.714
12 0.15019982175925928 0.21180374999999999 0.015439608796296297 0.21180374999999999 0.015439608796296297 0.71512125 0.15019982175925928 0.71512125 0.15019982175925928 0.21180374999999999
13 0.4098579050925926 0.325 0.4249555949074074 0.3235 0.4325044398148148 0.31725 0.43383659027777777 0.3095 0.4320603912037037 0.3055 0.42850799305555554 0.30025 0.41918294907407405 0.29625 0.39742451157407405 0.297 0.3903197152777778 0.30100000000000005 0.38587921759259264 0.30674999999999997 0.38676731712962964 0.3145 0.39342806481481485 0.321 0.39742451157407405 0.323 0.4098579050925926 0.325
13 0.5883658958333333 0.3265 0.5999111898148148 0.32749999999999996 0.6114564837962964 0.32425 0.6163410300925926 0.3215 0.6194493773148148 0.31699999999999995 0.6203374768518519 0.31075 0.6172291296296296 0.3055 0.6087921851851852 0.29974999999999996 0.5994671412037037 0.29774999999999996 0.585701599537037 0.29925 0.5777087037037036 0.303 0.5732682060185185 0.3085 0.5728241574074074 0.31475000000000003 0.5746003541666667 0.32025000000000003 0.5794849027777778 0.32425 0.5883658958333333 0.3265
13 0.6842806388888889 0.3815 0.6958259328703704 0.38075000000000003 0.7029307291666667 0.379 0.706483125 0.37599999999999995 0.710479574074074 0.37025 0.7087033749999999 0.36125 0.7042628773148147 0.356 0.6962699814814814 0.35225 0.6816163402777777 0.352 0.6749555949074074 0.35300000000000004 0.6678507986111112 0.357 0.664298400462963 0.36275 0.6647424513888889 0.372 0.666518650462963 0.37474999999999997 0.6749555949074074 0.38025 0.6842806388888889 0.3815
13 0.49467140277777777 0.37949999999999995 0.5084369444444444 0.37949999999999995 0.5195381875 0.375 0.5244227361111111 0.36975 0.5253108356481482 0.36424999999999996 0.5235346365740741 0.35874999999999996 0.5146536412037037 0.35300000000000004 0.5053285972222222 0.35100000000000003 0.49467140277777777 0.35075 0.4835701597222222 0.35450000000000004 0.4786856134259259 0.359 0.477353462962963 0.36625 0.48179396064814817 0.373 0.48978685648148146 0.378 0.49467140277777777 0.37949999999999995
13 0.30328596759259263 0.37575000000000003 0.3174955601851852 0.37675 0.3250444050925926 0.37625 0.3294849027777778 0.375 0.3352575486111111 0.371 0.33880994675925924 0.366 0.3383658958333334 0.35800000000000004 0.33214920138888887 0.35225 0.32548845370370366 0.34925 0.3143872106481482 0.34824999999999995 0.30328596759259263 0.349 0.2944049722222222 0.3525 0.291296625 0.35725 0.28996447685185184 0.36275 0.2917406759259259 0.36675 0.29662522222222226 0.372 0.30328596759259263 0.37575000000000003
13 0.21536412037037037 0.42775 0.23001776157407405 0.4265 0.2384547060185185 0.42324999999999996 0.2424511550925926 0.41925 0.24333925462962963 0.41350000000000003 0.24067495601851852 0.40599999999999997 0.22468916435185185 0.4 0.20959147453703703 0.40025 0.19982237962962962 0.4045 0.19538188194444445 0.41025 0.19493783333333334 0.415 0.19715808101851853 0.4195 0.20603907638888888 0.42624999999999996 0.21536412037037037 0.42775
13 0.4151865 0.42950000000000005 0.4222912962962963 0.42725 0.42984014120370373 0.4215 0.43072824074074073 0.41475 0.4258436944444444 0.4075 0.42007104861111116 0.40475 0.41119005324074076 0.40249999999999997 0.4036412083333334 0.40249999999999997 0.394760212962963 0.4045 0.3885435162037037 0.40775 0.38365896990740744 0.41275 0.38277087037037033 0.41525 0.38454706944444444 0.422 0.39742451157407405 0.42950000000000005 0.4151865 0.42950000000000005
13 0.5879218472222222 0.43300000000000005 0.6021314398148149 0.43174999999999997 0.6150088819444444 0.425 0.6167850810185186 0.41750000000000004 0.6141207824074074 0.4115 0.6070159861111111 0.40650000000000003 0.6021314398148149 0.40525000000000005 0.5914742453703704 0.4045 0.5777087037037036 0.40675 0.5728241574074074 0.40975 0.5688277083333333 0.41475 0.5679396087962962 0.4185 0.5737122546296296 0.42624999999999996 0.5785968032407408 0.42974999999999997 0.5879218472222222 0.43300000000000005
13 0.774422736111111 0.43374999999999997 0.7833037291666666 0.434 0.7904085254629629 0.4325 0.7992895208333333 0.42775 0.8041740671296296 0.4215 0.8041740671296296 0.41475 0.8019538194444444 0.4115 0.7948490231481481 0.40724999999999995 0.7833037291666666 0.40525000000000005 0.7735346365740741 0.40575 0.7597690949074075 0.4095 0.7548845462962963 0.4165 0.7544404976851852 0.42250000000000004 0.7584369444444445 0.4285 0.7686500879629631 0.43275 0.774422736111111 0.43374999999999997
13 0.689609236111111 0.48425 0.6980461805555556 0.48225 0.7051509768518519 0.47800000000000004 0.707815275462963 0.4735 0.7069271759259259 0.467 0.6993783310185185 0.46 0.6962699814814814 0.45875 0.6825044398148149 0.457 0.6753996458333333 0.45799999999999996 0.666962699074074 0.46125 0.6634103009259259 0.4635 0.6598579050925926 0.46925 0.6594138541666666 0.47375 0.6611900532407406 0.47725 0.6749555949074074 0.4845 0.689609236111111 0.48425
13 0.49467140277777777 0.48325 0.5053285972222222 0.48300000000000004 0.5124333935185186 0.481 0.520426287037037 0.47600000000000003 0.522646537037037 0.47175 0.518650087962963 0.46075000000000005 0.5084369444444444 0.45675 0.501776199074074 0.45575 0.49111900462962965 0.45599999999999996 0.48179396064814817 0.45875 0.47690941435185186 0.46325 0.4755772638888889 0.4675 0.4755772638888889 0.47425 0.4782415625 0.47775 0.4840142106481482 0.481 0.49467140277777777 0.48325
13 0.3068383657407407 0.48225 0.3228241574074074 0.48125 0.333481349537037 0.47625 0.33658969907407404 0.4715 0.33570159953703704 0.46225 0.3277087037037037 0.45625 0.3179396087962963 0.45375000000000004 0.30950266435185186 0.4535 0.29840142129629627 0.45625 0.29262877546296295 0.459 0.2886323263888889 0.46449999999999997 0.2886323263888889 0.4705 0.2908525763888889 0.474 0.2961811712962963 0.47800000000000004 0.3068383657407407 0.48225
13 0.208703375 0.5335 0.22690941435185186 0.5345 0.23401421064814815 0.5335 0.23712255787037037 0.5235 0.23712255787037037 0.516 0.2353463587962963 0.512 0.22735346296296297 0.5065 0.21536412037037037 0.50425 0.20293072916666668 0.50475 0.19227353472222222 0.509 0.18872113657407408 0.5135 0.18827708796296297 0.51925 0.19049733564814814 0.525 0.19982237962962962 0.532 0.208703375 0.5335
13 0.4000888101851852 0.535 0.41740675 0.5325 0.4236234467592592 0.5285000000000001 0.42761989351851853 0.522 0.42673179398148153 0.516 0.42095914814814817 0.511 0.41429840046296296 0.508 0.4045293078703704 0.506 0.38676731712962964 0.51 0.38188277083333333 0.51275 0.3787744236111111 0.51725 0.3787744236111111 0.5235 0.38232682175925925 0.5285000000000001 0.3903197152777778 0.53325 0.4000888101851852 0.535
13 0.5883658958333333 0.5367500000000001 0.5954706921296297 0.5365 0.6043516875 0.5335 0.6123445833333334 0.52525 0.6123445833333334 0.519 0.6096802847222222 0.51575 0.606127886574074 0.512 0.5981349907407407 0.509 0.5812611018518519 0.509 0.5710479583333333 0.5135 0.5666074606481482 0.519 0.5666074606481482 0.52425 0.5697158078703703 0.5295 0.5763765532407408 0.5337500000000001 0.5883658958333333 0.5367500000000001
13 0.7690941388888889 0.53775 0.7828596805555555 0.538 0.7917406759259259 0.53625 0.7992895208333333 0.5307499999999999 0.8015097685185185 0.52625 0.8001776203703704 0.5185 0.7966252222222222 0.515 0.7864120787037037 0.51075 0.7686500879629631 0.51025 0.7584369444444445 0.51225 0.7526642986111112 0.52075 0.7522202476851851 0.5265 0.7539964467592593 0.5307499999999999 0.7588809953703703 0.5345 0.7690941388888889 0.53775
13 0.6753996458333333 0.5895 0.6860568379629629 0.5895 0.6993783310185185 0.5855 0.7033747777777778 0.5825 0.7055950277777777 0.57825 0.7033747777777778 0.56925 0.6993783310185185 0.5650000000000001 0.6891651875 0.56075 0.6753996458333333 0.56075 0.6647424513888889 0.5635 0.6603019537037037 0.567 0.6576376550925926 0.5715 0.6571936064814815 0.5770000000000001 0.6611900532407406 0.58325 0.6651865 0.5862499999999999 0.6753996458333333 0.5895
13 0.4880106574074074 0.5882499999999999 0.49467140277777777 0.58875 0.5026642986111112 0.5882499999999999 0.518650087962963 0.585 0.5217584375 0.5750000000000001 0.520426287037037 0.5695 0.5195381875 0.5675 0.5093250439814815 0.5619999999999999 0.5 0.56025 0.4857904074074074 0.5605 0.47690941435185186 0.5625 0.4715808171296296 0.5675 0.4720248657407407 0.5785 0.477353462962963 0.58475 0.48046181250000003 0.5862499999999999 0.4880106574074074 0.5882499999999999
13 0.3055062175925926 0.58675 0.3179396087962963 0.586 0.32548845370370366 0.582 0.32904085185185183 0.578 0.32992895138888884 0.5705 0.32815275231481483 0.56625 0.32326820601851847 0.5625 0.3174955601851852 0.56025 0.3037300185185185 0.55925 0.29840142129629627 0.5605 0.2859680277777778 0.56625 0.28330372916666663 0.5705 0.28285968055555555 0.5750000000000001 0.2859680277777778 0.58025 0.29795737037037034 0.586 0.3055062175925926 0.58675
13 0.4027531087962963 0.6415 0.41119005324074076 0.63925 0.4222912962962963 0.6345 0.4258436944444444 0.6305 0.42539964583333334 0.6237499999999999 0.4222912962962963 0.61975 0.416074599537037 0.6155 0.4080817060185185 0.613 0.3929840138888889 0.613 0.38277087037037033 0.61475 0.38010657175925927 0.6164999999999999 0.3765541736111111 0.6162500000000001 0.37477797453703704 0.622 0.37522202546296296 0.63025 0.37921847222222227 0.635 0.39342806481481485 0.64125 0.4027531087962963 0.6415
13 0.5848135 0.64225 0.6021314398148149 0.6385 0.6083481342592593 0.6337499999999999 0.6105683842592592 0.63025 0.6083481342592593 0.61975 0.6016873888888888 0.61575 0.5972468912037037 0.61475 0.5874777986111112 0.614 0.5719360578703704 0.6167499999999999 0.5670515092592593 0.61825 0.5630550625 0.6232500000000001 0.5626110115740741 0.63025 0.5661634097222222 0.63425 0.5710479583333333 0.6377499999999999 0.5848135 0.64225