4 0.5879629629629629 0.39814814814814814 0.5925925925925926 0.3958333333333333 0.6226851851851852 0.3958333333333333 0.6273148148148148 0.4027777777777778 0.6412037037037037 0.41435185185185186 0.6759259259259259 0.41435185185185186 0.6782407407407407 0.41203703703703703 0.6782407407407407 0.4027777777777778 0.6828703703703703 0.39814814814814814 0.7199074074074074 0.39814814814814814 0.7222222222222222 0.40046296296296297 0.7222222222222222 0.41203703703703703 0.7291666666666666 0.4166666666666667 0.7337962962962963 0.41435185185185186 0.7361111111111112 0.4166666666666667 0.7638888888888888 0.4166666666666667 0.7662037037037037 0.41435185185185186 0.7754629629629629 0.41435185185185186 0.7777777777777778 0.41203703703703703 0.7777777777777778 0.40046296296296297 0.8194444444444444 0.40046296296296297 0.8217592592592593 0.4027777777777778 0.8171296296296297 0.41203703703703703 0.8217592592592593 0.4166666666666667 0.8518518518518519 0.4166666666666667 0.8611111111111112 0.41203703703703703 0.8634259259259259 0.4074074074074074 0.8726851851851852 0.40046296296296297 0.8958333333333334 0.40046296296296297 0.8981481481481481 0.39814814814814814 0.9120370370370371 0.39814814814814814 0.9143518518518519 0.40046296296296297 0.9120370370370371 0.41203703703703703 0.8912037037037037 0.42824074074074076 0.8865740740740741 0.42824074074074076 0.8773148148148148 0.43287037037037035 0.8217592592592593 0.4351851851851852 0.8171296296296297 0.4398148148148148 0.8171296296296297 0.4513888888888889 0.8148148148148148 0.4537037037037037 0.8125 0.4652777777777778 0.7986111111111112 0.4791666666666667 0.7754629629629629 0.48842592592592593 0.7592592592592593 0.48842592592592593 0.7569444444444444 0.49074074074074076 0.7314814814814815 0.49074074074074076 0.7291666666666666 0.48842592592592593 0.7175925925925926 0.48842592592592593 0.7152777777777778 0.4861111111111111 0.6967592592592593 0.48148148148148145 0.6898148148148148 0.47685185185185186 0.6782407407407407 0.46296296296296297 0.6759259259259259 0.4375 0.6736111111111112 0.4351851851851852 0.6527777777777778 0.43287037037037035 0.6504629629629629 0.4305555555555556 0.6481481481481481 0.43287037037037035 0.625 0.43287037037037035 0.6226851851851852 0.4305555555555556 0.6111111111111112 0.42824074074074076 0.5949074074074074 0.41898148148148145 0.5879629629629629 0.4097222222222222 0.5879629629629629 0.40046296296296297
11 0.10079928935185185 0.567 0.10035524074074074 0.58675 0.10301953703703705 0.6075 0.10213143981481482 0.61375 0.10568383564814815 0.66875 0.10790408564814814 0.6735 0.10879218518518519 0.69675 0.11234458333333333 0.70625 0.11500888194444443 0.7072499999999999 0.11767317824074074 0.7104999999999999 0.11634103009259258 0.72375 0.11278863194444444 0.7295 0.11234458333333333 0.7347499999999999 0.11012433333333334 0.737 0.10968028472222223 0.763 0.11634103009259258 0.776 0.12255772685185186 0.7775 0.14253996527777776 0.778 0.2624333935185185 0.77725 0.9649200717592592 0.76475 0.9844582592592593 0.7635 0.9911190046296297 0.762 0.999555951388889 0.7487499999999999 0.999555951388889 0.30450000000000005 0.9924511550925926 0.2925 0.9809058611111111 0.28275 0.9666962708333334 0.27625 0.9547069282407408 0.273 0.9342806388888889 0.27049999999999996 0.1678507986111111 0.27025 0.13676731712962964 0.27225 0.1212255763888889 0.276 0.10612788657407408 0.28275 0.09369449305555556 0.293 0.0874777986111111 0.304 0.08658969907407409 0.31174999999999997 0.09058614583333334 0.41175 0.09591474305555556 0.47897225 0.09547069212962962 0.5025000000000001 0.10079928935185185 0.567
12 0.9995581712962962 0.70972625 0.10147202546296297 0.70972625 0.10147202546296297 0.76936375 0.9995581712962962 0.76936375 0.9995581712962962 0.70972625
13 0.45426287731481485 0.35975 0.46625221990740745 0.3575 0.4738010648148148 0.3535 0.4786856134259259 0.3455 0.4782415625 0.33825 0.4764653634259259 0.3355 0.4666962708333333 0.33 0.456483125 0.32749999999999996 0.44582593287037037 0.32775 0.4311722916666667 0.33375 0.42761989351851853 0.33949999999999997 0.42850799305555554 0.35 0.43472468981481477 0.35575 0.4391651875 0.35800000000000004 0.45426287731481485 0.35975
13 0.6460923634259259 0.359 0.6576376550925926 0.35874999999999996 0.664298400462963 0.35675 0.668294849537037 0.35375 0.6736234467592593 0.34600000000000003 0.6736234467592593 0.34025 0.6718472476851851 0.335 0.6647424513888889 0.32875000000000004 0.6531971574074075 0.32675000000000004 0.6478685601851851 0.32675000000000004 0.6372113680555556 0.32875000000000004 0.6283303726851851 0.33299999999999996 0.6238898749999999 0.33875 0.6238898749999999 0.34875 0.6274422731481482 0.35325 0.6341030185185185 0.35725 0.6460923634259259 0.359
13 0.75 0.4125 0.7619893425925925 0.41050000000000003 0.770870337962963 0.401 0.770870337962963 0.3945 0.7677619884259259 0.39025 0.7646536412037037 0.38775000000000004 0.7553285972222222 0.38425000000000004 0.748223800925926 0.38375 0.7335701597222223 0.386 0.7277975138888889 0.389 0.7238010648148148 0.394 0.7238010648148148 0.401 0.7264653634259259 0.40650000000000003 0.7353463587962963 0.41225 0.75 0.4125
13 0.5519538194444444 0.41550000000000004 0.5639431620370371 0.41375 0.5723801064814814 0.41000000000000003 0.5763765532407408 0.40125 0.5754884537037037 0.39475000000000005 0.5732682060185185 0.39149999999999996 0.5643872106481482 0.38625000000000004 0.5537300185185186 0.38475 0.5408525763888888 0.38575000000000004 0.5319715810185185 0.38975000000000004 0.5275310833333333 0.39475000000000005 0.5270870347222222 0.4045 0.5293072824074074 0.408 0.5364120787037037 0.41325 0.5519538194444444 0.41550000000000004
13 0.3587921851851852 0.41525 0.37255772685185184 0.41200000000000003 0.3778863240740741 0.409 0.38143872222222225 0.401 0.37921847222222227 0.39425 0.3690053287037037 0.38825 0.36234458333333336 0.38625000000000004 0.35435168749999996 0.38575000000000004 0.3419182939814815 0.387 0.33436944907407407 0.391 0.3303730023148148 0.396 0.3312611018518518 0.40599999999999997 0.3370337476851852 0.41200000000000003 0.3419182939814815 0.4145 0.3587921851851852 0.41525
13 0.2619893425925926 0.47125 0.2717584375 0.46925 0.28019538194444443 0.466 0.28330372916666663 0.4625 0.2841918287037037 0.45525 0.28285968055555555 0.44975 0.2655417407407408 0.4425 0.2584369444444445 0.4415 0.25133214814814814 0.44199999999999995 0.24067495601851852 0.445 0.23357015972222223 0.45 0.23179396064814814 0.45399999999999996 0.23179396064814814 0.46 0.23357015972222223 0.46325 0.2446714027777778 0.47075 0.2619893425925926 0.47125
13 0.456483125 0.47075 0.4738010648148148 0.46725 0.4786856134259259 0.46299999999999997 0.48134991203703703 0.4565 0.47912966203703705 0.45 0.4746891643518519 0.44525000000000003 0.4666962708333333 0.44199999999999995 0.4595914745370371 0.441 0.44538188194444445 0.44175000000000003 0.43516873842592596 0.44625 0.43072824074074073 0.4515 0.43072824074074073 0.46 0.4356127893518518 0.46575 0.44049733564814814 0.46849999999999997 0.456483125 0.47075
13 0.6456483125 0.46900000000000003 0.6580817060185185 0.46849999999999997 0.6638543518518518 0.467 0.668294849537037 0.464 0.6727353472222222 0.457 0.6727353472222222 0.44899999999999995 0.6714031967592592 0.44625 0.664298400462963 0.44025 0.6523090578703703 0.439 0.6372113680555556 0.44025 0.6287744236111111 0.444 0.624333925925926 0.4505 0.6247779745370371 0.46 0.6296625231481481 0.46499999999999997 0.6358792175925926 0.46775000000000005 0.6456483125 0.46900000000000003
13 0.8268206041666667 0.4655 0.833481349537037 0.46775000000000005 0.8401420949074074 0.46849999999999997 0.8521314398148149 0.46725 0.8614564837962964 0.4625 0.8672291296296296 0.45625 0.8676731782407408 0.45025000000000004 0.8650088819444444 0.44525000000000003 0.8579040856481482 0.44075 0.8459147430555555 0.43925 0.8348135 0.4395 0.8259325046296296 0.44125000000000003 0.8219360578703703 0.4445 0.8197158078703703 0.4495 0.8197158078703703 0.457 0.8223801064814815 0.4625 0.8268206041666667 0.4655
13 0.7335701597222223 0.5217499999999999 0.7539964467592593 0.522 0.7646536412037037 0.51775 0.7695381875 0.51375 0.770870337962963 0.51075 0.7695381875 0.5015 0.7668738888888889 0.498 0.7579928958333333 0.49424999999999997 0.7446714027777778 0.49375 0.7335701597222223 0.4945 0.725577263888889 0.49774999999999997 0.7211367662037037 0.5025000000000001 0.7198046180555556 0.51 0.7215808171296296 0.5155 0.727353462962963 0.51975 0.7335701597222223 0.5217499999999999
13 0.539520425925926 0.52275 0.5484014212962963 0.5237499999999999 0.5608348125 0.52325 0.5697158078703703 0.52075 0.5750444050925926 0.5165 0.5772646527777778 0.51275 0.5772646527777778 0.50725 0.5746003541666667 0.502 0.5652753101851852 0.497 0.5563943171296296 0.4945 0.5466252222222222 0.494 0.5417406759259259 0.495 0.5324156296296296 0.50025 0.5284191828703704 0.50525 0.5275310833333333 0.509 0.5293072824074074 0.5155 0.5324156296296296 0.51925 0.539520425925926 0.52275
13 0.355239787037037 0.526 0.36234458333333336 0.5255 0.3765541736111111 0.5237499999999999 0.38365896990740744 0.51925 0.38454706944444444 0.511 0.38188277083333333 0.50425 0.37744227314814816 0.49974999999999997 0.36989342824074073 0.49725 0.3574600347222222 0.49624999999999997 0.3485790416666667 0.4975 0.3383658958333334 0.5015 0.333925400462963 0.50625 0.333481349537037 0.51575 0.33570159953703704 0.5195 0.3419182939814815 0.52425 0.355239787037037 0.526
13 0.2584369444444445 0.5815 0.27264653703703706 0.58025 0.2797513310185185 0.57875 0.2864120787037037 0.5735 0.2881882777777778 0.56775 0.28507992824074074 0.55925 0.27930728240740743 0.5545 0.27264653703703706 0.5527500000000001 0.2655417407407408 0.55175 0.25133214814814814 0.5525 0.24067495601851852 0.5569999999999999 0.23712255787037037 0.56125 0.23667850694444445 0.571 0.24111900462962962 0.576 0.2482238009259259 0.57975 0.2584369444444445 0.5815
13 0.4547069282407407 0.5792499999999999 0.4626998217592593 0.57875 0.4738010648148148 0.576 0.479573712962963 0.5725 0.48179396064814817 0.56875 0.48179396064814817 0.5605 0.47602131481481486 0.5529999999999999 0.4702486689814815 0.55025 0.4591474236111111 0.54875 0.4431616342592593 0.55075 0.43738898842592594 0.554 0.43294849074074077 0.56025 0.4342806388888889 0.57275 0.437833037037037 0.576 0.4422735347222222 0.57775 0.4547069282407407 0.5792499999999999
13 0.643872113425926 0.57675 0.6567495555555555 0.5765 0.666518650462963 0.57325 0.6727353472222222 0.5680000000000001 0.6745115462962963 0.56075 0.6727353472222222 0.5565 0.668294849537037 0.55175 0.6611900532407406 0.54875 0.6474245115740741 0.5479999999999999 0.6372113680555556 0.54925 0.6296625231481481 0.552 0.6238898749999999 0.5585 0.6234458263888889 0.56425 0.6287744236111111 0.5720000000000001 0.6363232685185186 0.5755 0.643872113425926 0.57675
13 0.8281527523148149 0.5745 0.8365896990740741 0.57575 0.8485790416666666 0.5750000000000001 0.8552397870370371 0.57325 0.8641207824074074 0.56775 0.8663410300925926 0.564 0.8663410300925926 0.55725 0.8592362337962962 0.54975 0.8521314398148149 0.54675 0.8321492013888888 0.54625 0.8210479583333333 0.55025 0.8174955601851851 0.5499999999999999 0.8148312615740742 0.55375 0.8143872106481481 0.561 0.8161634097222221 0.56575 0.8232682060185185 0.5722499999999999 0.8281527523148149 0.5745
13 0.7424511550925926 0.6295000000000001 0.7579928958333333 0.62825 0.7664298402777777 0.6237499999999999 0.7699822384259258 0.6192500000000001 0.770870337962963 0.61275 0.7659857893518519 0.60575 0.7575488449074074 0.6020000000000001 0.7491119004629629 0.601 0.7340142106481481 0.6012500000000001 0.7206927175925926 0.60675 0.7189165185185185 0.6104999999999999 0.7198046180555556 0.6195 0.7322380115740741 0.628 0.7424511550925926 0.6295000000000001
13 0.5461811712962963 0.6305 0.5572824166666667 0.63125 0.5643872106481482 0.63025 0.5741563055555555 0.6265000000000001 0.5781527523148148 0.6232500000000001 0.5794849027777778 0.6155 0.5772646527777778 0.61 0.5701598587962963 0.605 0.5634991111111111 0.603 0.5515097685185185 0.6020000000000001 0.5368561273148148 0.6045 0.5328596805555555 0.608 0.5306394305555555 0.6125 0.5306394305555555 0.6195 0.5333037291666667 0.624 0.5381882777777778 0.62825 0.5461811712962963 0.6305
13 0.3605683842592593 0.6347499999999999 0.37078152777777773 0.6332500000000001 0.3765541736111111 0.6335000000000001 0.3787744236111111 0.6305 0.38321491898148147 0.62875 0.3863232685185185 0.62125 0.38587921759259264 0.6160000000000001 0.37921847222222227 0.6082500000000001 0.3730017754629629 0.6052500000000001 0.355239787037037 0.6045 0.3450266435185185 0.60575 0.34058614583333335 0.6097499999999999 0.3370337476851852 0.61575 0.33747779861111116 0.6267499999999999 0.3419182939814815 0.63025 0.3521314398148148 0.6339999999999999 0.3605683842592593 0.6347499999999999
13 0.456483125 0.6862499999999999 0.4675843703703703 0.6857500000000001 0.4764653634259259 0.68225 0.48179396064814817 0.67825 0.4849023101851852 0.6717500000000001 0.4809058611111111 0.6645000000000001 0.47690941435185186 0.66225 0.4711367662037037 0.66 0.456483125 0.6577500000000001 0.44182948379629633 0.6607500000000001 0.43472468981481477 0.6689999999999999 0.43472468981481477 0.675 0.4387211365740741 0.6799999999999999 0.4476021319444445 0.6845 0.456483125 0.6862499999999999
13 0.6434280648148147 0.684 0.6531971574074075 0.684 0.6638543518518518 0.6817500000000001 0.6709591481481482 0.6785000000000001 0.6767317939814815 0.6715000000000001 0.6758436944444445 0.6649999999999999 0.6714031967592592 0.6595 0.668294849537037 0.6575000000000001 0.6576376550925926 0.656 0.6367673171296296 0.65625 0.6292184722222223 0.66025 0.6261101250000001 0.66575 0.625666074074074 0.6685 0.6292184722222223 0.6759999999999999 0.6363232685185186 0.682 0.6434280648148147 0.684