0 0.4444444444444444 0.4305555555555556 0.4537037037037037 0.4375 0.4583333333333333 0.4444444444444444 0.46064814814814814 0.4583333333333333 0.45601851851851855 0.4675925925925926 0.4444444444444444 0.4791666666666667 0.4236111111111111 0.49074074074074076 0.42824074074074076 0.49537037037037035 0.44675925925925924 0.5046296296296297 0.46064814814814814 0.5185185185185185 0.46064814814814814 0.5231481481481481 0.46296296296296297 0.5254629629629629 0.45601851851851855 0.5439814814814815 0.42824074074074076 0.5625 0.42824074074074076 0.5671296296296297 0.4305555555555556 0.5694444444444444 0.44907407407407407 0.5787037037037037 0.46064814814814814 0.5925925925925926 0.46064814814814814 0.6087962962962963 0.4444444444444444 0.6273148148148148 0.4351851851851852 0.6273148148148148 0.41898148148148145 0.6157407407407407 0.41898148148148145 0.6111111111111112 0.42592592592592593 0.6041666666666666 0.42592592592592593 0.5995370370370371 0.4097222222222222 0.5856481481481481 0.40046296296296297 0.5810185185185185 0.39351851851851855 0.5810185185185185 0.38425925925925924 0.5879629629629629 0.37037037037037035 0.5879629629629629 0.3587962962962963 0.5833333333333334 0.3541666666666667 0.5787037037037037 0.3541666666666667 0.5740740740740741 0.36574074074074076 0.5694444444444444 0.37037037037037035 0.5648148148148148 0.36574074074074076 0.5601851851851852 0.3611111111111111 0.5601851851851852 0.35185185185185186 0.5532407407407407 0.3449074074074074 0.5509259259259259 0.33564814814814814 0.5416666666666666 0.33101851851851855 0.5300925925925926 0.33796296296296297 0.5115740740740741 0.3472222222222222 0.5069444444444444 0.3541666666666667 0.5 0.36342592592592593 0.4976851851851852 0.37037037037037035 0.49074074074074076 0.3611111111111111 0.4837962962962963 0.3541666666666667 0.48148148148148145 0.3587962962962963 0.47453703703703703 0.36342592592592593 0.47453703703703703 0.3726851851851852 0.4675925925925926 0.3819444444444444 0.4675925925925926 0.3912037037037037 0.47453703703703703 0.40046296296296297 0.47685185185185186 0.4050925925925926 0.4722222222222222 0.4166666666666667 0.4675925925925926 0.42592592592592593 0.4583333333333333 0.42592592592592593 0.4513888888888889 0.41898148148148145 0.4444444444444444 0.4351851851851852 0.4305555555555556 0.44212962962962965 0.4305555555555556
11 0.06261101157407407 0.3735 0.05905861342592593 0.3755 0.05905861342592593 0.37725000000000003 0.06172291203703703 0.37925000000000003 0.06616340972222222 0.38725 0.06483126157407407 0.39775 0.05950266435185186 0.403 0.05950266435185186 0.40825 0.05683836574074074 0.41275 0.05905861342592593 0.45775 0.05728241666666666 0.4635 0.05905861342592593 0.48416675 0.05728241666666666 0.4965 0.05905861342592593 0.50695 0.05772646527777778 0.5255 0.05950266435185186 0.6015 0.058170516203703705 0.6122500000000001 0.05994671296296296 0.69125 0.05905861342592593 0.7799999999999999 0.06749556018518518 0.79625 0.0728241574074074 0.79825 0.07415630555555557 0.80025 0.07815275231481482 0.8015 0.08037300231481481 0.8037500000000001 0.09236234490740741 0.8065 0.09857904166666666 0.8112499999999999 0.11056838425925927 0.8130000000000001 0.11589698148148148 0.81475 0.18605683796296296 0.8142499999999999 0.19316163425925925 0.8135 0.35257548842592595 0.8137500000000001 0.36678508101851853 0.8135 0.3730017754629629 0.8115 0.3978685601851852 0.8130000000000001 0.4197748657407407 0.8112499999999999 0.43383659027777777 0.8125 0.4715808171296296 0.8109999999999999 0.4786856134259259 0.8119999999999999 0.4955595023148148 0.81225 0.5035523981481481 0.8107500000000001 0.5777087037037036 0.81175 0.5905861458333334 0.8107500000000001 0.6403197152777778 0.81225 0.6487566597222222 0.8115 0.7793072824074074 0.8115 0.7944049722222223 0.81 0.8063943171296296 0.8112499999999999 0.8632326828703704 0.8107500000000001 0.8734458263888889 0.80925 0.8761101250000001 0.80725 0.8809946712962963 0.8065 0.8943161643518519 0.80725 0.8960923634259259 0.80575 0.9067495555555555 0.8037500000000001 0.9111900532407406 0.8009999999999999 0.9187388981481481 0.8 0.9307282407407407 0.789 0.938277087962963 0.7795000000000001 0.940053287037037 0.761 0.9391651875 0.7375 0.9342806388888889 0.7335 0.9365008888888888 0.73125 0.9360568379629629 0.70925 0.9307282407407407 0.7034999999999999 0.9338365902777779 0.69975 0.9347246898148148 0.6945 0.9311722916666667 0.65975 0.9329484907407407 0.64 0.9316163402777777 0.6365000000000001 0.9258436944444445 0.525 0.9214031967592592 0.5027499999999999 0.9222912962962964 0.487 0.91740675 0.481 0.9214031967592592 0.47450000000000003 0.916962699074074 0.46799999999999997 0.91740675 0.45925 0.9196269976851852 0.4565 0.9196269976851852 0.44549999999999995 0.916962699074074 0.44175000000000003 0.916518650462963 0.43765 0.916962699074074 0.4315 0.9187388981481481 0.429 0.918294849537037 0.41700000000000004 0.9156305509259259 0.41074999999999995 0.9094138541666666 0.40549999999999997 0.9111900532407406 0.4035 0.9147424513888889 0.40399999999999997 0.9160745995370371 0.40075 0.9089698055555556 0.39199999999999996 0.9058614560185185 0.385 0.9098579050925926 0.37241675 0.9147424513888889 0.37 0.916518650462963 0.3665 0.916962699074074 0.34225 0.9147424513888889 0.32075 0.9080817060185185 0.323 0.9009769097222221 0.321 0.8978685601851851 0.3215 0.893872113425926 0.32049999999999995 0.8441385439814815 0.32175000000000004 0.8379218472222222 0.321 0.7682060393518518 0.322 0.7513321481481482 0.32275 0.7468916527777778 0.32399999999999995 0.7411190046296297 0.32325000000000004 0.7100355231481481 0.32325000000000004 0.707371224537037 0.3255 0.6989342800925926 0.32625 0.6931616342592593 0.325 0.6873889884259259 0.3255 0.6811722916666667 0.3245 0.6780639421296297 0.3255 0.6753996458333333 0.3245 0.6727353472222222 0.32525000000000004 0.6634103009259259 0.3245 0.6540852569444445 0.32475 0.6429840138888889 0.3265 0.6070159861111111 0.32725000000000004 0.5883658958333333 0.32625 0.5071047962962963 0.32825 0.5057726458333334 0.32749999999999996 0.49111900462962965 0.327 0.4880106574074074 0.328 0.4729129652777778 0.32875000000000004 0.46936056944444443 0.33025 0.4635879212962963 0.328 0.44804618055555556 0.32675000000000004 0.4431616342592593 0.32775 0.3929840138888889 0.328 0.38454706944444444 0.32975 0.3619005324074074 0.32949999999999996 0.355239787037037 0.3315 0.3485790416666667 0.33075 0.3468028425925926 0.33225000000000005 0.33747779861111116 0.33025 0.31039076388888887 0.3285 0.3028419189814815 0.32925 0.27930728240740743 0.32875000000000004 0.2690941388888889 0.33125 0.2619893425925926 0.32899999999999996 0.1678507986111111 0.32925 0.06394316203703704 0.33125 0.058170516203703705 0.334 0.05284191898148148 0.34450000000000003 0.05239786805555555 0.3675 0.05373001851851852 0.3695 0.06172291203703703 0.37050000000000005 0.06261101157407407 0.3735
12 0.937926287037037 0.32195250000000003 0.036150087962962964 0.32195250000000003 0.036150087962962964 0.3951075 0.937926287037037 0.3951075 0.937926287037037 0.32195250000000003
13 0.3872113680555555 0.43875 0.4005328587962963 0.43849999999999995 0.4080817060185185 0.437 0.4151865 0.43225 0.41740675 0.42925 0.41785079861111113 0.42474999999999996 0.41563055092592593 0.42075 0.40852575462962964 0.41424999999999995 0.4009769097222222 0.4115 0.38765541666666664 0.41200000000000003 0.37966252314814813 0.41400000000000003 0.3743339259259259 0.41700000000000004 0.37078152777777773 0.4215 0.37033747685185187 0.42875 0.37255772685185184 0.43275 0.38010657175925927 0.437 0.3872113680555555 0.43875
13 0.5750444050925926 0.43650000000000005 0.585701599537037 0.43625 0.5950266435185185 0.4335 0.6016873888888888 0.42824999999999996 0.6034635879629631 0.422 0.6021314398148149 0.418 0.5932504444444445 0.41225 0.5848135 0.4095 0.5661634097222222 0.411 0.5581705162037037 0.415 0.5546181180555555 0.42050000000000004 0.5541740671296297 0.42525 0.5603907638888889 0.4325 0.5666074606481482 0.43524999999999997 0.5750444050925926 0.43650000000000005
13 0.6789520416666667 0.48775 0.6856127893518519 0.4865 0.6962699814814814 0.48000000000000004 0.6984902314814815 0.47475 0.6976021319444444 0.46974999999999995 0.6944937824074074 0.4655 0.6860568379629629 0.46175 0.6762877453703703 0.46025 0.6647424513888889 0.46149999999999997 0.6536412083333333 0.466 0.6496447592592594 0.47 0.6492007106481481 0.47425 0.6518650092592593 0.479 0.6656305509259259 0.487 0.6789520416666667 0.48775
13 0.4809058611111111 0.49 0.49467140277777777 0.4895 0.5044404976851852 0.486 0.5102131435185185 0.481 0.5115452939814815 0.47725 0.5084369444444444 0.46925 0.5031083472222222 0.46499999999999997 0.49378330324074077 0.46275 0.4826820601851852 0.46225 0.4738010648148148 0.46425000000000005 0.46802841898148145 0.46675 0.4635879212962963 0.47324999999999995 0.46314387268518514 0.47775 0.46714031944444445 0.484 0.4706927175925926 0.4865 0.4809058611111111 0.49
13 0.30062166898148146 0.49200000000000005 0.3108348125 0.49125 0.3174955601851852 0.48874999999999996 0.3241563055555556 0.4845 0.3277087037037037 0.47775 0.3263765532407408 0.47275 0.3219360578703704 0.46799999999999997 0.31527531018518523 0.46525 0.3086145648148148 0.464 0.30062166898148146 0.464 0.28774422685185186 0.46625 0.28285968055555555 0.46900000000000003 0.2788632337962963 0.475 0.2788632337962963 0.48075 0.28330372916666663 0.48675 0.2873001782407407 0.489 0.30062166898148146 0.49200000000000005
13 0.1993783310185185 0.5445 0.20515097685185182 0.54525 0.21980461805555557 0.54475 0.22957371296296294 0.53975 0.23312611111111112 0.535 0.23357015972222223 0.5287499999999999 0.23134991203703703 0.5237499999999999 0.22424511574074074 0.5187499999999999 0.2140319722222222 0.517 0.20248667824074074 0.5175 0.19138543518518517 0.521 0.18650088888888888 0.5257499999999999 0.18516873842592593 0.5287499999999999 0.18650088888888888 0.5365 0.18916518750000003 0.5395 0.1993783310185185 0.5445
13 0.39342806481481485 0.54275 0.4031971574074074 0.54325 0.4080817060185185 0.54225 0.4187388981481482 0.5365 0.4222912962962963 0.53275 0.4227353472222222 0.52825 0.4196269976851852 0.5225 0.41119005324074076 0.5175 0.4018650092592593 0.515 0.38676731712962964 0.5155 0.37833037268518516 0.519 0.3730017754629629 0.525 0.37255772685185184 0.53 0.3765541736111111 0.536 0.38365896990740744 0.54 0.39342806481481485 0.54275
13 0.5746003541666667 0.53975 0.5888099467592592 0.54 0.5950266435185185 0.539 0.6021314398148149 0.53575 0.604795736111111 0.53325 0.6065719351851853 0.52525 0.6043516875 0.5205 0.6016873888888888 0.5175 0.5919182939814815 0.5145000000000001 0.5861456481481482 0.51375 0.5746003541666667 0.5145000000000001 0.5626110115740741 0.519 0.5590586134259259 0.5237499999999999 0.5586145648148149 0.5287499999999999 0.5612788634259259 0.533 0.5674955601851852 0.5375 0.5746003541666667 0.53975
13 0.7730905856481483 0.53925 0.7828596805555555 0.53775 0.792628775462963 0.53325 0.7952930717592592 0.5295 0.7952930717592592 0.522 0.793516875 0.5187499999999999 0.7793072824074074 0.512 0.770870337962963 0.51125 0.7584369444444445 0.5135 0.749555951388889 0.518 0.7468916527777778 0.52125 0.7477797523148149 0.5307499999999999 0.7548845462962963 0.53575 0.7615452939814815 0.538 0.7730905856481483 0.53925
13 0.6758436944444445 0.594 0.6913854351851852 0.59225 0.7015985787037037 0.5865 0.7038188287037037 0.58225 0.7029307291666667 0.5745 0.6993783310185185 0.57025 0.6887211365740741 0.566 0.6798401412037037 0.56425 0.6714031967592592 0.5652499999999999 0.6611900532407406 0.5695 0.6563055069444445 0.5750000000000001 0.6571936064814815 0.5862499999999999 0.6594138541666666 0.58875 0.668294849537037 0.59275 0.6758436944444445 0.594
13 0.48179396064814817 0.5942500000000001 0.4951154537037037 0.5954999999999999 0.5048845462962963 0.59275 0.5137655416666667 0.5865 0.5155417407407408 0.58 0.5133214930555555 0.5745 0.5079928958333334 0.57025 0.5004440486111111 0.56725 0.4875666064814815 0.56625 0.477353462962963 0.56875 0.4698046180555555 0.573 0.46625221990740745 0.5775 0.4658081712962963 0.582 0.4689165185185185 0.5882499999999999 0.4733570162037037 0.5912499999999999 0.48179396064814817 0.5942500000000001
13 0.29751332175925926 0.59675 0.3108348125 0.597 0.3157193611111111 0.596 0.32460035416666666 0.5915 0.3294849027777778 0.585 0.3294849027777778 0.5812499999999999 0.32460035416666666 0.57375 0.31394316203703704 0.5695 0.3001776203703703 0.569 0.29484902314814815 0.56975 0.2841918287037037 0.57425 0.28063943055555557 0.57875 0.2797513310185185 0.5835 0.28285968055555555 0.58975 0.2886323263888889 0.59375 0.29751332175925926 0.59675
13 0.20248667824074074 0.65125 0.21669627083333334 0.6515 0.22424511574074074 0.6495 0.2282415625 0.6477499999999999 0.2349023101851852 0.6415 0.2353463587962963 0.63425 0.23179396064814814 0.62875 0.22690941435185186 0.62575 0.21714031944444445 0.6230000000000001 0.20959147453703703 0.6230000000000001 0.19760213194444443 0.625 0.19138543518518517 0.628 0.18650088888888888 0.6335000000000001 0.18605683796296296 0.6405000000000001 0.18916518750000003 0.6445 0.19227353472222222 0.6475000000000001 0.20248667824074074 0.65125
13 0.3898756666666667 0.6485 0.39698046296296297 0.64975 0.4076376550925926 0.6487499999999999 0.41829484953703705 0.644 0.42184724768518517 0.63975 0.42184724768518517 0.628 0.41119005324074076 0.6222500000000001 0.4005328587962963 0.6204999999999999 0.3903197152777778 0.6215 0.38143872222222225 0.625 0.376110125 0.6307499999999999 0.3756660740740741 0.637 0.37833037268518516 0.6425 0.38587921759259264 0.6475000000000001 0.3898756666666667 0.6485
13 0.5950266435185185 0.647 0.606127886574074 0.64225 0.6110124328703704 0.63675 0.6114564837962964 0.63 0.6092362337962962 0.6267499999999999 0.6056838356481481 0.6230000000000001 0.5990230902777779 0.62025 0.583037300925926 0.6192500000000001 0.5750444050925926 0.62025 0.5710479583333333 0.6215 0.5657193611111111 0.62525 0.5634991111111111 0.62875 0.5630550625 0.635 0.5666074606481482 0.642 0.5812611018518519 0.647 0.5950266435185185 0.647
13 0.7664298402777777 0.6447499999999999 0.774422736111111 0.646 0.7890763773148147 0.6447499999999999 0.7975133217592593 0.64125 0.8006216689814815 0.638 0.8019538194444444 0.6337499999999999 0.8010657199074074 0.62875 0.7961811712962963 0.622 0.789520425925926 0.619 0.7797513310185186 0.61725 0.7619893425925925 0.619 0.7579928958333333 0.62125 0.7539964467592593 0.6267499999999999 0.7526642986111112 0.63275 0.7548845462962963 0.63825 0.7584369444444445 0.6417499999999999 0.7664298402777777 0.6447499999999999
13 0.6780639421296297 0.70125 0.6856127893518519 0.7015 0.6958259328703704 0.69975 0.7033747777777778 0.6962499999999999 0.7095914745370371 0.6894999999999999 0.7100355231481481 0.68525 0.707815275462963 0.68125 0.7038188287037037 0.67725 0.6962699814814814 0.6735 0.6816163402777777 0.6729999999999999 0.6687388981481481 0.6747500000000001 0.6651865 0.67625 0.6607460046296296 0.6835 0.6603019537037037 0.68975 0.664298400462963 0.69675 0.668294849537037 0.6990000000000001 0.6780639421296297 0.70125
13 0.49866785185185186 0.7032499999999999 0.5048845462962963 0.7020000000000001 0.5142095925925926 0.698 0.5190941388888889 0.693 0.5195381875 0.685 0.516873888888889 0.6805 0.5111012430555556 0.67675 0.5008880995370371 0.67375 0.4822380115740741 0.67425 0.4782415625 0.6755 0.4720248657407407 0.68125 0.4698046180555555 0.6869999999999999 0.4715808171296296 0.69525 0.47424511574074074 0.6985 0.4875666064814815 0.7030000000000001 0.49866785185185186 0.7032499999999999
13 0.29973356944444446 0.7042499999999999 0.3090586134259259 0.7045 0.3174955601851852 0.7034999999999999 0.3250444050925926 0.6995 0.32992895138888884 0.69425 0.3294849027777778 0.6845 0.3263765532407408 0.6805 0.3206039074074074 0.677 0.30461811805555555 0.6747500000000001 0.29706927083333334 0.6755 0.2864120787037037 0.68025 0.28197158101851855 0.6865 0.28197158101851855 0.6932499999999999 0.2837477800925926 0.6962499999999999 0.291296625 0.7015 0.29973356944444446 0.7042499999999999
13 0.3912078148148148 0.757 0.4080817060185185 0.7582500000000001 0.41785079861111113 0.756 0.4227353472222222 0.7525 0.4262877453703704 0.746 0.4262877453703704 0.74 0.42451154629629634 0.73625 0.41829484953703705 0.7302500000000001 0.4045293078703704 0.7284999999999999 0.39165186574074073 0.729 0.3849911180555555 0.73125 0.3787744236111111 0.7375 0.37744227314814816 0.7412500000000001 0.3787744236111111 0.75075 0.3854351689814815 0.7555 0.3912078148148148 0.757
13 0.5794849027777778 0.7557499999999999 0.5879218472222222 0.757 0.5976909421296297 0.75675 0.6092362337962962 0.753 0.6150088819444444 0.7484999999999999 0.6167850810185186 0.744 0.6154529305555556 0.7365 0.6123445833333334 0.7325 0.6016873888888888 0.7277499999999999 0.5936944930555555 0.7270000000000001 0.5777087037037036 0.7284999999999999 0.5701598587962963 0.733 0.5670515092592593 0.737 0.5666074606481482 0.74525 0.5688277083333333 0.7487499999999999 0.5732682060185185 0.7535 0.5794849027777778 0.7557499999999999