4 0.7337962962962963 0.37962962962962965 0.7430555555555556 0.38425925925925924 0.7569444444444444 0.38657407407407407 0.7754629629629629 0.40046296296296297 0.7800925925925926 0.4097222222222222 0.7800925925925926 0.42824074074074076 0.7847222222222222 0.43287037037037035 0.8356481481481481 0.43287037037037035 0.8379629629629629 0.4351851851851852 0.8449074074074074 0.4351851851851852 0.8587962962962963 0.44212962962962965 0.8634259259259259 0.44212962962962965 0.8726851851851852 0.44907407407407407 0.8796296296296297 0.4583333333333333 0.8796296296296297 0.46296296296296297 0.8819444444444444 0.4652777777777778 0.8773148148148148 0.48148148148148145 0.8680555555555556 0.49074074074074076 0.8495370370370371 0.5 0.8287037037037037 0.5023148148148148 0.8263888888888888 0.5046296296296297 0.7893518518518519 0.5046296296296297 0.7847222222222222 0.5069444444444444 0.7824074074074074 0.5092592592592593 0.7847222222222222 0.5231481481481481 0.7824074074074074 0.5254629629629629 0.7800925925925926 0.5370370370370371 0.7615740740740741 0.5509259259259259 0.7569444444444444 0.5509259259259259 0.7476851851851852 0.5555555555555556 0.7384259259259259 0.5555555555555556 0.7361111111111112 0.5578703703703703 0.7175925925925926 0.5578703703703703 0.7175925925925926 0.5416666666666666 0.7337962962962963 0.5370370370370371 0.7407407407407407 0.5300925925925926 0.7430555555555556 0.5254629629629629 0.7430555555555556 0.5115740740740741 0.7384259259259259 0.5069444444444444 0.7175925925925926 0.5069444444444444 0.7175925925925926 0.4861111111111111 0.7384259259259259 0.4861111111111111 0.7407407407407407 0.4837962962962963 0.7407407407407407 0.4537037037037037 0.7384259259259259 0.4513888888888889 0.7152777777777778 0.4513888888888889 0.7152777777777778 0.44675925925925924 0.7175925925925926 0.4444444444444444 0.7152777777777778 0.4398148148148148 0.7199074074074074 0.43287037037037035 0.7245370370370371 0.43287037037037035 0.7268518518518519 0.4305555555555556 0.7384259259259259 0.4305555555555556 0.7407407407407407 0.42592592592592593 0.7384259259259259 0.4236111111111111 0.7384259259259259 0.41435185185185186 0.7337962962962963 0.4074074074074074 0.7199074074074074 0.40046296296296297 0.7083333333333334 0.40046296296296297 0.7129629629629629 0.39351851851851855 0.7129629629629629 0.3819444444444444 0.7152777777777778 0.37962962962962965 0.7314814814814815 0.37962962962962965
8 0.7106481481481481 0.37962962962962965 0.7106481481481481 0.39351851851851855 0.7060185185185185 0.40046296296296297 0.6921296296296297 0.40046296296296297 0.6805555555555556 0.4097222222222222 0.6805555555555556 0.4212962962962963 0.6782407407407407 0.4236111111111111 0.6782407407407407 0.42824074074074076 0.6805555555555556 0.4305555555555556 0.7106481481481481 0.4305555555555556 0.7152777777777778 0.43287037037037035 0.7152777777777778 0.4444444444444444 0.7129629629629629 0.44907407407407407 0.7060185185185185 0.4537037037037037 0.6851851851851852 0.4537037037037037 0.6828703703703703 0.45601851851851855 0.6828703703703703 0.47453703703703703 0.6712962962962963 0.49074074074074076 0.6550925925925926 0.5 0.6481481481481481 0.5 0.6458333333333334 0.5023148148148148 0.6296296296296297 0.5046296296296297 0.6273148148148148 0.5069444444444444 0.5902777777777778 0.5069444444444444 0.5856481481481481 0.5115740740740741 0.5879629629629629 0.5138888888888888 0.5879629629629629 0.5277777777777778 0.5833333333333334 0.5393518518518519 0.5787037037037037 0.5439814814814815 0.5578703703703703 0.5555555555555556 0.5509259259259259 0.5555555555555556 0.5393518518518519 0.5601851851851852 0.5254629629629629 0.5601851851851852 0.5231481481481481 0.5578703703703703 0.5231481481481481 0.5532407407407407 0.5254629629629629 0.5509259259259259 0.5231481481481481 0.5462962962962963 0.5324074074074074 0.5393518518518519 0.5439814814814815 0.5370370370370371 0.5532407407407407 0.5277777777777778 0.5532407407407407 0.5138888888888888 0.5486111111111112 0.5069444444444444 0.5231481481481481 0.5069444444444444 0.5208333333333334 0.5046296296296297 0.5208333333333334 0.49074074074074076 0.5231481481481481 0.48842592592592593 0.5462962962962963 0.48842592592592593 0.5509259259259259 0.4837962962962963 0.5486111111111112 0.4722222222222222 0.5509259259259259 0.4699074074074074 0.5509259259259259 0.46064814814814814 0.5532407407407407 0.45601851851851855 0.5625 0.44675925925925924 0.5856481481481481 0.4351851851851852 0.5995370370370371 0.4351851851851852 0.6018518518518519 0.43287037037037035 0.6365740740740741 0.43287037037037035 0.6435185185185185 0.42824074074074076 0.6435185185185185 0.4236111111111111 0.6412037037037037 0.4212962962962963 0.6435185185185185 0.4050925925925926 0.6574074074074074 0.3912037037037037 0.6712962962962963 0.38425925925925924 0.6851851851851852 0.3819444444444444 0.6875 0.37962962962962965 0.7083333333333334 0.37962962962962965
3 0.5370370370370371 0.3819444444444444 0.5694444444444444 0.39351851851851855 0.5833333333333334 0.4097222222222222 0.5833333333333334 0.4236111111111111 0.5810185185185185 0.42592592592592593 0.5810185185185185 0.4305555555555556 0.5717592592592593 0.4398148148148148 0.5648148148148148 0.4444444444444444 0.5601851851851852 0.4444444444444444 0.5509259259259259 0.4513888888888889 0.5439814814814815 0.4513888888888889 0.5416666666666666 0.4537037037037037 0.5254629629629629 0.4537037037037037 0.5231481481481481 0.45601851851851855 0.49074074074074076 0.45601851851851855 0.48842592592592593 0.4583333333333333 0.48842592592592593 0.4837962962962963 0.49074074074074076 0.48842592592592593 0.4976851851851852 0.4930555555555556 0.5046296296296297 0.48842592592592593 0.5162037037037037 0.48842592592592593 0.5185185185185185 0.49074074074074076 0.5185185185185185 0.5069444444444444 0.5162037037037037 0.5092592592592593 0.5115740740740741 0.5069444444444444 0.5069444444444444 0.5092592592592593 0.49537037037037035 0.5069444444444444 0.49074074074074076 0.5115740740740741 0.49074074074074076 0.5208333333333334 0.48842592592592593 0.5254629629629629 0.5 0.5393518518518519 0.5162037037037037 0.5416666666666666 0.5185185185185185 0.5439814814814815 0.5208333333333334 0.5601851851851852 0.4976851851851852 0.5601851851851852 0.4722222222222222 0.5509259259259259 0.4583333333333333 0.5393518518518519 0.4583333333333333 0.5347222222222222 0.45601851851851855 0.5324074074074074 0.45601851851851855 0.5115740740740741 0.4513888888888889 0.5069444444444444 0.44212962962962965 0.5069444444444444 0.4398148148148148 0.5092592592592593 0.4305555555555556 0.5092592592592593 0.42592592592592593 0.5069444444444444 0.42592592592592593 0.49074074074074076 0.42824074074074076 0.48842592592592593 0.44212962962962965 0.48842592592592593 0.4444444444444444 0.49074074074074076 0.44907407407407407 0.49074074074074076 0.4537037037037037 0.4861111111111111 0.4537037037037037 0.4583333333333333 0.4513888888888889 0.45601851851851855 0.42592592592592593 0.45601851851851855 0.4236111111111111 0.4513888888888889 0.4236111111111111 0.4375 0.42592592592592593 0.4351851851851852 0.4513888888888889 0.4351851851851852 0.4537037037037037 0.43287037037037035 0.4537037037037037 0.41435185185185186 0.45601851851851855 0.41203703703703703 0.45601851851851855 0.4074074074074074 0.4699074074074074 0.39351851851851855 0.4837962962962963 0.38657407407407407 0.4976851851851852 0.38425925925925924 0.5 0.3819444444444444 0.5347222222222222 0.3819444444444444
10 0.23842592592592593 0.4351851851851852 0.24074074074074073 0.4375 0.25462962962962965 0.4375 0.2569444444444444 0.4398148148148148 0.26851851851851855 0.44212962962962965 0.28935185185185186 0.4537037037037037 0.2986111111111111 0.46296296296296297 0.2986111111111111 0.4675925925925926 0.30092592592592593 0.4699074074074074 0.30092592592592593 0.4861111111111111 0.3125 0.49074074074074076 0.31712962962962965 0.48842592592592593 0.3194444444444444 0.49074074074074076 0.3333333333333333 0.49074074074074076 0.33564814814814814 0.48842592592592593 0.3449074074074074 0.49074074074074076 0.3472222222222222 0.48842592592592593 0.3541666666666667 0.48842592592592593 0.35648148148148145 0.4861111111111111 0.35648148148148145 0.46296296296296297 0.37037037037037035 0.44675925925925924 0.37962962962962965 0.44212962962962965 0.38425925925925924 0.44212962962962965 0.39351851851851855 0.4375 0.4027777777777778 0.4375 0.4050925925925926 0.4351851851851852 0.4212962962962963 0.4351851851851852 0.4236111111111111 0.4375 0.4236111111111111 0.44212962962962965 0.4212962962962963 0.4444444444444444 0.4212962962962963 0.4537037037037037 0.4236111111111111 0.45601851851851855 0.4212962962962963 0.4583333333333333 0.4097222222222222 0.4583333333333333 0.4074074074074074 0.46064814814814814 0.4027777777777778 0.46064814814814814 0.39814814814814814 0.46296296296296297 0.39351851851851855 0.4699074074074074 0.39351851851851855 0.4837962962962963 0.39814814814814814 0.48842592592592593 0.4166666666666667 0.48842592592592593 0.41898148148148145 0.4861111111111111 0.4212962962962963 0.48842592592592593 0.4236111111111111 0.4930555555555556 0.4236111111111111 0.5069444444444444 0.41898148148148145 0.5092592592592593 0.39814814814814814 0.5092592592592593 0.3958333333333333 0.5115740740740741 0.3958333333333333 0.5231481481481481 0.39351851851851855 0.5254629629629629 0.35648148148148145 0.5254629629629629 0.35648148148148145 0.5138888888888888 0.35185185185185186 0.5092592592592593 0.3101851851851852 0.5092592592592593 0.30092592592592593 0.5138888888888888 0.30092592592592593 0.5254629629629629 0.2777777777777778 0.5254629629629629 0.27546296296296297 0.5277777777777778 0.26157407407407407 0.5277777777777778 0.25925925925925924 0.5254629629629629 0.25925925925925924 0.5138888888888888 0.25462962962962965 0.5092592592592593 0.2152777777777778 0.5092592592592593 0.21296296296296297 0.5069444444444444 0.2013888888888889 0.5069444444444444 0.19907407407407407 0.5046296296296297 0.1875 0.5023148148148148 0.16898148148148148 0.49074074074074076 0.16203703703703703 0.4791666666666667 0.16203703703703703 0.4652777777777778 0.17824074074074073 0.44675925925925924 0.18287037037037038 0.44675925925925924 0.18981481481481483 0.44212962962962965 0.2037037037037037 0.4398148148148148 0.20601851851851852 0.4375 0.2361111111111111 0.4351851851851852
6 0.26157407407407407 0.5277777777777778 0.30092592592592593 0.5277777777777778 0.3055555555555556 0.5370370370370371 0.3125 0.5439814814814815 0.32175925925925924 0.5439814814814815 0.32407407407407407 0.5462962962962963 0.35185185185185186 0.5439814814814815 0.35648148148148145 0.5393518518518519 0.35648148148148145 0.5277777777777778 0.39351851851851855 0.5277777777777778 0.3958333333333333 0.5300925925925926 0.3958333333333333 0.5416666666666666 0.39814814814814814 0.5439814814814815 0.4166666666666667 0.5439814814814815 0.41898148148148145 0.5462962962962963 0.4212962962962963 0.5439814814814815 0.4236111111111111 0.5462962962962963 0.42824074074074076 0.5439814814814815 0.4375 0.5439814814814815 0.4398148148148148 0.5462962962962963 0.4513888888888889 0.5462962962962963 0.4583333333333333 0.5509259259259259 0.4652777777777778 0.5509259259259259 0.48148148148148145 0.5601851851851852 0.48842592592592593 0.5694444444444444 0.48842592592592593 0.5740740740740741 0.49074074074074076 0.5763888888888888 0.49074074074074076 0.5856481481481481 0.47685185185185186 0.6041666666666666 0.46296296296296297 0.6111111111111112 0.4583333333333333 0.6111111111111112 0.44907407407407407 0.6157407407407407 0.4398148148148148 0.6157407407407407 0.4375 0.6180555555555556 0.40046296296296297 0.6180555555555556 0.39814814814814814 0.6203703703703703 0.39814814814814814 0.6319444444444444 0.3958333333333333 0.6342592592592593 0.37962962962962965 0.6342592592592593 0.3773148148148148 0.6365740740740741 0.3726851851851852 0.6342592592592593 0.37037037037037035 0.6365740740740741 0.3611111111111111 0.6365740740740741 0.35648148148148145 0.6319444444444444 0.3587962962962963 0.6273148148148148 0.3541666666666667 0.6180555555555556 0.3263888888888889 0.6180555555555556 0.32175925925925924 0.6226851851851852 0.3125 0.625 0.30324074074074076 0.6365740740740741 0.2638888888888889 0.6365740740740741 0.26157407407407407 0.6342592592592593 0.2638888888888889 0.6319444444444444 0.2638888888888889 0.6273148148148148 0.2777777777777778 0.6134259259259259 0.2962962962962963 0.6041666666666666 0.30324074074074076 0.6041666666666666 0.3125 0.5995370370370371 0.35185185185185186 0.5995370370370371 0.35648148148148145 0.5972222222222222 0.3587962962962963 0.5949074074074074 0.3587962962962963 0.5717592592592593 0.3541666666666667 0.5648148148148148 0.3194444444444444 0.5648148148148148 0.31712962962962965 0.5625 0.30324074074074076 0.5625 0.30092592592592593 0.5601851851851852 0.28703703703703703 0.5578703703703703 0.2824074074074074 0.5532407407407407 0.2777777777777778 0.5532407407407407 0.2638888888888889 0.5393518518518519 0.26157407407407407 0.5300925925925926
0 0.7152777777777778 0.5416666666666666 0.7152777777777778 0.5601851851851852 0.6898148148148148 0.5601851851851852 0.6851851851851852 0.5648148148148148 0.6851851851851852 0.5879629629629629 0.6736111111111112 0.6018518518518519 0.6574074074074074 0.6111111111111112 0.6435185185185185 0.6134259259259259 0.6412037037037037 0.6157407407407407 0.5949074074074074 0.6157407407407407 0.5902777777777778 0.6203703703703703 0.5902777777777778 0.6319444444444444 0.5856481481481481 0.6319444444444444 0.5833333333333334 0.6342592592592593 0.5578703703703703 0.6342592592592593 0.5532407407407407 0.6296296296296297 0.5532407407407407 0.6203703703703703 0.5486111111111112 0.6157407407407407 0.5138888888888888 0.6157407407407407 0.5115740740740741 0.6180555555555556 0.5069444444444444 0.6180555555555556 0.4930555555555556 0.6342592592592593 0.46064814814814814 0.6342592592592593 0.4583333333333333 0.6319444444444444 0.46064814814814814 0.6226851851851852 0.47453703703703703 0.6087962962962963 0.48148148148148145 0.6041666666666666 0.4861111111111111 0.6041666666666666 0.49537037037037035 0.5995370370370371 0.5046296296296297 0.5995370370370371 0.5069444444444444 0.5972222222222222 0.5231481481481481 0.5972222222222222 0.5254629629629629 0.5949074074074074 0.5439814814814815 0.5949074074074074 0.5486111111111112 0.5972222222222222 0.5532407407407407 0.5925925925925926 0.5532407407407407 0.5694444444444444 0.5648148148148148 0.5555555555555556 0.5717592592592593 0.5532407407407407 0.5810185185185185 0.5462962962962963 0.6041666666666666 0.5439814814814815 0.6064814814814815 0.5416666666666666 0.6388888888888888 0.5416666666666666 0.6435185185185185 0.5393518518518519 0.6458333333333334 0.5370370370370371 0.6458333333333334 0.5162037037037037 0.6481481481481481 0.5115740740740741 0.6550925925925926 0.5046296296296297 0.6759259259259259 0.4930555555555556 0.6851851851851852 0.4930555555555556 0.6875 0.49074074074074076 0.6967592592592593 0.49074074074074076 0.6990740740740741 0.48842592592592593 0.7152777777777778 0.48842592592592593 0.7152777777777778 0.5023148148148148 0.7129629629629629 0.5069444444444444 0.7013888888888888 0.5069444444444444 0.6921296296296297 0.5115740740740741 0.6828703703703703 0.5231481481481481 0.6828703703703703 0.5300925925925926 0.6898148148148148 0.5416666666666666 0.7129629629629629 0.5416666666666666
9 0.5879629629629629 0.6342592592592593 0.5925925925925926 0.6365740740740741 0.5925925925925926 0.6481481481481481 0.5972222222222222 0.6527777777777778 0.6018518518518519 0.6527777777777778 0.6041666666666666 0.6504629629629629 0.6087962962962963 0.6527777777777778 0.6435185185185185 0.6527777777777778 0.6527777777777778 0.6574074074074074 0.6597222222222222 0.6574074074074074 0.6736111111111112 0.6643518518518519 0.6828703703703703 0.6712962962962963 0.6921296296296297 0.6851851851851852 0.6921296296296297 0.7013888888888888 0.6898148148148148 0.7060185185185185 0.6712962962962963 0.7222222222222222 0.6666666666666666 0.7222222222222222 0.6574074074074074 0.7268518518518519 0.6342592592592593 0.7291666666666666 0.6319444444444444 0.7314814814814815 0.6018518518518519 0.7291666666666666 0.5995370370370371 0.7268518518518519 0.5925925925925926 0.7268518518518519 0.5856481481481481 0.7222222222222222 0.5810185185185185 0.7222222222222222 0.5671296296296297 0.7129629629629629 0.5578703703703703 0.6967592592592593 0.5555555555555556 0.6759259259259259 0.5532407407407407 0.6736111111111112 0.5092592592592593 0.6736111111111112 0.5069444444444444 0.6712962962962963 0.48842592592592593 0.6689814814814815 0.4791666666666667 0.6643518518518519 0.4652777777777778 0.6527777777777778 0.46064814814814814 0.6435185185185185 0.46064814814814814 0.6388888888888888 0.4837962962962963 0.6388888888888888 0.4861111111111111 0.6365740740740741 0.49537037037037035 0.6365740740740741 0.4976851851851852 0.6412037037037037 0.5115740740740741 0.6527777777777778 0.5208333333333334 0.6527777777777778 0.5231481481481481 0.6550925925925926 0.5254629629629629 0.6527777777777778 0.5277777777777778 0.6550925925925926 0.5324074074074074 0.6527777777777778 0.5486111111111112 0.6527777777777778 0.5509259259259259 0.6550925925925926 0.5555555555555556 0.6504629629629629 0.5555555555555556 0.6435185185185185 0.5532407407407407 0.6412037037037037 0.5555555555555556 0.6365740740740741 0.5856481481481481 0.6365740740740741
11 0.07948490277777777 0.78925 0.07815275231481482 0.79325 0.08126110185185186 0.7967500000000001 0.10213143981481482 0.7975 0.11989342824074074 0.7967500000000001 0.12300177546296297 0.7975 0.13010657175925924 0.7969999999999999 0.1327708703703704 0.795 0.14165186574074073 0.79475 0.14387211342592593 0.7969999999999999 0.14520426388888888 0.796 0.28285968055555555 0.79475 0.293516875 0.7935 0.3037300185185185 0.7939999999999999 0.3059502662037037 0.79225 0.3108348125 0.7927500000000001 0.3160155416666666 0.7915 0.3210479583333334 0.7915 0.32326820601851847 0.7925 0.33570159953703704 0.792 0.3472468912037037 0.7935 0.3592362337962963 0.7927500000000001 0.3627886319444445 0.79425 0.36989342824074073 0.793 0.3730017754629629 0.79375 0.4023090578703704 0.7939999999999999 0.4147424513888889 0.7927500000000001 0.41918294907407405 0.7939999999999999 0.4258436944444444 0.7927500000000001 0.44804618055555556 0.79325 0.4538188287037037 0.7925 0.456483125 0.7935 0.4591474236111111 0.7915 0.4613676736111111 0.7915 0.477353462962963 0.79425 0.4915630555555556 0.7927500000000001 0.5 0.79325 0.5088809953703703 0.79225 0.5119893425925925 0.79325 0.522646537037037 0.793 0.5328596805555555 0.79175 0.5364120787037037 0.79175 0.539520425925926 0.793 0.542628775462963 0.792 0.5461811712962963 0.79325 0.564831261574074 0.79175 0.5674955601851852 0.7935 0.5714920069444445 0.79225 0.5741563055555555 0.79325 0.5919182939814815 0.79225 0.5990230902777779 0.7935 0.606127886574074 0.79225 0.6087921851851852 0.79325 0.6234458263888889 0.7935 0.6278863240740741 0.79225 0.6327708703703704 0.79325 0.6483126111111112 0.79225 0.7446714027777778 0.7925 0.7513321481481482 0.7909999999999999 0.7544404976851852 0.79175 0.7579928958333333 0.7909999999999999 0.7739786851851852 0.79125 0.7788632337962963 0.7899999999999999 0.7824156296296296 0.7909999999999999 0.8192717592592593 0.7902499999999999 0.8237122546296297 0.7909999999999999 0.8805506226851852 0.79125 0.9014209583333334 0.7905 0.9045293078703703 0.78925 0.9222912962962964 0.7909999999999999 0.9249555949074074 0.7897500000000001 0.9302841921296297 0.7899999999999999 0.9360568379629629 0.7869999999999999 0.9387211365740741 0.78925 0.9458259328703704 0.7895000000000001 0.9498223796296296 0.7909999999999999 0.9702486689814814 0.7905 0.975577263888889 0.7835 0.9809058611111111 0.78375 0.9822380115740741 0.7829999999999999 0.9849023101851851 0.7792500000000001 0.9844582592592593 0.775 0.9871225578703703 0.7725000000000001 0.9831261111111111 0.76875 0.9853463587962963 0.765 0.9835701597222223 0.76325 0.9738010648148148 0.7160000000000001 0.9777975138888889 0.7075 0.975577263888889 0.7034999999999999 0.9782415624999999 0.69375 0.9777975138888889 0.6777500000000001 0.9760213148148148 0.671125 0.977353462962963 0.6635 0.9738010648148148 0.6064999999999999 0.9715808171296296 0.6024999999999999 0.9724689166666667 0.579 0.9671403194444445 0.4905 0.9640319722222223 0.4785 0.9640319722222223 0.4565 0.9622557731481481 0.45325 0.9635879212962963 0.43825000000000003 0.960479574074074 0.4015 0.9600355231481481 0.36424999999999996 0.9547069282407408 0.35625 0.9569271759259259 0.349 0.9569271759259259 0.34149999999999997 0.9560390763888889 0.337 0.9542628773148147 0.33575000000000005 0.9533747777777778 0.32125 0.9498223796296296 0.31425 0.9440497337962962 0.31224999999999997 0.9422735347222222 0.30725 0.937833037037037 0.30625 0.9365008888888888 0.30375 0.9342806388888889 0.3035 0.9293960925925927 0.30025 0.9231793958333333 0.29974999999999996 0.918294849537037 0.29824999999999996 0.9178507986111112 0.29675 0.9120781527777778 0.295 0.9040852569444445 0.29425 0.9014209583333334 0.29275 0.8867673171296296 0.29225 0.8832149189814814 0.29375 0.873001775462963 0.29225 0.8690053287037037 0.29375 0.8663410300925926 0.29275 0.8450266435185185 0.2925 0.8401420949074074 0.29325 0.8383658958333333 0.2925 0.8241563055555555 0.29225 0.7406749560185185 0.29275 0.7202486689814814 0.2935 0.7069271759259259 0.29550000000000004 0.6563055069444445 0.29475 0.6443161643518519 0.29625 0.6141207824074074 0.29525 0.6092362337962962 0.29625 0.5928063935185185 0.2965 0.4600355231481481 0.29675 0.15408525694444444 0.3015 0.11900532870370371 0.3055 0.11323268287037037 0.307 0.10079928935185185 0.3145 0.09547069212962962 0.31425 0.0896980462962963 0.322 0.08170515046296296 0.328 0.07815275231481482 0.36224999999999996 0.07992895138888889 0.388 0.07770870370370371 0.39375 0.0754884537037037 0.77 0.07371225462962963 0.7765 0.07770870370370371 0.782 0.07948490277777777 0.78925
12 1 0.7274299999999999 0.05559502777777778 0.7274299999999999 0.05559502777777778 0.78991 1 0.78991 1 0.7274299999999999
13 0.4138543518518518 0.38125 0.42184724768518517 0.38225000000000003 0.4320603912037037 0.38025 0.43738898842592594 0.37775 0.44360568287037033 0.37175 0.4449378333333333 0.36574999999999996 0.4431616342592593 0.36125 0.440053287037037 0.35725 0.4311722916666667 0.352 0.41829484953703705 0.35100000000000003 0.40896980555555557 0.35225 0.4018650092592593 0.35575 0.3960923634259259 0.362 0.39564831250000004 0.36825 0.3978685601851852 0.37375 0.4014209583333333 0.377 0.4138543518518518 0.38125
13 0.6056838356481481 0.379 0.6167850810185186 0.38 0.6309946712962963 0.3745 0.6349911180555556 0.36724999999999997 0.6341030185185185 0.35874999999999996 0.6274422731481482 0.35150000000000003 0.623001775462963 0.34975 0.6158969814814815 0.34800000000000003 0.5954706921296297 0.3505 0.5905861458333334 0.35225 0.5843694490740741 0.359 0.5852575486111111 0.36724999999999997 0.5910301944444444 0.3745 0.5950266435185185 0.37675 0.6056838356481481 0.379
13 0.7095914745370371 0.42950000000000005 0.7220248657407408 0.42875 0.7277975138888889 0.42600000000000005 0.7344582592592593 0.41975 0.7349023101851851 0.41475 0.7304618125 0.40775 0.7264653634259259 0.40525000000000005 0.7153641203703704 0.40225 0.7038188287037037 0.40275 0.6891651875 0.40975 0.6873889884259259 0.4125 0.688277087962963 0.42124999999999996 0.6918294837962963 0.42600000000000005 0.6967140324074074 0.4285 0.7095914745370371 0.42950000000000005
13 0.5111012430555556 0.4325 0.5222024861111111 0.43275 0.5275310833333333 0.43174999999999997 0.542184724537037 0.42575 0.5461811712962963 0.42175 0.5466252222222222 0.41700000000000004 0.542184724537037 0.41125 0.5359680277777777 0.40675 0.5279751342592592 0.4045 0.5102131435185185 0.4045 0.501776199074074 0.40700000000000003 0.49467140277777777 0.4115 0.49333925462962963 0.41575 0.4973357013888889 0.4265 0.5044404976851852 0.43075 0.5111012430555556 0.4325
13 0.33969804629629635 0.43300000000000005 0.3472468912037037 0.4285 0.3499111898148148 0.4255 0.35124334027777776 0.42175 0.3499111898148148 0.41575 0.34280639351851855 0.40975 0.33570159953703704 0.40650000000000003 0.31394316203703704 0.4075 0.3059502662037037 0.413 0.3023978680555555 0.418 0.3037300185185185 0.42600000000000005 0.3134991111111111 0.43275 0.32460035416666666 0.43575 0.33969804629629635 0.43300000000000005
13 0.21669627083333334 0.48625 0.22646536342592594 0.48850000000000005 0.24511545370370372 0.48775 0.2522202476851852 0.48625 0.25532859722222223 0.48150000000000004 0.2562166967592593 0.46950000000000003 0.2526642986111111 0.4635 0.24733570138888888 0.4605 0.24156305555555554 0.45875 0.22602131481481483 0.45975 0.2158081712962963 0.4625 0.21047957407407408 0.46649999999999997 0.2069271759259259 0.47025 0.20737122453703702 0.47775 0.2109236226851852 0.48225 0.21669627083333334 0.48625
13 0.41207815277777776 0.4845 0.42406749537037036 0.48625 0.43072824074074073 0.48574999999999996 0.44049733564814814 0.48225 0.44582593287037037 0.4785 0.4471580810185185 0.4735 0.4440497337962963 0.46625 0.4409413865740741 0.46325 0.43383659027777777 0.45975 0.42184724768518517 0.45799999999999996 0.41119005324074076 0.46025 0.4040852569444444 0.46325 0.4018650092592593 0.46675 0.4005328587962963 0.47075 0.4027531087962963 0.47825 0.4049733564814815 0.481 0.41207815277777776 0.4845
13 0.6074600347222222 0.4845 0.625666074074074 0.484 0.6345470694444444 0.48075 0.6380994675925926 0.47674999999999995 0.6394316157407408 0.467 0.6345470694444444 0.46125 0.6296625231481481 0.45825 0.623001775462963 0.45625 0.6114564837962964 0.45625 0.6012433402777778 0.45875 0.5932504444444445 0.46449999999999997 0.5910301944444444 0.47100000000000003 0.5932504444444445 0.477 0.5990230902777779 0.48325 0.6074600347222222 0.4845
13 0.8179396087962963 0.48374999999999996 0.8254884537037037 0.48150000000000004 0.8303730023148148 0.47825 0.8339254004629629 0.47225 0.833037300925926 0.46425000000000005 0.8268206041666667 0.45749999999999996 0.8210479583333333 0.45475 0.809058613425926 0.45275 0.7961811712962963 0.45249999999999996 0.7873001782407407 0.4535 0.7850799282407408 0.455 0.7859680277777777 0.48125 0.7917406759259259 0.48275 0.8108348125 0.484 0.8179396087962963 0.48374999999999996
13 0.7166962708333334 0.53825 0.7304618125 0.5345 0.7371225578703703 0.5287499999999999 0.7371225578703703 0.52025 0.7344582592592593 0.5155 0.7309058611111111 0.5115 0.7220248657407408 0.5085 0.7135879212962963 0.508 0.6980461805555556 0.51225 0.6936056828703704 0.5155 0.6913854351851852 0.522 0.6918294837962963 0.53 0.6953818819444444 0.53575 0.6984902314814815 0.5367500000000001 0.7166962708333334 0.53825
13 0.522646537037037 0.54025 0.5381882777777778 0.537 0.5444049722222223 0.53325 0.5470692708333333 0.5285000000000001 0.5466252222222222 0.52225 0.5399644768518519 0.5155 0.5293072824074074 0.5115 0.5222024861111111 0.51025 0.5124333935185186 0.5115 0.5048845462962963 0.5145000000000001 0.49955595138888886 0.5195 0.499111900462963 0.52925 0.501776199074074 0.53325 0.5088809953703703 0.53775 0.522646537037037 0.54025
13 0.31394316203703704 0.53975 0.3272646527777778 0.54125 0.3401420949074074 0.54025 0.35257548842592595 0.5325 0.355239787037037 0.526 0.3521314398148148 0.52075 0.3445825925925926 0.51475 0.33214920138888887 0.51275 0.31527531018518523 0.514 0.30817051620370367 0.5195 0.3050621666666667 0.526 0.30950266435185186 0.533 0.309946712962963 0.5367500000000001 0.31394316203703704 0.53975
13 0.22735346296296297 0.5982500000000001 0.2349023101851852 0.5982500000000001 0.24555950231481483 0.59625 0.2526642986111111 0.59275 0.2571047962962963 0.5882499999999999 0.2593250439814815 0.5812499999999999 0.2557726458333333 0.57525 0.2522202476851852 0.5722499999999999 0.24378330324074074 0.56875 0.2309058611111111 0.5675 0.22380106481481482 0.5685 0.2144760208333333 0.57125 0.20959147453703703 0.57425 0.20737122453703702 0.57775 0.2069271759259259 0.5855 0.21181172222222222 0.592 0.21714031944444445 0.5957499999999999 0.22735346296296297 0.5982500000000001
13 0.4325044398148148 0.5952500000000001 0.440053287037037 0.5935 0.4484902314814815 0.5885 0.45337477777777774 0.58175 0.45293072916666666 0.57775 0.44937833101851854 0.573 0.4422735347222222 0.569 0.43072824074074073 0.5655 0.42095914814814817 0.5650000000000001 0.41119005324074076 0.567 0.4049733564814815 0.5695 0.4023090578703704 0.57425 0.4027531087962963 0.5862499999999999 0.40941385416666665 0.59225 0.41829484953703705 0.5945 0.4325044398148148 0.5952500000000001
13 0.626998224537037 0.5945 0.6332149189814814 0.593 0.6412078148148148 0.5885 0.645204263888889 0.5845 0.6465364120370369 0.58175 0.645204263888889 0.57125 0.6372113680555556 0.56425 0.6349911180555556 0.5650000000000001 0.6198934282407408 0.56175 0.6127886319444444 0.56225 0.6007992893518519 0.5655 0.5910301944444444 0.57375 0.5914742453703704 0.58725 0.5954706921296297 0.5925 0.6158969814814815 0.5950000000000001 0.626998224537037 0.5945
13 0.8095026643518518 0.593 0.8246003541666667 0.59225 0.8343694490740741 0.58725 0.8383658958333333 0.5835 0.8396980462962963 0.5755 0.8370337476851851 0.571 0.8303730023148148 0.56625 0.8210479583333333 0.5625 0.8063943171296296 0.56225 0.8010657199074074 0.56325 0.7917406759259259 0.567 0.7873001782407407 0.57125 0.7864120787037037 0.57525 0.789520425925926 0.585 0.8041740671296296 0.59225 0.8095026643518518 0.593
13 0.706483125 0.6477499999999999 0.7158081712962963 0.649 0.7277975138888889 0.6479999999999999 0.7366785069444445 0.6445 0.7424511550925926 0.6405000000000001 0.7446714027777778 0.6355 0.7446714027777778 0.62975 0.7424511550925926 0.62575 0.7366785069444445 0.621 0.729129662037037 0.6185 0.7158081712962963 0.61775 0.7060390763888889 0.61875 0.6953818819444444 0.6232500000000001 0.6913854351851852 0.62725 0.690053287037037 0.63025 0.6940497337962962 0.63925 0.7015985787037037 0.6455 0.706483125 0.6477499999999999
13 0.5119893425925925 0.6455 0.5266429837962963 0.6485 0.5364120787037037 0.6472500000000001 0.543516875 0.6445 0.5492895208333333 0.637 0.5501776203703703 0.63275 0.5475133217592593 0.6265000000000001 0.539520425925926 0.6204999999999999 0.5253108356481482 0.618 0.5155417407407408 0.61825 0.5079928958333334 0.62025 0.5 0.62725 0.49866785185185186 0.6335000000000001 0.5004440486111111 0.6365000000000001 0.5044404976851852 0.6409999999999999 0.5119893425925925 0.6455
13 0.32460035416666666 0.6517499999999999 0.333925400462963 0.65125 0.3481349907407407 0.6479999999999999 0.35301953703703703 0.6445 0.3570159861111111 0.63725 0.35435168749999996 0.6295000000000001 0.35257548842592595 0.6262500000000001 0.3441385439814815 0.622 0.33214920138888887 0.62025 0.3210479583333334 0.621 0.3134991111111111 0.624 0.3086145648148148 0.62975 0.3050621666666667 0.6375 0.31039076388888887 0.6455 0.31660746064814815 0.6495 0.32460035416666666 0.6517499999999999
13 0.4249555949074074 0.7055 0.43516873842592596 0.70525 0.44804618055555556 0.70125 0.45204262962962966 0.6972499999999999 0.45337477777777774 0.6894999999999999 0.45115453009259254 0.6845 0.44582593287037037 0.6799999999999999 0.4391651875 0.6775 0.4356127893518518 0.6775 0.4289520416666666 0.6755 0.42184724768518517 0.6755 0.4147424513888889 0.67725 0.40630550694444445 0.68275 0.4045293078703704 0.68525 0.4058614560185185 0.6975 0.41252220138888884 0.7034999999999999 0.4249555949074074 0.7055
13 0.6034635879629631 0.6995 0.6096802847222222 0.7030000000000001 0.6252220254629629 0.7060000000000001 0.6336589699074074 0.70525 0.643872113425926 0.70175 0.6474245115740741 0.6990000000000001 0.6523090578703703 0.69075 0.6514209583333334 0.6857500000000001 0.6474245115740741 0.68125 0.6407637662037038 0.67825 0.6301065717592592 0.6755 0.6021314398148149 0.677 0.5999111898148148 0.6785000000000001 0.6012433402777778 0.6795 0.6003552407407406 0.694 0.6034635879629631 0.6995