0 0.32175925925925924 0.32175925925925924 0.32407407407407407 0.3194444444444444 0.3449074074074074 0.3194444444444444 0.3472222222222222 0.32175925925925924 0.35648148148148145 0.32175925925925924 0.37037037037037035 0.3287037037037037 0.375 0.3287037037037037 0.3819444444444444 0.3333333333333333 0.3958333333333333 0.34953703703703703 0.39814814814814814 0.37037037037037035 0.4027777777777778 0.375 0.4513888888888889 0.375 0.46064814814814814 0.37962962962962965 0.4675925925925926 0.37962962962962965 0.4861111111111111 0.3888888888888889 0.4976851851851852 0.4027777777777778 0.4976851851851852 0.4074074074074074 0.5 0.4097222222222222 0.5 0.42592592592592593 0.5046296296296297 0.4305555555555556 0.5532407407407407 0.4305555555555556 0.5555555555555556 0.43287037037037035 0.5625 0.43287037037037035 0.5694444444444444 0.4375 0.5740740740740741 0.4375 0.5925925925925926 0.44907407407407407 0.5995370370370371 0.46296296296296297 0.5972222222222222 0.4675925925925926 0.5694444444444444 0.4675925925925926 0.5671296296296297 0.4652777777777778 0.5601851851851852 0.4652777777777778 0.5509259259259259 0.4537037037037037 0.5393518518518519 0.4513888888888889 0.5370370370370371 0.44907407407407407 0.5162037037037037 0.44907407407407407 0.5138888888888888 0.4513888888888889 0.5046296296296297 0.4513888888888889 0.5023148148148148 0.4537037037037037 0.5023148148148148 0.4652777777777778 0.5 0.4675925925925926 0.4652777777777778 0.4675925925925926 0.4652777777777778 0.4583333333333333 0.46064814814814814 0.4513888888888889 0.4166666666666667 0.4513888888888889 0.41435185185185186 0.44907407407407407 0.4050925925925926 0.44907407407407407 0.4027777777777778 0.44675925925925924 0.38425925925925924 0.44212962962962965 0.3680555555555556 0.42824074074074076 0.36342592592592593 0.41898148148148145 0.3611111111111111 0.40046296296296297 0.3587962962962963 0.39814814814814814 0.33796296296296297 0.39814814814814814 0.33564814814814814 0.3958333333333333 0.33101851851851855 0.3958333333333333 0.3287037037037037 0.3912037037037037 0.3287037037037037 0.3773148148148148 0.33101851851851855 0.375 0.35648148148148145 0.375 0.3611111111111111 0.3680555555555556 0.3587962962962963 0.36574074074074076 0.3587962962962963 0.3541666666666667 0.35185185185185186 0.3472222222222222 0.3472222222222222 0.3472222222222222 0.3449074074074074 0.3449074074074074 0.3333333333333333 0.3449074074074074 0.3263888888888889 0.3402777777777778 0.32407407407407407 0.33564814814814814 0.32407407407407407 0.32407407407407407
1 0.31712962962962965 0.3194444444444444 0.3194444444444444 0.32175925925925924 0.32175925925925924 0.33796296296296297 0.31712962962962965 0.3449074074074074 0.3055555555555556 0.3472222222222222 0.2962962962962963 0.35648148148148145 0.29398148148148145 0.3611111111111111 0.29398148148148145 0.37037037037037035 0.2986111111111111 0.375 0.3194444444444444 0.375 0.32407407407407407 0.37962962962962965 0.32407407407407407 0.39814814814814814 0.30324074074074076 0.39814814814814814 0.2962962962962963 0.4027777777777778 0.2962962962962963 0.4097222222222222 0.2986111111111111 0.41203703703703703 0.2986111111111111 0.42824074074074076 0.30092592592592593 0.43287037037037035 0.30324074074074076 0.4351851851851852 0.3541666666666667 0.4351851851851852 0.35648148148148145 0.4375 0.36574074074074076 0.4375 0.38425925925925924 0.44675925925925924 0.39814814814814814 0.46064814814814814 0.40046296296296297 0.4699074074074074 0.3611111111111111 0.4699074074074074 0.3611111111111111 0.4675925925925926 0.35185185185185186 0.4583333333333333 0.3425925925925926 0.4537037037037037 0.3101851851851852 0.4537037037037037 0.30092592592592593 0.46064814814814814 0.30092592592592593 0.4699074074074074 0.2986111111111111 0.4722222222222222 0.26157407407407407 0.4722222222222222 0.26157407407407407 0.46296296296296297 0.25925925925925924 0.4583333333333333 0.2523148148148148 0.4537037037037037 0.25 0.45601851851851855 0.2152777777777778 0.45601851851851855 0.21296296296296297 0.4537037037037037 0.2013888888888889 0.4537037037037037 0.19907407407407407 0.4513888888888889 0.18055555555555555 0.44675925925925924 0.16203703703703703 0.4351851851851852 0.1550925925925926 0.4236111111111111 0.1527777777777778 0.41435185185185186 0.1574074074074074 0.4027777777777778 0.16898148148148148 0.3912037037037037 0.18287037037037038 0.38425925925925924 0.1875 0.38425925925925924 0.19675925925925927 0.37962962962962965 0.25 0.3773148148148148 0.25462962962962965 0.3726851851851852 0.2523148148148148 0.3541666666666667 0.25462962962962965 0.35185185185185186 0.25462962962962965 0.3472222222222222 0.2638888888888889 0.33564814814814814 0.2847222222222222 0.32407407407407407 0.3148148148148148 0.3194444444444444
3 0.26157407407407407 0.47453703703703703 0.30092592592592593 0.47453703703703703 0.30324074074074076 0.47685185185185186 0.30324074074074076 0.48842592592592593 0.3055555555555556 0.49074074074074076 0.3402777777777778 0.49074074074074076 0.3425925925925926 0.48842592592592593 0.35185185185185186 0.48842592592592593 0.35648148148148145 0.49074074074074076 0.36574074074074076 0.4837962962962963 0.36342592592592593 0.4791666666666667 0.36342592592592593 0.47453703703703703 0.36574074074074076 0.4722222222222222 0.40046296296296297 0.4722222222222222 0.4027777777777778 0.47453703703703703 0.4027777777777778 0.4861111111111111 0.4050925925925926 0.48842592592592593 0.4351851851851852 0.48842592592592593 0.4375 0.49074074074074076 0.4583333333333333 0.49074074074074076 0.46064814814814814 0.4930555555555556 0.4675925925925926 0.4930555555555556 0.4837962962962963 0.5 0.4976851851851852 0.5115740740740741 0.4976851851851852 0.5162037037037037 0.5 0.5185185185185185 0.5 0.5254629629629629 0.47685185185185186 0.5277777777777778 0.47453703703703703 0.5254629629629629 0.4652777777777778 0.5254629629629629 0.45601851851851855 0.5138888888888888 0.4398148148148148 0.5069444444444444 0.4351851851851852 0.5092592592592593 0.43287037037037035 0.5069444444444444 0.4305555555555556 0.5092592592592593 0.4074074074074074 0.5069444444444444 0.4027777777777778 0.5115740740740741 0.4050925925925926 0.5231481481481481 0.40046296296296297 0.5277777777777778 0.37037037037037035 0.5277777777777778 0.36574074074074076 0.5254629629629629 0.36574074074074076 0.5138888888888888 0.3611111111111111 0.5092592592592593 0.33101851851851855 0.5092592592592593 0.3287037037037037 0.5115740740740741 0.3194444444444444 0.5115740740740741 0.31712962962962965 0.5092592592592593 0.3148148148148148 0.5115740740740741 0.30787037037037035 0.5115740740740741 0.30324074074074076 0.5162037037037037 0.3055555555555556 0.5208333333333334 0.3055555555555556 0.5324074074074074 0.30324074074074076 0.5347222222222222 0.30324074074074076 0.5393518518518519 0.2962962962962963 0.5486111111111112 0.28703703703703703 0.5555555555555556 0.2708333333333333 0.5625 0.2523148148148148 0.5648148148148148 0.25 0.5671296296296297 0.21064814814814814 0.5671296296296297 0.20833333333333334 0.5648148148148148 0.19907407407407407 0.5648148148148148 0.1875 0.5578703703703703 0.18287037037037038 0.5578703703703703 0.16435185185185186 0.5416666666666666 0.16203703703703703 0.5370370370370371 0.16203703703703703 0.5208333333333334 0.16435185185185186 0.5162037037037037 0.18518518518518517 0.5 0.18981481481481483 0.5 0.19907407407407407 0.49537037037037035 0.2199074074074074 0.4930555555555556 0.2222222222222222 0.49074074074074076 0.25925925925925924 0.49074074074074076 0.26157407407407407 0.48842592592592593 0.26157407407407407 0.47685185185185186
2 0.6597222222222222 0.5254629629629629 0.7013888888888888 0.5254629629629629 0.7037037037037037 0.5300925925925926 0.6967592592592593 0.5439814814814815 0.6875 0.5509259259259259 0.6689814814814815 0.5601851851851852 0.6620370370370371 0.5601851851851852 0.6597222222222222 0.5625 0.6458333333333334 0.5625 0.6435185185185185 0.5648148148148148 0.6087962962962963 0.5648148148148148 0.6064814814814815 0.5671296296296297 0.6064814814814815 0.5810185185185185 0.5717592592592593 0.5810185185185185 0.5671296296296297 0.5787037037037037 0.5671296296296297 0.5717592592592593 0.5578703703703703 0.5648148148148148 0.5532407407407407 0.5648148148148148 0.5509259259259259 0.5671296296296297 0.5416666666666666 0.5671296296296297 0.5393518518518519 0.5648148148148148 0.5347222222222222 0.5671296296296297 0.5300925925925926 0.5648148148148148 0.5254629629629629 0.5671296296296297 0.5138888888888888 0.5671296296296297 0.5115740740740741 0.5648148148148148 0.5069444444444444 0.5694444444444444 0.5069444444444444 0.5810185185185185 0.5046296296296297 0.5833333333333334 0.4699074074074074 0.5833333333333334 0.4675925925925926 0.5787037037037037 0.4675925925925926 0.5694444444444444 0.46296296296296297 0.5648148148148148 0.45601851851851855 0.5648148148148148 0.4537037037037037 0.5671296296296297 0.42592592592592593 0.5671296296296297 0.4236111111111111 0.5648148148148148 0.41203703703703703 0.5648148148148148 0.4097222222222222 0.5625 0.3912037037037037 0.5578703703703703 0.3726851851851852 0.5439814814814815 0.3680555555555556 0.5324074074074074 0.3680555555555556 0.5300925925925926 0.3726851851851852 0.5277777777777778 0.37962962962962965 0.5277777777777778 0.3819444444444444 0.5300925925925926 0.38657407407407407 0.5300925925925926 0.3888888888888889 0.5277777777777778 0.4050925925925926 0.5277777777777778 0.4097222222222222 0.5347222222222222 0.4212962962962963 0.5439814814814815 0.42592592592592593 0.5439814814814815 0.42824074074074076 0.5462962962962963 0.46064814814814814 0.5462962962962963 0.4652777777777778 0.5416666666666666 0.4675925925925926 0.5277777777777778 0.5023148148148148 0.5277777777777778 0.5046296296296297 0.5300925925925926 0.5046296296296297 0.5393518518518519 0.5092592592592593 0.5439814814814815 0.5625 0.5439814814814815 0.5671296296296297 0.5393518518518519 0.5648148148148148 0.5370370370370371 0.5648148148148148 0.5300925925925926 0.5671296296296297 0.5277777777777778 0.6041666666666666 0.5277777777777778 0.6041666666666666 0.5370370370370371 0.6111111111111112 0.5439814814814815 0.6157407407407407 0.5416666666666666 0.6203703703703703 0.5439814814814815 0.6226851851851852 0.5416666666666666 0.6458333333333334 0.5416666666666666 0.6504629629629629 0.5393518518518519 0.6597222222222222 0.5300925925925926 0.6597222222222222 0.5277777777777778
11 0.06127886342592593 0.2545 0.06793960879629629 0.2685 0.06793960879629629 0.2715 0.060390763888888886 0.279 0.058614564814814814 0.297 0.07460035416666667 0.67675 0.07770870370370371 0.68775 0.08081705092592592 0.6925 0.09191829398148148 0.7027500000000001 0.09902309027777777 0.707 0.12344582638888889 0.71475 0.14831261111111113 0.71775 0.35479573611111115 0.71375 0.42702797453703706 0.7115 0.46447602083333334 0.71175 0.47690941435185186 0.71075 0.6123445833333334 0.7090000000000001 0.9267317939814815 0.7020000000000001 0.9582593240740741 0.6962499999999999 0.9671403194444445 0.693 0.9738010648148148 0.6890000000000001 0.978685613425926 0.6857500000000001 0.9915630555555555 0.6717500000000001 0.9946714027777778 0.6535000000000001 0.9915630555555555 0.628 0.9911190046296297 0.56375 0.9880106574074075 0.54425 0.9893428055555555 0.532 0.9875666064814815 0.5265 0.9880106574074075 0.5015 0.9857904074074073 0.4775 0.9871225578703703 0.462 0.9840142106481481 0.43724999999999997 0.9853463587962963 0.41475 0.9822380115740741 0.34525 0.9804618125 0.32775 0.977353462962963 0.31575 0.9742451157407408 0.31075 0.9782415624999999 0.2985 0.977353462962963 0.279 0.9702486689814814 0.2665 0.9702486689814814 0.25825 0.975577263888889 0.24575 0.979129662037037 0.242 0.9800177615740742 0.23 0.9853463587962963 0.21924999999999997 0.9857904074074073 0.21 0.979129662037037 0.19599999999999998 0.9738010648148148 0.192 0.9391651875 0.19075 0.9151865 0.19175 0.8898756666666666 0.19125 0.8698934282407408 0.1925 0.8134991111111112 0.1925 0.7779751342592592 0.1935 0.7722024861111111 0.1945 0.7269094143518517 0.194 0.7118117222222222 0.19525 0.6712255763888889 0.19425 0.6287744236111111 0.19425 0.6198934282407408 0.1955 0.5257548842592593 0.19525 0.5230905856481481 0.19599999999999998 0.45737122453703705 0.198 0.43960923611111113 0.198 0.4249555949074074 0.1965 0.4080817060185185 0.197 0.4018650092592593 0.19574999999999998 0.3889875671296296 0.1955 0.15763765509259262 0.197 0.123889875 0.19875 0.10746003472222222 0.19875 0.09280639351851852 0.19749999999999998 0.06927175925925926 0.19774999999999998 0.05728241666666666 0.19924999999999998 0.05239786805555555 0.215 0.05239786805555555 0.23224999999999998 0.05461811805555556 0.241 0.05772646527777778 0.25125000000000003 0.06127886342592593 0.2545
12 0.9867362337962964 0.19167375 0.021336590277777776 0.19167375 0.021336590277777776 0.26305125 0.9867362337962964 0.26305125 0.9867362337962964 0.19167375
13 0.42406749537037036 0.32 0.4289520416666666 0.32 0.43516873842592596 0.31875 0.44582593287037037 0.3125 0.44893428009259256 0.30450000000000005 0.44893428009259256 0.29774999999999996 0.4391651875 0.2895 0.42850799305555554 0.28675 0.416518650462963 0.28775 0.41030195370370365 0.28925 0.4036412083333334 0.2925 0.39875665972222224 0.2985 0.39964475925925924 0.30874999999999997 0.4027531087962963 0.312 0.41119005324074076 0.31699999999999995 0.42406749537037036 0.32
13 0.6190053287037037 0.316 0.6301065717592592 0.31525 0.6398756666666666 0.3125 0.645204263888889 0.3085 0.6474245115740741 0.30425 0.6474245115740741 0.2965 0.645204263888889 0.293 0.6403197152777778 0.28875 0.6305506226851852 0.28600000000000003 0.6198934282407408 0.28500000000000003 0.6096802847222222 0.287 0.6034635879629631 0.29075 0.5994671412037037 0.2965 0.5981349907407407 0.3025 0.5999111898148148 0.30800000000000005 0.6092362337962962 0.314 0.6190053287037037 0.316
13 0.7180284189814815 0.36924999999999997 0.728685613425926 0.37025 0.7366785069444445 0.369 0.7424511550925926 0.36625 0.7486678518518518 0.359 0.7491119004629629 0.3535 0.7451154537037037 0.3465 0.7397868564814815 0.34275000000000005 0.7322380115740741 0.3405 0.7224689166666667 0.34025 0.7131438726851852 0.34149999999999997 0.7029307291666667 0.34725 0.6993783310185185 0.35150000000000003 0.6989342800925926 0.357 0.7029307291666667 0.36424999999999996 0.7126998217592593 0.36825 0.7180284189814815 0.36924999999999997
13 0.5119893425925925 0.3715 0.5213143865740741 0.37400000000000005 0.5333037291666667 0.37474999999999997 0.5364120787037037 0.37424999999999997 0.5475133217592593 0.3685 0.5515097685185185 0.36224999999999996 0.5510657199074074 0.35375 0.5470692708333333 0.34824999999999995 0.5399644768518519 0.34375 0.5270870347222222 0.342 0.518650087962963 0.34299999999999997 0.5097690949074074 0.34600000000000003 0.5022202476851851 0.35225 0.5 0.35575 0.5 0.36275 0.5039964467592593 0.3675 0.5119893425925925 0.3715
13 0.3143872106481482 0.373 0.3277087037037037 0.3745 0.3463587916666666 0.37175 0.3539076365740741 0.36350000000000005 0.35479573611111115 0.35925 0.35079928935185184 0.35225 0.33880994675925924 0.3465 0.32815275231481483 0.34425 0.31172291203703706 0.34775 0.3055062175925926 0.35125 0.30062166898148146 0.35650000000000004 0.29973356944444446 0.3595 0.3023978680555555 0.36525 0.3068383657407407 0.37 0.3143872106481482 0.373
13 0.2140319722222222 0.43225 0.22868561342592594 0.43374999999999997 0.23623445833333334 0.43300000000000005 0.2477797523148148 0.43 0.2526642986111111 0.422 0.2522202476851852 0.41375 0.2495559513888889 0.408 0.24333925462962963 0.40375 0.2309058611111111 0.40175000000000005 0.21758437037037037 0.40275 0.20737122453703702 0.40700000000000003 0.2015985787037037 0.41275 0.1993783310185185 0.41774999999999995 0.20071047916666665 0.42175 0.20737122453703702 0.42875 0.2140319722222222 0.43225
13 0.4444937824074074 0.42875 0.45426287731481485 0.42250000000000004 0.45737122453703705 0.41125 0.4507104791666667 0.4045 0.43960923611111113 0.40075 0.4258436944444444 0.40025 0.4187388981481482 0.401 0.41030195370370365 0.4045 0.4036412083333334 0.41225 0.4045293078703704 0.41900000000000004 0.4147424513888889 0.42624999999999996 0.42406749537037036 0.42875 0.4444937824074074 0.42875
13 0.6332149189814814 0.4285 0.6434280648148147 0.42600000000000005 0.6492007106481481 0.4215 0.6527531087962963 0.415 0.6514209583333334 0.408 0.6456483125 0.40175000000000005 0.6367673171296296 0.39775 0.6287744236111111 0.39699999999999996 0.6158969814814815 0.39849999999999997 0.6056838356481481 0.40399999999999997 0.6016873888888888 0.409 0.6016873888888888 0.41725 0.6043516875 0.42124999999999996 0.6190053287037037 0.42875 0.6332149189814814 0.4285
13 0.8174955601851851 0.4235 0.8250444050925926 0.42425 0.8365896990740741 0.423 0.8450266435185185 0.41975 0.8507992893518519 0.41550000000000004 0.8521314398148149 0.4095 0.8490230902777779 0.403 0.8450266435185185 0.39925 0.8352575486111111 0.39525 0.8223801064814815 0.39475000000000005 0.8143872106481481 0.39549999999999996 0.8059502662037038 0.3995 0.8019538194444444 0.40325 0.7997335694444444 0.4075 0.7997335694444444 0.41200000000000003 0.8028419189814815 0.41750000000000004 0.8174955601851851 0.4235
13 0.7224689166666667 0.4805 0.7344582592592593 0.48125 0.7420071041666667 0.47975 0.7486678518518518 0.47600000000000003 0.7544404976851852 0.46725 0.7531083472222222 0.4625 0.7464476018518519 0.45625 0.7353463587962963 0.45225000000000004 0.7215808171296296 0.45275 0.7140319722222223 0.455 0.7082593240740741 0.45875 0.7042628773148147 0.46375 0.7038188287037037 0.46849999999999997 0.706483125 0.47375 0.7144760208333333 0.4785 0.7224689166666667 0.4805
13 0.5222024861111111 0.4845 0.5364120787037037 0.48475 0.5457371226851851 0.48325 0.5501776203703703 0.48125 0.5546181180555555 0.477 0.5572824166666667 0.46675 0.5532859675925926 0.46425000000000005 0.5497335694444444 0.45949999999999996 0.542628775462963 0.4565 0.5306394305555555 0.45525 0.5195381875 0.45599999999999996 0.5102131435185185 0.46 0.5048845462962963 0.46499999999999997 0.5044404976851852 0.47025 0.5084369444444444 0.47525 0.5142095925925926 0.48075 0.5222024861111111 0.4845
13 0.3210479583333334 0.48675 0.3330373009259259 0.488 0.3419182939814815 0.4875 0.3490230902777778 0.486 0.35657193518518515 0.47975 0.3574600347222222 0.46900000000000003 0.35124334027777776 0.462 0.3401420949074074 0.4585 0.32682060416666664 0.4585 0.31705150925925923 0.46025 0.3086145648148148 0.46525 0.3059502662037037 0.46974999999999995 0.3055062175925926 0.47375 0.30817051620370367 0.47800000000000004 0.31616340972222223 0.4845 0.3210479583333334 0.48675
13 0.22646536342592594 0.5455 0.2384547060185185 0.54625 0.2446714027777778 0.54525 0.2548845462962963 0.53975 0.25888099537037035 0.5355 0.2597690949074074 0.52825 0.2557726458333333 0.52075 0.24911190046296297 0.51625 0.24333925462962963 0.51475 0.23357015972222223 0.51425 0.2202486689814815 0.5155 0.21181172222222222 0.51975 0.20737122453703702 0.52425 0.20603907638888888 0.53 0.208703375 0.5367500000000001 0.2144760208333333 0.54125 0.22646536342592594 0.5455
13 0.42539964583333334 0.542 0.4316163402777778 0.5409999999999999 0.44360568287037033 0.54175 0.45159857870370373 0.539 0.4555950277777778 0.536 0.4604795740740741 0.526 0.4591474236111111 0.52225 0.45159857870370373 0.5155 0.44937833101851854 0.51425 0.4391651875 0.51275 0.42184724768518517 0.5145000000000001 0.4138543518518518 0.51925 0.4098579050925926 0.524 0.4098579050925926 0.52925 0.4138543518518518 0.53625 0.4187388981481482 0.54025 0.42539964583333334 0.542
13 0.6247779745370371 0.538 0.6403197152777778 0.5387500000000001 0.6474245115740741 0.53725 0.6505328587962963 0.53325 0.6563055069444445 0.5295 0.6580817060185185 0.5217499999999999 0.6558614560185185 0.51775 0.6474245115740741 0.5115 0.6367673171296296 0.508 0.6234458263888889 0.50875 0.6190053287037037 0.51025 0.6123445833333334 0.51375 0.6079040856481482 0.52025 0.6074600347222222 0.5257499999999999 0.6127886319444444 0.532 0.6163410300925926 0.53525 0.6247779745370371 0.538
13 0.8343694490740741 0.53525 0.8410301944444444 0.53425 0.8485790416666666 0.532 0.856127886574074 0.526 0.8570159861111111 0.519 0.8543516875 0.5145000000000001 0.8499111898148148 0.5097499999999999 0.8410301944444444 0.506 0.833481349537037 0.505 0.8152753101851852 0.50725 0.810390763888889 0.5095000000000001 0.8050621666666666 0.5155 0.8050621666666666 0.5225 0.809946712962963 0.5295 0.8246003541666667 0.53475 0.8343694490740741 0.53525
13 0.7415630555555555 0.5925 0.7442273541666666 0.59175 0.751776199074074 0.5885 0.7584369444444445 0.582 0.7588809953703703 0.57425 0.7562166967592593 0.569 0.751776199074074 0.56575 0.7415630555555555 0.56275 0.7295737129629629 0.56225 0.7198046180555556 0.5630000000000001 0.7149200717592592 0.56575 0.7095914745370371 0.57425 0.7095914745370371 0.581 0.7122557731481481 0.5855 0.727353462962963 0.592 0.7415630555555555 0.5925
13 0.5381882777777778 0.5952500000000001 0.5515097685185185 0.593 0.5581705162037037 0.5895 0.562166962962963 0.5815 0.5612788634259259 0.5775 0.5590586134259259 0.574 0.5501776203703703 0.5685 0.5297513310185186 0.5675 0.520870337962963 0.56925 0.5137655416666667 0.57475 0.5111012430555556 0.581 0.5119893425925925 0.585 0.5195381875 0.59175 0.5381882777777778 0.5952500000000001
13 0.32460035416666666 0.59875 0.33658969907407404 0.60025 0.3459147430555556 0.59975 0.355239787037037 0.59675 0.36323268287037036 0.59075 0.36545293055555556 0.5842499999999999 0.3645648310185185 0.58075 0.3610124328703704 0.57675 0.3516873888888889 0.571 0.3419182939814815 0.5685 0.32904085185185183 0.5700000000000001 0.3197158078703704 0.57325 0.312166962962963 0.5795 0.31172291203703706 0.586 0.3143872106481482 0.592 0.31705150925925923 0.5950000000000001 0.32460035416666666 0.59875
13 0.43516873842592596 0.6549999999999999 0.44937833101851854 0.65525 0.45293072916666666 0.6545000000000001 0.46492007175925926 0.64625 0.46714031944444445 0.64 0.46447602083333334 0.632 0.4626998217592593 0.62975 0.45248667824074074 0.62525 0.440053287037037 0.62275 0.4325044398148148 0.6237499999999999 0.42184724768518517 0.6277499999999999 0.41429840046296296 0.6337499999999999 0.4138543518518518 0.642 0.41740675 0.6477499999999999 0.42317939583333336 0.6517499999999999 0.43516873842592596 0.6549999999999999
13 0.6349911180555556 0.65025 0.6447602129629629 0.6505000000000001 0.6514209583333334 0.6487499999999999 0.6594138541666666 0.644 0.6634103009259259 0.63975 0.6634103009259259 0.63025 0.6594138541666666 0.62525 0.6545293078703703 0.6225 0.6434280648148147 0.62 0.6358792175925926 0.6192500000000001 0.624333925925926 0.6215 0.6176731782407408 0.62525 0.6136767314814814 0.6315 0.6132326828703704 0.6377499999999999 0.6158969814814815 0.643 0.623001775462963 0.6477499999999999 0.6349911180555556 0.65025