6 0.3101851851851852 0.39814814814814814 0.3125 0.40046296296296297 0.32175925925925924 0.40046296296296297 0.32407407407407407 0.4027777777777778 0.33796296296296297 0.4050925925925926 0.34953703703703703 0.41203703703703703 0.3611111111111111 0.42592592592592593 0.3611111111111111 0.4305555555555556 0.36342592592592593 0.43287037037037035 0.36342592592592593 0.4444444444444444 0.375 0.44907407407407407 0.41435185185185186 0.44675925925925924 0.4166666666666667 0.4444444444444444 0.4166666666666667 0.42592592592592593 0.4212962962962963 0.4166666666666667 0.42824074074074076 0.4097222222222222 0.4351851851851852 0.4050925925925926 0.4398148148148148 0.4050925925925926 0.44907407407407407 0.40046296296296297 0.45601851851851855 0.40046296296296297 0.4583333333333333 0.39814814814814814 0.47685185185185186 0.39814814814814814 0.47685185185185186 0.41203703703703703 0.47453703703703703 0.4166666666666667 0.4699074074074074 0.41898148148148145 0.46064814814814814 0.41898148148148145 0.44907407407407407 0.42824074074074076 0.44907407407407407 0.44212962962962965 0.4537037037037037 0.44675925925925924 0.47453703703703703 0.44675925925925924 0.47685185185185186 0.44907407407407407 0.47685185185185186 0.46296296296296297 0.47453703703703703 0.4652777777777778 0.4537037037037037 0.4652777777777778 0.4513888888888889 0.4675925925925926 0.4513888888888889 0.4861111111111111 0.44675925925925924 0.49537037037037035 0.4375 0.5046296296296297 0.41435185185185186 0.5138888888888888 0.4027777777777778 0.5138888888888888 0.40046296296296297 0.5162037037037037 0.37037037037037035 0.5138888888888888 0.3680555555555556 0.5115740740740741 0.3587962962962963 0.5115740740740741 0.35185185185185186 0.5069444444444444 0.3425925925925926 0.5046296296296297 0.3287037037037037 0.48842592592592593 0.3287037037037037 0.4699074074074074 0.3263888888888889 0.4675925925925926 0.3055555555555556 0.4675925925925926 0.30092592592592593 0.46296296296296297 0.30092592592592593 0.4513888888888889 0.30324074074074076 0.44907407407407407 0.32175925925925924 0.44907407407407407 0.3287037037037037 0.44212962962962965 0.3263888888888889 0.4398148148148148 0.3263888888888889 0.4305555555555556 0.3194444444444444 0.4236111111111111 0.3148148148148148 0.4212962962962963 0.3055555555555556 0.4212962962962963 0.2986111111111111 0.41435185185185186 0.2986111111111111 0.40046296296296297 0.30092592592592593 0.39814814814814814 0.30787037037037035 0.39814814814814814
11 0.0728241574074074 0.34875 0.07460035416666667 0.35325 0.06483126157407407 0.373 0.06483126157407407 0.481 0.06705150925925926 0.489 0.06571936111111111 0.53725 0.06927175925925926 0.547 0.06571936111111111 0.5499999999999999 0.06483126157407407 0.56375 0.06616340972222222 0.5925 0.06838365972222221 0.5950000000000001 0.06660746064814814 0.598 0.06793960879629629 0.6024999999999999 0.06616340972222222 0.60475 0.06660746064814814 0.6605 0.06527531018518519 0.6735 0.06616340972222222 0.68675 0.06483126157407407 0.6890000000000001 0.06527531018518519 0.6962499999999999 0.06705150925925926 0.69925 0.06394316203703704 0.7072499999999999 0.06705150925925926 0.73075 0.07238010648148148 0.7332500000000001 0.07326820601851852 0.738 0.07637655324074073 0.7414999999999999 0.08570159953703704 0.7480000000000001 0.0896980462962963 0.7487499999999999 0.0945825925925926 0.7517499999999999 0.09902309027777777 0.7517499999999999 0.10879218518518519 0.7557499999999999 0.11900532870370371 0.7575000000000001 0.13365896990740742 0.758 0.1407637662037037 0.75725 0.36944937731481486 0.755 0.376110125 0.75325 0.38232682175925925 0.753 0.39698046296296297 0.75375 0.4023090578703704 0.753 0.41252220138888884 0.754 0.623001775462963 0.7519999999999999 0.6341030185185185 0.75075 0.6398756666666666 0.7517499999999999 0.7007104791666667 0.7512500000000001 0.7135879212962963 0.74975 0.7611012430555555 0.7487499999999999 0.7779751342592592 0.74975 0.8285968032407408 0.749 0.8490230902777779 0.7484999999999999 0.8663410300925926 0.74625 0.8836589699074074 0.7412500000000001 0.8974245115740741 0.7302500000000001 0.9027531087962963 0.724 0.9031971574074075 0.7160000000000001 0.9054174074074074 0.7135 0.9040852569444445 0.711 0.9076376550925926 0.7097500000000001 0.9058614560185185 0.7090000000000001 0.9080817060185185 0.7072499999999999 0.9080817060185185 0.70175 0.9067495555555555 0.69975 0.9076376550925926 0.6950000000000001 0.9040852569444445 0.6435000000000001 0.8987566597222222 0.62725 0.8996447592592594 0.621 0.8978685601851851 0.61475 0.9009769097222221 0.61125 0.9009769097222221 0.60475 0.896980462962963 0.599 0.8978685601851851 0.5945 0.8956483125 0.5895 0.8934280648148147 0.58925 0.8943161643518519 0.58475 0.8996447592592594 0.58075 0.8978685601851851 0.56875 0.8983126111111112 0.55375 0.8960923634259259 0.5437500000000001 0.8974245115740741 0.53725 0.893872113425926 0.5335 0.8960923634259259 0.53 0.893872113425926 0.5005000000000001 0.8894316157407408 0.494 0.8907637662037038 0.491 0.8889875671296296 0.48874999999999996 0.8916518657407407 0.4845 0.8894316157407408 0.45949999999999996 0.8907637662037038 0.45675 0.8903197152777778 0.43625 0.8880994675925926 0.41750000000000004 0.8841030185185185 0.40625 0.8858792175925926 0.39925 0.8832149189814814 0.38299999999999995 0.8836589699074074 0.373 0.8787744236111111 0.36675 0.8823268217592592 0.35925 0.8774422731481482 0.35575 0.874333925925926 0.35075 0.874333925925926 0.33625 0.8796625231481481 0.3315 0.8783303726851851 0.32775 0.8823268217592592 0.3245 0.8827708703703704 0.31375 0.8849911180555556 0.31024999999999997 0.8809946712962963 0.293 0.873001775462963 0.287 0.8703374768518519 0.28775 0.8658969814814815 0.28625 0.8587921851851852 0.28625 0.8574600347222222 0.288 0.8543516875 0.288 0.8525754884259259 0.28625 0.8507992893518519 0.28625 0.8485790416666666 0.28725 0.8450266435185185 0.2935 0.8414742453703703 0.294 0.8388099467592594 0.29225 0.8343694490740741 0.2925 0.8312611018518519 0.2915 0.8285968032407408 0.2895 0.8237122546296297 0.2905 0.8210479583333333 0.289 0.7548845462962963 0.29275 0.75 0.29725 0.7335701597222223 0.29575 0.7335701597222223 0.2945 0.7304618125 0.294 0.7269094143518517 0.291 0.7238010648148148 0.29550000000000004 0.7202486689814814 0.2935 0.7158081712962963 0.295 0.7131438726851852 0.2935 0.7100355231481481 0.2945 0.706483125 0.30100000000000005 0.6984902314814815 0.3025 0.6962699814814814 0.2995 0.6927175833333332 0.2985 0.6891651875 0.29550000000000004 0.6807282407407407 0.29575 0.6789520416666667 0.2925 0.6749555949074074 0.29375 0.6727353472222222 0.2905 0.6709591481481482 0.29 0.6687388981481481 0.2915 0.6594138541666666 0.29200000000000004 0.6576376550925926 0.28975 0.6540852569444445 0.28925 0.6505328587962963 0.294 0.6465364120370369 0.2945 0.6447602129629629 0.29425 0.643872113425926 0.29 0.33792184722222224 0.29325 0.3392539953703704 0.29725 0.3370337476851852 0.29774999999999996 0.3348135 0.29675 0.3312611018518518 0.29725 0.3303730023148148 0.29575 0.3263765532407408 0.295 0.3241563055555556 0.293 0.32015985879629627 0.299 0.3134991111111111 0.3025 0.309946712962963 0.3015 0.3028419189814815 0.305 0.29840142129629627 0.30375 0.29662522222222226 0.3005 0.2944049722222222 0.304 0.2908525763888889 0.30375 0.2895204259259259 0.30075 0.2868561273148148 0.30174999999999996 0.28285968055555555 0.3005 0.27353463657407406 0.30375 0.2664298402777778 0.29675 0.2655417407407408 0.29625 0.26287744212962966 0.2985 0.25532859722222223 0.29325 0.2544404976851852 0.294625 0.24600355324074072 0.29675 0.2446714027777778 0.296 0.23312611111111112 0.29675 0.22912966203703705 0.29550000000000004 0.22690941435185186 0.29750000000000004 0.21936056944444446 0.29974999999999996 0.21714031944444445 0.296 0.2038188287037037 0.2965 0.20071047916666665 0.29525 0.19982237962962962 0.29325 0.1940497337962963 0.295 0.19316163425925925 0.2965 0.18827708796296297 0.296 0.18650088888888888 0.298 0.1718472476851852 0.294 0.11190053240740741 0.2965 0.1043516875 0.2985 0.10257548842592591 0.29725 0.09236234490740741 0.29575 0.07904085185185185 0.29625 0.07371225462962963 0.29525 0.06705150925925926 0.29725 0.06438721064814815 0.30275 0.06216696296296296 0.325 0.06927175925925926 0.342 0.06882770833333333 0.34525 0.0728241574074074 0.34875
12 0.8923645648148147 0.29463125 0.05381660648148148 0.29463125 0.05381660648148148 0.35245375 0.8923645648148147 0.35245375 0.8923645648148147 0.29463125
13 0.376110125 0.39525 0.3863232685185185 0.39699999999999996 0.39387211342592593 0.3965 0.4040852569444444 0.394 0.40896980555555557 0.39125000000000004 0.4116341041666666 0.387 0.41119005324074076 0.38025 0.4076376550925926 0.37599999999999995 0.39875665972222224 0.371 0.3880994675925926 0.36924999999999997 0.38055062268518514 0.37025 0.36944937731481486 0.375 0.3650088819444445 0.37975 0.3645648310185185 0.3855 0.36634103009259256 0.38999999999999996 0.36989342824074073 0.39349999999999996 0.376110125 0.39525
13 0.5661634097222222 0.39525 0.5777087037037036 0.39375 0.5861456481481482 0.388 0.5883658958333333 0.38425000000000004 0.5888099467592592 0.37925000000000003 0.5870337476851852 0.3765 0.5781527523148148 0.37074999999999997 0.5710479583333333 0.3685 0.5634991111111111 0.3685 0.5537300185185186 0.37 0.5452930717592592 0.3745 0.542184724537037 0.37875000000000003 0.542184724537037 0.38375 0.5470692708333333 0.3905 0.5515097685185185 0.393 0.5661634097222222 0.39525
13 0.6620781527777778 0.4435 0.6705150972222222 0.4405 0.6771758425925926 0.43524999999999997 0.6789520416666667 0.42950000000000005 0.6776198935185185 0.4255 0.6705150972222222 0.42 0.6638543518518518 0.418 0.6478685601851851 0.418 0.6358792175925926 0.42250000000000004 0.6327708703703704 0.42600000000000005 0.6341030185185185 0.43575 0.6389875671296296 0.4395 0.646980462962963 0.4425 0.6620781527777778 0.4435
13 0.49111900462962965 0.44375 0.49822380092592594 0.43925 0.5004440486111111 0.43625 0.5004440486111111 0.429 0.49866785185185186 0.42575 0.49067495601851846 0.42050000000000004 0.477353462962963 0.4195 0.4666962708333333 0.42124999999999996 0.4604795740740741 0.42425 0.456483125 0.42950000000000005 0.4569271759259259 0.43575 0.4666962708333333 0.443 0.48046181250000003 0.445 0.49111900462962965 0.44375
13 0.29662522222222226 0.44575 0.3001776203703703 0.446 0.31483126157407404 0.44375 0.3174955601851852 0.44225 0.32238010648148147 0.43524999999999997 0.3228241574074074 0.43225 0.3183836597222222 0.42525 0.3134991111111111 0.42324999999999996 0.3015097685185185 0.42075 0.293516875 0.42175 0.28285968055555555 0.425 0.2784191828703704 0.4305 0.27797513425925924 0.43575 0.28285968055555555 0.44199999999999995 0.28996447685185184 0.445 0.29662522222222226 0.44575
13 0.20293072916666668 0.498 0.21758437037037037 0.4985 0.22468916435185185 0.4965 0.23223801157407406 0.49224999999999997 0.2349023101851852 0.488 0.23445825925925926 0.482 0.23134991203703703 0.47725 0.22735346296296297 0.475 0.21669627083333334 0.472 0.20959147453703703 0.472 0.19849023148148148 0.474 0.1918294837962963 0.47725 0.18872113657407408 0.48150000000000004 0.18827708796296297 0.48625 0.19005328703703703 0.49074999999999996 0.19271758333333333 0.49375 0.20293072916666668 0.498
13 0.38277087037037033 0.49475 0.3912078148148148 0.49550000000000005 0.4036412083333334 0.493 0.40941385416666665 0.48975 0.41341030092592596 0.4845 0.4129662523148148 0.47625 0.4076376550925926 0.47225 0.3978685601851852 0.46974999999999995 0.38765541666666664 0.46950000000000003 0.3769982245370371 0.47175 0.36944937731481486 0.47674999999999995 0.36811722916666667 0.47925 0.36767317824074075 0.4845 0.37078152777777773 0.4895 0.376110125 0.493 0.38277087037037033 0.49475
13 0.5643872106481482 0.495 0.5741563055555555 0.495 0.583037300925926 0.4925 0.5888099467592592 0.48874999999999996 0.5919182939814815 0.48475 0.5914742453703704 0.4775 0.5883658958333333 0.4735 0.5843694490740741 0.47125 0.5714920069444445 0.46799999999999997 0.5670515092592593 0.4675 0.5568383657407407 0.46900000000000003 0.5492895208333333 0.4735 0.5461811712962963 0.4775 0.5457371226851851 0.48300000000000004 0.5475133217592593 0.48775 0.5506216689814815 0.49025 0.5643872106481482 0.495
13 0.7375666064814815 0.4915 0.748223800925926 0.493 0.7579928958333333 0.49200000000000005 0.7659857893518519 0.48850000000000005 0.7699822384259258 0.48475 0.7717584375000001 0.47950000000000004 0.7704262870370371 0.474 0.7655417407407407 0.46925 0.7557726458333334 0.466 0.7491119004629629 0.46525 0.7335701597222223 0.46675 0.729129662037037 0.46925 0.7251332152777777 0.475 0.7246891643518518 0.481 0.7269094143518517 0.486 0.7317939606481482 0.49 0.7375666064814815 0.4915
13 0.6509769097222221 0.54225 0.6651865 0.543 0.6714031967592592 0.542 0.6767317939814815 0.53975 0.6820603912037037 0.5355 0.6842806388888889 0.53 0.6833925393518518 0.5255 0.6785079930555555 0.52 0.6736234467592593 0.51775 0.6611900532407406 0.5165 0.6505328587962963 0.51725 0.6416518657407407 0.521 0.6380994675925926 0.52475 0.6363232685185186 0.5287499999999999 0.6376554166666666 0.5345 0.6456483125 0.54025 0.6509769097222221 0.54225
13 0.47690941435185186 0.545 0.4924511550925926 0.54475 0.501776199074074 0.53975 0.5048845462962963 0.53625 0.5057726458333334 0.52975 0.5031083472222222 0.52475 0.49866785185185186 0.5215000000000001 0.49111900462962965 0.5185 0.4831261111111111 0.51775 0.47424511574074074 0.519 0.46714031944444445 0.521 0.4595914745370371 0.52725 0.4591474236111111 0.5335 0.46092362268518516 0.5365 0.4702486689814815 0.544 0.47690941435185186 0.545
13 0.2881882777777778 0.545 0.29706927083333334 0.54725 0.3108348125 0.54725 0.32460035416666666 0.5407500000000001 0.32682060416666664 0.53425 0.32548845370370366 0.5295 0.3188277083333333 0.5245 0.30728241666666667 0.5205 0.2895204259259259 0.52225 0.2846358796296296 0.52475 0.28063943055555557 0.5287499999999999 0.2788632337962963 0.53275 0.2797513310185185 0.5367500000000001 0.28285968055555555 0.542 0.2881882777777778 0.545
13 0.2055950277777778 0.59975 0.2206927175925926 0.59975 0.22690941435185186 0.598 0.23579040740740742 0.59 0.2349023101851852 0.5812499999999999 0.23179396064814814 0.5770000000000001 0.22602131481481483 0.5735 0.2144760208333333 0.5725 0.20248667824074074 0.57325 0.1918294837962963 0.578 0.18872113657407408 0.5825 0.18827708796296297 0.5885 0.19049733564814814 0.5925 0.1993783310185185 0.5982500000000001 0.2055950277777778 0.59975
13 0.3872113680555555 0.59725 0.39342806481481485 0.5982500000000001 0.4014209583333333 0.59775 0.41030195370370365 0.593 0.41563055092592593 0.5885 0.41563055092592593 0.5785 0.4080817060185185 0.5725 0.4009769097222222 0.5705 0.3872113680555555 0.57075 0.3769982245370371 0.57425 0.37166962731481484 0.57825 0.36989342824074073 0.58225 0.3721136759259259 0.5895 0.3756660740740741 0.5925 0.3872113680555555 0.59725
13 0.5781527523148148 0.5950000000000001 0.5852575486111111 0.59375 0.5923623449074074 0.59 0.5959147430555555 0.58525 0.5963587916666667 0.5792499999999999 0.5923623449074074 0.57325 0.5879218472222222 0.57075 0.5777087037037036 0.5680000000000001 0.5706039074074074 0.56775 0.559946712962963 0.57025 0.5546181180555555 0.573 0.5501776203703703 0.5785 0.5492895208333333 0.5815 0.5515097685185185 0.5885 0.5639431620370371 0.594 0.5781527523148148 0.5950000000000001
13 0.7539964467592593 0.594 0.7646536412037037 0.593 0.7730905856481483 0.589 0.7761989351851852 0.58575 0.7775310833333333 0.582 0.7766429837962963 0.57625 0.771314386574074 0.57025 0.7655417407407407 0.567 0.7526642986111112 0.56575 0.7442273541666666 0.567 0.7344582592592593 0.5715 0.7304618125 0.5755 0.7295737129629629 0.583 0.7317939606481482 0.58675 0.7473357013888888 0.593 0.7539964467592593 0.594
13 0.6576376550925926 0.64575 0.6687388981481481 0.64625 0.6802841921296297 0.64375 0.688277087962963 0.637 0.689609236111111 0.6295000000000001 0.6873889884259259 0.626 0.6833925393518518 0.62175 0.6753996458333333 0.6185 0.666962699074074 0.6174999999999999 0.6509769097222221 0.6195 0.646980462962963 0.6225 0.6434280648148147 0.6277499999999999 0.6429840138888889 0.6339999999999999 0.6447602129629629 0.638 0.6483126111111112 0.642 0.6576376550925926 0.64575
13 0.4871225578703704 0.64825 0.49822380092592594 0.647 0.5026642986111112 0.645 0.5062166967592593 0.6415 0.5084369444444444 0.6375 0.5079928958333334 0.62975 0.5039964467592593 0.62475 0.4977797523148148 0.6215 0.4849023101851852 0.6195 0.477353462962963 0.62 0.46625221990740745 0.6244999999999999 0.46225577314814814 0.63 0.46314387268518514 0.6407499999999999 0.4666962708333333 0.64425 0.477353462962963 0.6477499999999999 0.4871225578703704 0.64825
13 0.29973356944444446 0.65 0.3108348125 0.6495 0.3197158078703704 0.6475000000000001 0.32682060416666664 0.6409999999999999 0.3277087037037037 0.636 0.32460035416666666 0.62825 0.31261101157407406 0.62275 0.3001776203703703 0.622 0.2930728240740741 0.6234999999999999 0.28552397916666666 0.62725 0.28063943055555557 0.6339999999999999 0.28063943055555557 0.64 0.28507992824074074 0.645 0.2895204259259259 0.6475000000000001 0.29973356944444446 0.65
13 0.3898756666666667 0.7027500000000001 0.4009769097222222 0.7025 0.4080817060185185 0.701 0.4151865 0.697 0.41918294907407405 0.6925 0.42007104861111116 0.6855000000000001 0.41740675 0.6792499999999999 0.41207815277777776 0.6755 0.4049733564814815 0.6729999999999999 0.38321491898148147 0.6735 0.3765541736111111 0.6777500000000001 0.3730017754629629 0.6835 0.37255772685185184 0.69075 0.37522202546296296 0.6957500000000001 0.38010657175925927 0.6995 0.3898756666666667 0.7027500000000001
13 0.5710479583333333 0.6995 0.5843694490740741 0.69975 0.5959147430555555 0.6960000000000001 0.6012433402777778 0.69 0.6021314398148149 0.6835 0.5985790416666666 0.67675 0.5905861458333334 0.6715000000000001 0.5821492013888888 0.67025 0.5674955601851852 0.671 0.5626110115740741 0.6725 0.5563943171296296 0.67725 0.5537300185185186 0.68225 0.5537300185185186 0.6892499999999999 0.5608348125 0.6964999999999999 0.5710479583333333 0.6995