4 0.6782407407407407 0.32175925925925924 0.6805555555555556 0.32407407407407407 0.6898148148148148 0.32407407407407407 0.6967592592592593 0.3287037037037037 0.7013888888888888 0.3287037037037037 0.7199074074074074 0.3402777777777778 0.7268518518518519 0.3541666666666667 0.7268518518518519 0.3726851851851852 0.7314814814814815 0.3773148148148148 0.7361111111111112 0.375 0.7708333333333334 0.375 0.7731481481481481 0.3773148148148148 0.7962962962962963 0.37962962962962965 0.8101851851851852 0.38657407407407407 0.8217592592592593 0.3958333333333333 0.8263888888888888 0.4050925925925926 0.8263888888888888 0.4166666666666667 0.8240740740740741 0.41898148148148145 0.8240740740740741 0.4236111111111111 0.8125 0.4351851851851852 0.8009259259259259 0.44212962962962965 0.7870370370370371 0.4444444444444444 0.7847222222222222 0.44675925925925924 0.7754629629629629 0.44675925925925924 0.7731481481481481 0.44907407407407407 0.7314814814814815 0.4513888888888889 0.7291666666666666 0.4537037037037037 0.7291666666666666 0.4722222222222222 0.7245370370370371 0.48148148148148145 0.7152777777777778 0.49074074074074076 0.6944444444444444 0.5 0.6736111111111112 0.5023148148148148 0.6712962962962963 0.5046296296296297 0.6643518518518519 0.5046296296296297 0.6620370370370371 0.5023148148148148 0.6620370370370371 0.4861111111111111 0.6736111111111112 0.4837962962962963 0.6875 0.47453703703703703 0.6875 0.45601851851851855 0.6828703703703703 0.4513888888888889 0.6597222222222222 0.4513888888888889 0.6597222222222222 0.44675925925925924 0.6620370370370371 0.4444444444444444 0.6620370370370371 0.4305555555555556 0.6828703703703703 0.4305555555555556 0.6875 0.42592592592592593 0.6875 0.40046296296296297 0.6851851851851852 0.39814814814814814 0.6597222222222222 0.39814814814814814 0.6597222222222222 0.3773148148148148 0.6620370370370371 0.375 0.6782407407407407 0.375 0.6828703703703703 0.3773148148148148 0.6851851851851852 0.375 0.6851851851851852 0.3611111111111111 0.6712962962962963 0.3472222222222222 0.6550925925925926 0.3449074074074074 0.6550925925925926 0.3402777777777778 0.6574074074074074 0.33796296296296297 0.6574074074074074 0.32407407407407407 0.6597222222222222 0.32175925925925924 0.6759259259259259 0.32175925925925924
9 0.5370370370370371 0.5810185185185185 0.5393518518518519 0.5833333333333334 0.5393518518518519 0.5925925925925926 0.5439814814814815 0.5995370370370371 0.5555555555555556 0.5995370370370371 0.5578703703703703 0.5972222222222222 0.5995370370370371 0.5995370370370371 0.6226851851851852 0.6087962962962963 0.6388888888888888 0.6226851851851852 0.6435185185185185 0.6388888888888888 0.6365740740740741 0.6527777777777778 0.6296296296296297 0.6597222222222222 0.6111111111111112 0.6689814814814815 0.5949074074074074 0.6712962962962963 0.5925925925925926 0.6736111111111112 0.5578703703703703 0.6736111111111112 0.5555555555555556 0.6712962962962963 0.5393518518518519 0.6689814814814815 0.5254629629629629 0.6620370370370371 0.5115740740740741 0.6481481481481481 0.5069444444444444 0.625 0.5023148148148148 0.6203703703703703 0.48148148148148145 0.6203703703703703 0.4791666666666667 0.6226851851851852 0.4513888888888889 0.6203703703703703 0.42592592592592593 0.6111111111111112 0.41203703703703703 0.5995370370370371 0.4074074074074074 0.5879629629629629 0.4097222222222222 0.5856481481481481 0.4444444444444444 0.5856481481481481 0.4444444444444444 0.5879629629629629 0.46064814814814814 0.6018518518518519 0.48842592592592593 0.6018518518518519 0.49074074074074076 0.5995370370370371 0.5 0.5995370370370371 0.5023148148148148 0.5972222222222222 0.5023148148148148 0.5833333333333334 0.5254629629629629 0.5833333333333334 0.5277777777777778 0.5810185185185185 0.5347222222222222 0.5810185185185185
0 0.5740740740740741 0.4861111111111111 0.5763888888888888 0.48842592592592593 0.5810185185185185 0.4861111111111111 0.5856481481481481 0.48842592592592593 0.5902777777777778 0.4837962962962963 0.5902777777777778 0.46296296296296297 0.6041666666666666 0.44675925925925924 0.6296296296296297 0.4351851851851852 0.6550925925925926 0.43287037037037035 0.6597222222222222 0.4398148148148148 0.6574074074074074 0.44212962962962965 0.6574074074074074 0.44675925925925924 0.6504629629629629 0.4537037037037037 0.6412037037037037 0.4537037037037037 0.6296296296296297 0.46296296296296297 0.6296296296296297 0.4791666666666667 0.6273148148148148 0.48148148148148145 0.6319444444444444 0.4861111111111111 0.6597222222222222 0.4861111111111111 0.6620370370370371 0.5023148148148148 0.6574074074074074 0.5069444444444444 0.6342592592592593 0.5069444444444444 0.6296296296296297 0.5115740740740741 0.6319444444444444 0.5138888888888888 0.6319444444444444 0.5300925925925926 0.6296296296296297 0.5324074074074074 0.6296296296296297 0.5370370370370371 0.6180555555555556 0.5486111111111112 0.5902777777777778 0.5601851851851852 0.5416666666666666 0.5625 0.5393518518518519 0.5648148148148148 0.5393518518518519 0.5763888888888888 0.5300925925925926 0.5810185185185185 0.5023148148148148 0.5810185185185185 0.5 0.5763888888888888 0.5 0.5648148148148148 0.4976851851851852 0.5625 0.4652777777777778 0.5625 0.44907407407407407 0.5694444444444444 0.4444444444444444 0.5763888888888888 0.4444444444444444 0.5810185185185185 0.4398148148148148 0.5833333333333334 0.4074074074074074 0.5833333333333334 0.4074074074074074 0.5717592592592593 0.41435185185185186 0.5625 0.4236111111111111 0.5555555555555556 0.42824074074074076 0.5555555555555556 0.43287037037037035 0.5509259259259259 0.4375 0.5509259259259259 0.44675925925925924 0.5462962962962963 0.46064814814814814 0.5462962962962963 0.46296296296296297 0.5439814814814815 0.49537037037037035 0.5439814814814815 0.4976851851851852 0.5416666666666666 0.4976851851851852 0.5185185185185185 0.5023148148148148 0.5092592592592593 0.5185185185185185 0.4976851851851852 0.5277777777777778 0.4930555555555556 0.5462962962962963 0.49074074074074076 0.5486111111111112 0.48842592592592593 0.5717592592592593 0.48842592592592593
8 0.6550925925925926 0.32175925925925924 0.6550925925925926 0.3263888888888889 0.6574074074074074 0.3287037037037037 0.6550925925925926 0.3402777777777778 0.6504629629629629 0.3449074074074074 0.6458333333333334 0.3449074074074074 0.6435185185185185 0.3472222222222222 0.6412037037037037 0.3449074074074074 0.6273148148148148 0.35185185185185186 0.6273148148148148 0.3680555555555556 0.625 0.3726851851851852 0.6273148148148148 0.375 0.6550925925925926 0.375 0.6597222222222222 0.3819444444444444 0.6574074074074074 0.3958333333333333 0.6527777777777778 0.39814814814814814 0.6296296296296297 0.39814814814814814 0.6273148148148148 0.40046296296296297 0.6296296296296297 0.4027777777777778 0.6296296296296297 0.41898148148148145 0.6226851851851852 0.43287037037037035 0.5949074074074074 0.44907407407407407 0.5787037037037037 0.4513888888888889 0.5763888888888888 0.4537037037037037 0.5370370370370371 0.4537037037037037 0.5347222222222222 0.45601851851851855 0.5347222222222222 0.47685185185185186 0.5300925925925926 0.4837962962962963 0.5300925925925926 0.48842592592592593 0.5162037037037037 0.4976851851851852 0.4930555555555556 0.5069444444444444 0.4699074074074074 0.5069444444444444 0.4699074074074074 0.49074074074074076 0.47685185185185186 0.4861111111111111 0.4837962962962963 0.4861111111111111 0.4976851851851852 0.47685185185185186 0.4976851851851852 0.45601851851851855 0.49537037037037035 0.4537037037037037 0.48148148148148145 0.4537037037037037 0.4791666666666667 0.45601851851851855 0.4699074074074074 0.4537037037037037 0.4652777777777778 0.44212962962962965 0.4675925925925926 0.4351851851851852 0.48842592592592593 0.4351851851851852 0.4930555555555556 0.43287037037037035 0.49537037037037035 0.4305555555555556 0.49537037037037035 0.4074074074074074 0.5 0.39814814814814814 0.5162037037037037 0.38657407407407407 0.5254629629629629 0.3819444444444444 0.5486111111111112 0.37962962962962965 0.5509259259259259 0.3773148148148148 0.5856481481481481 0.3773148148148148 0.5879629629629629 0.375 0.5879629629629629 0.3541666666666667 0.5995370370370371 0.33796296296296297 0.6087962962962963 0.33101851851851855 0.6134259259259259 0.33101851851851855 0.6273148148148148 0.32407407407407407 0.6342592592592593 0.32407407407407407 0.6365740740740741 0.32175925925925924 0.6527777777777778 0.32175925925925924
3 0.4722222222222222 0.3263888888888889 0.47453703703703703 0.3287037037037037 0.4861111111111111 0.3287037037037037 0.5092592592592593 0.33796296296296297 0.5254629629629629 0.35648148148148145 0.5254629629629629 0.3726851851851852 0.5185185185185185 0.3819444444444444 0.4930555555555556 0.39814814814814814 0.4791666666666667 0.40046296296296297 0.47685185185185186 0.4027777777777778 0.4537037037037037 0.4027777777777778 0.4513888888888889 0.4050925925925926 0.44675925925925924 0.4027777777777778 0.4351851851851852 0.4027777777777778 0.43287037037037035 0.4050925925925926 0.43287037037037035 0.43287037037037035 0.4375 0.4375 0.4513888888888889 0.4375 0.4537037037037037 0.4351851851851852 0.45601851851851855 0.4375 0.46064814814814814 0.4375 0.46064814814814814 0.44907407407407407 0.46296296296296297 0.4513888888888889 0.46064814814814814 0.45601851851851855 0.4398148148148148 0.45601851851851855 0.4351851851851852 0.46064814814814814 0.4351851851851852 0.47685185185185186 0.4444444444444444 0.4861111111111111 0.4537037037037037 0.4861111111111111 0.45601851851851855 0.48842592592592593 0.46064814814814814 0.48842592592592593 0.4652777777777778 0.4930555555555556 0.4652777777777778 0.5046296296296297 0.4675925925925926 0.5069444444444444 0.4652777777777778 0.5092592592592593 0.4513888888888889 0.5092592592592593 0.44907407407407407 0.5069444444444444 0.4398148148148148 0.5069444444444444 0.4375 0.5046296296296297 0.4305555555555556 0.5046296296296297 0.41898148148148145 0.5 0.4027777777777778 0.4861111111111111 0.39814814814814814 0.47453703703703703 0.39814814814814814 0.46064814814814814 0.39351851851851855 0.45601851851851855 0.3773148148148148 0.4583333333333333 0.3680555555555556 0.4537037037037037 0.3680555555555556 0.4398148148148148 0.37037037037037035 0.4375 0.39351851851851855 0.4375 0.3958333333333333 0.4351851851851852 0.3958333333333333 0.4050925925925926 0.39351851851851855 0.4027777777777778 0.37037037037037035 0.4050925925925926 0.36574074074074076 0.40046296296296297 0.36342592592592593 0.3888888888888889 0.36574074074074076 0.38425925925925924 0.37037037037037035 0.3819444444444444 0.3912037037037037 0.3819444444444444 0.39351851851851855 0.37962962962962965 0.39351851851851855 0.3587962962962963 0.39814814814814814 0.34953703703703703 0.4097222222222222 0.33796296296296297 0.41898148148148145 0.3333333333333333 0.4236111111111111 0.3333333333333333 0.43287037037037035 0.3287037037037037 0.44212962962962965 0.3287037037037037 0.4444444444444444 0.3263888888888889 0.4699074074074074 0.3263888888888889
11 0.01909413888888889 0.408 0.018650087962962966 0.4255 0.023090585648148147 0.47025 0.024422736111111114 0.523 0.026198935185185186 0.5325 0.02531083564814815 0.55825 0.027531083333333334 0.57978575 0.02975133101851852 0.6545000000000001 0.032415629629629635 0.6685 0.040852576388888895 0.6775 0.03774422685185185 0.6855000000000001 0.03419182870370371 0.6890000000000001 0.028863233796296295 0.69975 0.0266429837962963 0.7204999999999999 0.028863233796296295 0.7344999999999999 0.03863232638888889 0.745 0.04262877546296297 0.74625 0.05239786805555555 0.7465 0.0901420949074074 0.74625 0.09813499074074075 0.745 0.15097690972222222 0.7442500000000001 0.1696269976851852 0.7424999999999999 0.2349023101851852 0.7417499999999999 0.24200710416666665 0.74 0.250888099537037 0.7410000000000001 0.2766429837962963 0.74075 0.28715231018518517 0.7395 0.30417406712962963 0.74 0.30639431712962967 0.73825 0.31305506250000004 0.7375 0.3210479583333334 0.7395 0.3809946712962963 0.739 0.394760212962963 0.73775 0.4147424513888889 0.738 0.42406749537037036 0.73675 0.42850799305555554 0.7375 0.4422735347222222 0.7372500000000001 0.4484902314814815 0.73625 0.4698046180555555 0.7372500000000001 0.479573712962963 0.7365 0.6198934282407408 0.73625 0.6287744236111111 0.73525 0.6656305509259259 0.7354999999999999 0.6980461805555556 0.7342500000000001 0.7446714027777778 0.7344999999999999 0.8525754884259259 0.7325 0.8978685601851851 0.7305 0.9151865 0.7314999999999999 0.9222912962962964 0.73075 0.9285079930555555 0.72875 0.9302841921296297 0.724 0.9342806388888889 0.7204999999999999 0.9369449375000001 0.7097500000000001 0.9351687384259258 0.6957500000000001 0.9316163402777777 0.69275 0.9298401412037037 0.67825 0.9191829490740742 0.66225 0.9245115462962963 0.6579999999999999 0.9262877453703703 0.65325 0.9271758425925926 0.631 0.9036412083333333 0.27175 0.9009769097222221 0.26125 0.893872113425926 0.25175 0.8849911180555556 0.24475 0.873001775462963 0.23875 0.8583481342592593 0.23424999999999999 0.8490230902777779 0.23275 0.8210479583333333 0.23175 0.8170515092592593 0.23324999999999999 0.7704262870370371 0.23275 0.7602131435185185 0.23399999999999999 0.7446714027777778 0.23324999999999999 0.6998223796296296 0.23550000000000001 0.689609236111111 0.23424999999999999 0.6798401412037037 0.235 0.646980462962963 0.23450000000000001 0.6284782407407407 0.23575 0.6158969814814815 0.23525 0.6012433402777778 0.23725000000000002 0.5670515092592593 0.23650000000000002 0.5519538194444444 0.23775 0.5035523981481481 0.2375 0.45159857870370373 0.24000000000000002 0.3894316157407407 0.24025 0.36989342824074073 0.24225 0.3476909421296296 0.24175000000000002 0.14209591435185184 0.24625 0.11767317824074074 0.248 0.09325044444444444 0.24725 0.06349911111111112 0.24950000000000003 0.05373001851851852 0.25125000000000003 0.04218472453703704 0.255 0.025754884259259262 0.263 0.012433393518518519 0.2795 0.011989342592592591 0.30075 0.017317939814814814 0.3600715 0.01598578935185185 0.3735 0.01909413888888889 0.408
12 0.9671403194444445 0.668 0.004440497685185185 0.668 0.004440497685185185 0.7358199999999999 0.9671403194444445 0.7358199999999999 0.9671403194444445 0.668
13 0.3627886319444445 0.32825 0.376110125 0.325 0.3809946712962963 0.32175000000000004 0.38587921759259264 0.31425 0.38454706944444444 0.307 0.38010657175925927 0.303 0.36944937731481486 0.29774999999999996 0.3596802847222222 0.296 0.3490230902777778 0.29725 0.33436944907407407 0.307 0.3352575486111111 0.31725 0.3419182939814815 0.3245 0.3463587916666666 0.3245 0.3627886319444445 0.32825
13 0.5577264652777778 0.3255 0.5639431620370371 0.325 0.5746003541666667 0.3195 0.5794849027777778 0.31174999999999997 0.5790408518518518 0.30324999999999996 0.5746003541666667 0.29725 0.5674955601851852 0.2935 0.5559502662037037 0.29200000000000004 0.5390763773148148 0.29325 0.5319715810185185 0.29675 0.5275310833333333 0.3025 0.5279751342592592 0.31150000000000005 0.5328596805555555 0.321 0.5497335694444444 0.3255 0.5577264652777778 0.3255
13 0.6571936064814815 0.37400000000000005 0.6656305509259259 0.37325 0.6771758425925926 0.36825 0.6802841921296297 0.36350000000000005 0.6811722916666667 0.359 0.6762877453703703 0.352 0.668294849537037 0.34775 0.6611900532407406 0.34575 0.6505328587962963 0.3465 0.6367673171296296 0.3525 0.6341030185185185 0.35275 0.6309946712962963 0.35675 0.6301065717592592 0.36325 0.6358792175925926 0.37 0.6407637662037038 0.37274999999999997 0.6571936064814815 0.37400000000000005
13 0.43827708796296294 0.3735 0.44893428009259256 0.37825 0.46625221990740745 0.37925000000000003 0.4724689166666667 0.378 0.48179396064814817 0.3735 0.48623445833333334 0.36924999999999997 0.4875666064814815 0.36525 0.4857904074074074 0.359 0.47779751388888886 0.35225 0.4702486689814815 0.35 0.4555950277777778 0.34975 0.4462699814814815 0.352 0.4391651875 0.3555 0.43472468981481477 0.36024999999999996 0.4342806388888889 0.36275 0.4365008888888889 0.36574999999999996 0.4356127893518518 0.36975 0.43827708796296294 0.3735
13 0.2548845462962963 0.38175 0.26820603935185183 0.38425000000000004 0.27575488425925926 0.38325 0.28552397916666666 0.37925000000000003 0.2886323263888889 0.37625 0.291296625 0.36975 0.2895204259259259 0.363 0.2864120787037037 0.35925 0.2753108356481481 0.35425 0.2642095925925926 0.35375 0.2548845462962963 0.35500000000000004 0.25 0.35725 0.2428952037037037 0.36350000000000005 0.24200710416666665 0.36975 0.2442273541666667 0.3745 0.24689165277777778 0.378 0.2548845462962963 0.38175
13 0.1647424513888889 0.439 0.17895204166666667 0.439 0.18650088888888888 0.43724999999999997 0.1940497337962963 0.43300000000000005 0.19760213194444443 0.429 0.19804618055555553 0.42175 0.19493783333333334 0.41750000000000004 0.18960923611111113 0.41350000000000003 0.1749555949074074 0.4095 0.16829484953703702 0.4095 0.1580817060185185 0.41175 0.1531971574074074 0.41424999999999995 0.14698046296296297 0.42025 0.14742451157407407 0.42875 0.15008881018518516 0.43275 0.1580817060185185 0.43724999999999997 0.1647424513888889 0.439
13 0.3627886319444445 0.43425 0.36678508101851853 0.43475 0.37921847222222227 0.43275 0.3849911180555555 0.4305 0.3885435162037037 0.42674999999999996 0.3903197152777778 0.42274999999999996 0.3894316157407407 0.41424999999999995 0.38676731712962964 0.41074999999999995 0.3765541736111111 0.40700000000000003 0.36545293055555556 0.40599999999999997 0.3539076365740741 0.40775 0.3468028425925926 0.41125 0.34280639351851855 0.41700000000000004 0.3423623449074074 0.42175 0.3454706921296296 0.42674999999999996 0.3521314398148148 0.43125 0.3627886319444445 0.43425
13 0.5559502662037037 0.43075 0.5714920069444445 0.42974999999999997 0.581705150462963 0.42575 0.5865896990740741 0.42175 0.5879218472222222 0.41825 0.5870337476851852 0.411 0.5799289513888889 0.40375 0.5777087037037036 0.40249999999999997 0.5643872106481482 0.40075 0.5506216689814815 0.40249999999999997 0.5408525763888888 0.40625 0.5364120787037037 0.40850000000000003 0.5333037291666667 0.41424999999999995 0.5346358796296297 0.4265 0.5359680277777777 0.42875 0.539520425925926 0.42974999999999997 0.5559502662037037 0.43075
13 0.7650976898148149 0.42775 0.7722024861111111 0.42600000000000005 0.7779751342592592 0.42175 0.7806394305555556 0.4165 0.7793072824074074 0.40825 0.772646537037037 0.40125 0.7673179398148149 0.39925 0.7548845462962963 0.3975 0.7402309050925925 0.3975 0.7331261111111111 0.39925 0.7309058611111111 0.401 0.7304618125 0.415 0.7335701597222223 0.425 0.7531083472222222 0.42775 0.7650976898148149 0.42775
13 0.6403197152777778 0.48425 0.6483126111111112 0.48300000000000004 0.6611900532407406 0.48425 0.6740674953703704 0.48175 0.6825044398148149 0.47800000000000004 0.6865008888888888 0.47300000000000003 0.6865008888888888 0.46 0.6785079930555555 0.45375000000000004 0.6576376550925926 0.452 0.6536412083333333 0.45399999999999996 0.6407637662037038 0.45675 0.6336589699074074 0.46099999999999997 0.6301065717592592 0.46575 0.6296625231481481 0.47425 0.6314387222222222 0.481 0.6341030185185185 0.48300000000000004 0.6403197152777778 0.48425
13 0.4626998217592593 0.486 0.4702486689814815 0.4865 0.4831261111111111 0.48300000000000004 0.49289520370370365 0.47674999999999995 0.49111900462962965 0.46649999999999997 0.4831261111111111 0.46125 0.4764653634259259 0.45875 0.4635879212962963 0.45825 0.45737122453703705 0.45975 0.45026643055555554 0.46275 0.4449378333333333 0.46825 0.4440497337962963 0.47425 0.44804618055555556 0.48024999999999995 0.4538188287037037 0.48350000000000004 0.4626998217592593 0.486
13 0.2650976898148148 0.4905 0.27353463657407406 0.49125 0.2859680277777778 0.49 0.29795737037037034 0.48175 0.29840142129629627 0.47475 0.29484902314814815 0.46849999999999997 0.2917406759259259 0.46649999999999997 0.28063943055555557 0.46299999999999997 0.2655417407407408 0.46325 0.25888099537037035 0.46525 0.25399644675925925 0.46799999999999997 0.2504440486111111 0.4735 0.2504440486111111 0.479 0.2544404976851852 0.48574999999999996 0.25888099537037035 0.48924999999999996 0.2650976898148148 0.4905
13 0.16429840046296298 0.54525 0.1776198935185185 0.54775 0.1869449375 0.5479999999999999 0.19449378240740742 0.546 0.20071047916666665 0.542 0.20470692824074074 0.536 0.20515097685185182 0.53225 0.20248667824074074 0.5257499999999999 0.19582593287037037 0.521 0.18561278935185185 0.5185 0.17673179398148148 0.51825 0.1598579050925926 0.52225 0.15452930787037036 0.52675 0.15364120833333333 0.5337500000000001 0.15541740740740742 0.5375 0.15852575462962962 0.54175 0.16429840046296298 0.54525
13 0.3730017754629629 0.5435 0.38055062268518514 0.543 0.3863232685185185 0.542 0.394760212962963 0.5375 0.39875665972222224 0.5325 0.39875665972222224 0.52525 0.39387211342592593 0.5195 0.38277087037037033 0.515 0.3721136759259259 0.5145000000000001 0.3587921851851852 0.5165 0.35346358796296296 0.519 0.35035524074074076 0.5225 0.3490230902777778 0.52525 0.35035524074074076 0.533 0.3596802847222222 0.5405 0.3730017754629629 0.5435
13 0.5710479583333333 0.54 0.5790408518518518 0.538 0.5879218472222222 0.5325 0.5919182939814815 0.5285000000000001 0.5923623449074074 0.523 0.5888099467592592 0.51525 0.5794849027777778 0.5115 0.5697158078703703 0.51 0.5674955601851852 0.50875 0.5572824166666667 0.50925 0.5515097685185185 0.51075 0.5452930717592592 0.51375 0.5408525763888888 0.51925 0.541296625 0.531 0.5501776203703703 0.538 0.5572824166666667 0.53975 0.5710479583333333 0.54
13 0.7539964467592593 0.5365 0.7659857893518519 0.5367500000000001 0.7690941388888889 0.536 0.7784191828703704 0.53225 0.7846358796296296 0.52725 0.7864120787037037 0.5187499999999999 0.7841918287037037 0.51475 0.7801953819444444 0.5105 0.7717584375000001 0.50675 0.7508880995370371 0.5065 0.7415630555555555 0.5097499999999999 0.7331261111111111 0.516 0.7331261111111111 0.52275 0.7362344583333333 0.52775 0.7433392546296297 0.53325 0.7539964467592593 0.5365
13 0.6589698055555556 0.5925 0.6691829490740742 0.593 0.6762877453703703 0.59175 0.6825044398148149 0.589 0.690053287037037 0.5825 0.6918294837962963 0.57425 0.689609236111111 0.57025 0.6856127893518519 0.5665 0.6785079930555555 0.56325 0.6625222013888888 0.5615 0.6540852569444445 0.56275 0.645204263888889 0.567 0.6403197152777778 0.57325 0.6412078148148148 0.58075 0.6443161643518519 0.5855 0.6505328587962963 0.59 0.6589698055555556 0.5925
13 0.4666962708333333 0.5935 0.479573712962963 0.594 0.4857904074074074 0.5925 0.4924511550925926 0.58875 0.4977797523148148 0.5815 0.49822380092592594 0.5775 0.49378330324074077 0.57125 0.49111900462962965 0.56925 0.4809058611111111 0.56575 0.46847246990740743 0.56575 0.45781527546296297 0.56775 0.44937833101851854 0.57525 0.44893428009259256 0.5815 0.45426287731481485 0.5882499999999999 0.4618117222222222 0.5925 0.4666962708333333 0.5935
13 0.2748667847222222 0.6 0.28507992824074074 0.60025 0.2908525763888889 0.599 0.29706927083333334 0.596 0.30461811805555555 0.5885 0.30417406712962963 0.581 0.29840142129629627 0.57425 0.2961811712962963 0.573 0.28330372916666663 0.571 0.27575488425925926 0.571 0.2642095925925926 0.5735 0.2602131435185185 0.576 0.2557726458333333 0.58225 0.2557726458333333 0.58875 0.25888099537037035 0.5935 0.26865008796296297 0.59875 0.2748667847222222 0.6
13 0.3849911180555555 0.6515 0.39520426388888885 0.6485 0.4031971574074074 0.6425 0.4049733564814815 0.63825 0.4031971574074074 0.63225 0.39653641203703704 0.6262500000000001 0.3903197152777778 0.62425 0.38365896990740744 0.6230000000000001 0.36989342824074073 0.624 0.3610124328703704 0.6275 0.35657193518518515 0.633 0.355239787037037 0.637 0.3574600347222222 0.644 0.36944937731481486 0.65125 0.3849911180555555 0.6515
13 0.5563943171296296 0.6447499999999999 0.5608348125 0.64675 0.5706039074074074 0.6487499999999999 0.5848135 0.6487499999999999 0.5914742453703704 0.6465000000000001 0.5976909421296297 0.6417499999999999 0.6025754884259259 0.6347499999999999 0.6016873888888888 0.62975 0.5923623449074074 0.6222500000000001 0.5821492013888888 0.61975 0.5701598587962963 0.6192500000000001 0.5501776203703703 0.6225 0.5519538194444444 0.625 0.5506216689814815 0.6377499999999999 0.5515097685185185 0.6405000000000001 0.5563943171296296 0.6447499999999999