3 0.5 0.37962962962962965 0.5023148148148148 0.3819444444444444 0.5092592592592593 0.3819444444444444 0.5092592592592593 0.39814814814814814 0.5115740740740741 0.40046296296296297 0.5578703703703703 0.40046296296296297 0.5601851851851852 0.4027777777777778 0.5694444444444444 0.4027777777777778 0.5902777777777778 0.41203703703703703 0.5949074074074074 0.41203703703703703 0.6041666666666666 0.4212962962962963 0.6064814814814815 0.4212962962962963 0.6134259259259259 0.4305555555555556 0.6157407407407407 0.44675925925925924 0.6087962962962963 0.46064814814814814 0.5949074074074074 0.4722222222222222 0.5810185185185185 0.4791666666666667 0.5648148148148148 0.48148148148148145 0.5625 0.4837962962962963 0.5162037037037037 0.4837962962962963 0.5138888888888888 0.48148148148148145 0.5046296296296297 0.48148148148148145 0.4837962962962963 0.4722222222222222 0.47453703703703703 0.46296296296296297 0.4722222222222222 0.46296296296296297 0.4675925925925926 0.45601851851851855 0.4675925925925926 0.4513888888888889 0.4652777777777778 0.44907407407407407 0.4652777777777778 0.42592592592592593 0.46064814814814814 0.4212962962962963 0.4537037037037037 0.4212962962962963 0.4513888888888889 0.4236111111111111 0.4305555555555556 0.4236111111111111 0.42824074074074076 0.4212962962962963 0.42592592592592593 0.4236111111111111 0.41898148148148145 0.4236111111111111 0.4166666666666667 0.4212962962962963 0.4074074074074074 0.4212962962962963 0.39814814814814814 0.42824074074074076 0.39814814814814814 0.4398148148148148 0.3587962962962963 0.4398148148148148 0.3541666666666667 0.4351851851851852 0.3541666666666667 0.42824074074074076 0.35648148148148145 0.42592592592592593 0.35185185185185186 0.4212962962962963 0.3333333333333333 0.4212962962962963 0.33101851851851855 0.41898148148148145 0.3287037037037037 0.4212962962962963 0.31712962962962965 0.4212962962962963 0.30092592592592593 0.42824074074074076 0.2916666666666667 0.4398148148148148 0.25 0.4398148148148148 0.24768518518518517 0.4375 0.25 0.4236111111111111 0.2662037037037037 0.4097222222222222 0.27546296296296297 0.4050925925925926 0.2986111111111111 0.40046296296296297 0.30092592592592593 0.39814814814814814 0.3541666666666667 0.39814814814814814 0.35648148148148145 0.3958333333333333 0.35648148148148145 0.3819444444444444 0.3587962962962963 0.37962962962962965 0.39814814814814814 0.37962962962962965 0.40046296296296297 0.3819444444444444 0.40046296296296297 0.39814814814814814 0.4027777777777778 0.40046296296296297 0.46296296296296297 0.40046296296296297 0.4675925925925926 0.3958333333333333 0.4675925925925926 0.38425925925925924 0.4722222222222222 0.37962962962962965 0.4976851851851852 0.37962962962962965
11 0 0.2 0.007992895833333333 0.36350000000000005 0.014209592592592591 0.3845 0.011101243055555555 0.3905 0.011989342592592591 0.41275 0.010213143518518519 0.41975 0.014209592592592591 0.432 0.011989342592592591 0.4375 0.012877442129629631 0.44175000000000003 0.010657194444444443 0.44575 0.011101243055555555 0.47425 0.013321493055555555 0.47925 0.014653641203703703 0.53975 0.0217584375 0.647 0.022646537037037034 0.7100000000000001 0.02531083564814815 0.7165 0.030195381944444443 0.7195 0.027531083333333334 0.7235 0.030195381944444443 0.726 0.04973356944444445 0.7342500000000001 0.060390763888888886 0.7344999999999999 0.06483126157407407 0.73125 0.07460035416666667 0.73225 0.07815275231481482 0.73075 0.08126110185185186 0.73225 0.08658969907407409 0.7302500000000001 0.09769094212962963 0.73 0.10213143981481482 0.73175 0.10523978703703704 0.72975 0.10968028472222223 0.73125 0.11278863194444444 0.72975 0.11767317824074074 0.72975 0.12166962731481482 0.7270000000000001 0.1265541736111111 0.7274999999999999 0.13943161574074073 0.72475 0.14698046296296297 0.7200000000000001 0.1549733564814815 0.7207499999999999 0.15763765509259262 0.71975 0.17095914814814817 0.7200000000000001 0.18561278935185185 0.72375 0.20293072916666668 0.7235 0.2131438726851852 0.725 0.22868561342592594 0.723 0.23801065740740743 0.72525 0.2531083472222222 0.7235 0.2646536412037037 0.7244999999999999 0.27353463657407406 0.724 0.27930728240740743 0.72525 0.30062166898148146 0.7235 0.3210479583333334 0.7244999999999999 0.3370337476851852 0.72375 0.3485790416666667 0.72475 0.37033747685185187 0.72475 0.3841030185185185 0.7235 0.39387211342592593 0.725 0.4000888101851852 0.724 0.41429840046296296 0.72475 0.4320603912037037 0.72425 0.43738898842592594 0.723 0.44893428009259256 0.72525 0.5195381875 0.72475 0.5337477800925926 0.72275 0.5466252222222222 0.725 0.5630550625 0.72175 0.5697158078703703 0.724 0.5777087037037036 0.72475 0.6509769097222221 0.724 0.6549733564814815 0.72275 0.6616341041666667 0.72375 0.6865008888888888 0.72125 0.7131438726851852 0.722 0.7171403194444445 0.72125 0.7264653634259259 0.7232500000000001 0.7397868564814815 0.722 0.7486678518518518 0.723 0.7557726458333334 0.7214999999999999 0.7633214930555555 0.72125 0.7757548842592592 0.7232500000000001 0.8210479583333333 0.72275 0.8237122546296297 0.724 0.8312611018518519 0.724 0.8352575486111111 0.722 0.8423623449074074 0.7204999999999999 0.8450266435185185 0.7225 0.8476909421296297 0.7207499999999999 0.8587921851851852 0.723 0.874333925925926 0.72375 0.8912078148148148 0.7214999999999999 0.8996447592592594 0.722 0.9076376550925926 0.724 0.9214031967592592 0.721 0.9285079930555555 0.721 0.940941386574074 0.72275 0.9582593240740741 0.7204999999999999 0.9631438726851852 0.721 0.977353462962963 0.715 0.9804618125 0.7155 0.9849023101851851 0.714 0.9875666064814815 0.71475 0.9960035532407407 0.7065 0.9968916527777778 0.6892499999999999 0.999555951388889 0.68425 0.999555951388889 0.17225000000000001 0.9960035532407407 0.158 0.9911190046296297 0.155 0.9809058611111111 0.15025 0.9742451157407408 0.1495 0.9702486689814814 0.14675 0.9666962708333334 0.14725 0.9640319722222223 0.14600000000000002 0.9316163402777777 0.14375000000000002 0.9276198935185185 0.14475 0.9214031967592592 0.14425000000000002 0.9116341041666667 0.1455 0.8761101250000001 0.1445 0.8419182939814815 0.14625 0.8272646527777778 0.14525 0.8019538194444444 0.14575 0.792184724537037 0.14725 0.789520425925926 0.14675 0.7873001782407407 0.148 0.7810834814814815 0.148 0.7761989351851852 0.14675 0.7722024861111111 0.14775000000000002 0.7690941388888889 0.14625 0.7513321481481482 0.14775000000000002 0.7486678518518518 0.1465 0.7411190046296297 0.14625 0.7380106574074075 0.14775000000000002 0.7153641203703704 0.14975 0.7069271759259259 0.1485 0.6989342800925926 0.15 0.6927175833333332 0.149 0.6714031967592592 0.15 0.6647424513888889 0.14825 0.6620781527777778 0.149 0.6523090578703703 0.1485 0.643872113425926 0.15 0.6265541736111111 0.14875000000000002 0.6123445833333334 0.15 0.5981349907407407 0.14875000000000002 0.5883658958333333 0.151 0.5710479583333333 0.1495 0.5568383657407407 0.1495 0.5408525763888888 0.15125 0.5222024861111111 0.151 0.5177619884259259 0.15225000000000002 0.49600355324074075 0.152 0.4924511550925926 0.153 0.48179396064814817 0.15325 0.46092362268518516 0.1525 0.44893428009259256 0.1535 0.4462699814814815 0.15275 0.4302841921296296 0.153 0.42095914814814817 0.15425 0.3907637662037037 0.1535 0.3849911180555555 0.15475 0.36856127777777775 0.15375 0.35435168749999996 0.155 0.33792184722222224 0.1545 0.33259325 0.1555 0.32460035416666666 0.1545 0.31039076388888887 0.1545 0.28019538194444443 0.156 0.2584369444444445 0.155 0.2522202476851852 0.156 0.2158081712962963 0.15575000000000003 0.20781527546296297 0.157 0.18872113657407408 0.1565 0.18072824074074076 0.15775 0.1749555949074074 0.157 0.1722912962962963 0.15849999999999997 0.15586145601851853 0.16024999999999998 0.14786856018518518 0.1625 0.13676731712962964 0.16225 0.12966252314814813 0.16325 0.11944937731481481 0.16 0.11944937731481481 0.15625 0.11145648379629629 0.15475 0.1092362337962963 0.15175 0.10568383564814815 0.15325 0.10301953703703705 0.152 0.09547069212962962 0.14600000000000002 0.09280639351851852 0.14725 0.08880994675925925 0.14675 0.0874777986111111 0.144 0.0848135 0.14300000000000002 0.07504440509259258 0.14275 0.06793960879629629 0.1415 0.06749556018518518 0.14049999999999999 0.05550621759259259 0.14075000000000001 0.05373001851851852 0.13975 0.051509768518518524 0.14049999999999999 0.039520425925925924 0.14025 0.03774422685185185 0.14200000000000002 0.031231349537037035 0.14325 0.0217584375 0.1435 0.003552398148148148 0.15849999999999997 0 0.16474999999999998 0 0.2
12 0 0.74666875 0.14579928935185185 0.74666875 0.14579928935185185 0.14452125 0 0.14452125 0 0.74666875
13 0.4147424513888889 0.271 0.43383659027777777 0.272 0.44538188194444445 0.27 0.45204262962962966 0.2675 0.4569271759259259 0.259 0.4569271759259259 0.25425 0.4538188287037037 0.24775000000000003 0.44582593287037037 0.241 0.4356127893518518 0.2385 0.4302841921296296 0.23825000000000002 0.4151865 0.23975000000000002 0.40630550694444445 0.244 0.4005328587962963 0.25125000000000003 0.4005328587962963 0.25875 0.4027531087962963 0.2625 0.4067495555555556 0.26699999999999996 0.4147424513888889 0.271
13 0.6576376550925926 0.27075 0.6620781527777778 0.27 0.6718472476851851 0.26425000000000004 0.6771758425925926 0.2585 0.6785079930555555 0.25025000000000003 0.6767317939814815 0.245 0.6722912962962964 0.24025 0.6611900532407406 0.236 0.6536412083333333 0.23525 0.6367673171296296 0.2375 0.6305506226851852 0.23975000000000002 0.623001775462963 0.24475 0.6216696273148149 0.248 0.623001775462963 0.25875 0.6301065717592592 0.26525 0.6412078148148148 0.26925 0.6576376550925926 0.27075
13 0.7593250439814815 0.33099999999999996 0.7797513310185186 0.32925 0.7855239791666667 0.32575 0.7899644768518519 0.32075 0.7908525763888888 0.31224999999999997 0.7855239791666667 0.30375 0.7775310833333333 0.29925 0.7686500879629631 0.297 0.7650976898148149 0.29675 0.7473357013888888 0.3 0.7397868564814815 0.30474999999999997 0.7353463587962963 0.31125 0.7349023101851851 0.3175 0.7397868564814815 0.32425 0.7473357013888888 0.32825 0.7593250439814815 0.33099999999999996
13 0.5399644768518519 0.3355 0.5470692708333333 0.33525 0.5572824166666667 0.332 0.5630550625 0.3285 0.5679396087962962 0.32275 0.5683836597222223 0.31675000000000003 0.5643872106481482 0.30925 0.5572824166666667 0.304 0.5457371226851851 0.30124999999999996 0.539520425925926 0.30075 0.5266429837962963 0.30275 0.518650087962963 0.30674999999999997 0.5128774421296296 0.31375 0.5128774421296296 0.3215 0.518650087962963 0.32825 0.5275310833333333 0.33249999999999996 0.5399644768518519 0.3355
13 0.31039076388888887 0.33599999999999997 0.3210479583333334 0.33675 0.3383658958333334 0.335 0.3423623449074074 0.33275 0.3494671412037037 0.32525000000000004 0.35035524074074076 0.3175 0.3472468912037037 0.313 0.3383658958333334 0.30725 0.3277087037037037 0.304 0.31394316203703704 0.304 0.30328596759259263 0.3065 0.2961811712962963 0.31125 0.2930728240740741 0.3165 0.29262877546296295 0.322 0.2944049722222222 0.326 0.29973356944444446 0.3315 0.31039076388888887 0.33599999999999997
13 0.21714031944444445 0.40049999999999997 0.22735346296296297 0.39849999999999997 0.23579040740740742 0.39349999999999996 0.24156305555555554 0.3875 0.24200710416666665 0.381 0.2397868564814815 0.377 0.23134991203703703 0.3715 0.22380106481481482 0.3685 0.20959147453703703 0.3675 0.20071047916666665 0.36875 0.19049733564814814 0.37400000000000005 0.18650088888888888 0.37875000000000003 0.18561278935185185 0.3845 0.18960923611111113 0.3925 0.2038188287037037 0.39975 0.21714031944444445 0.40049999999999997
13 0.42317939583333336 0.39575 0.44271758333333333 0.39549999999999996 0.4471580810185185 0.3945 0.45248667824074074 0.39175 0.4604795740740741 0.3835 0.4582593240740741 0.37625 0.45515097685185185 0.3725 0.44937833101851854 0.3685 0.440053287037037 0.366 0.42539964583333334 0.3655 0.41829484953703705 0.36724999999999997 0.41119005324074076 0.371 0.40719360648148145 0.37675 0.40630550694444445 0.382 0.40852575462962964 0.389 0.41252220138888884 0.39225 0.42317939583333336 0.39575
13 0.875666074074074 0.39325 0.8818827708333333 0.39325 0.893872113425926 0.391 0.9027531087962963 0.3845 0.9067495555555555 0.3775 0.9063055069444445 0.371 0.9031971574074075 0.36625 0.8960923634259259 0.3625 0.8841030185185185 0.35874999999999996 0.8761101250000001 0.35850000000000004 0.8592362337962962 0.36275 0.8507992893518519 0.3675 0.8468028425925925 0.37400000000000005 0.8476909421296297 0.38025 0.854795736111111 0.388 0.8592362337962962 0.3905 0.875666074074074 0.39325
13 0.643872113425926 0.396 0.6580817060185185 0.39625 0.66740675 0.39375 0.6727353472222222 0.39125000000000004 0.6802841921296297 0.38375 0.6811722916666667 0.37949999999999995 0.6793960925925927 0.3735 0.6736234467592593 0.3665 0.6691829490740742 0.3645 0.6576376550925926 0.363 0.646980462962963 0.363 0.6349911180555556 0.365 0.6292184722222223 0.3685 0.624333925925926 0.37525000000000003 0.6238898749999999 0.38275000000000003 0.6301065717592592 0.39025 0.6345470694444444 0.39325 0.643872113425926 0.396
13 0.7575488449074074 0.45575 0.7699822384259258 0.45575 0.7815275300925926 0.4535 0.7873001782407407 0.44975 0.7930728240740741 0.44275 0.7917406759259259 0.43650000000000005 0.7859680277777777 0.42950000000000005 0.7810834814814815 0.4265 0.7686500879629631 0.424 0.7579928958333333 0.42425 0.7477797523148149 0.42624999999999996 0.7402309050925925 0.431 0.7366785069444445 0.436 0.7357904074074073 0.4425 0.7402309050925925 0.4495 0.7477797523148149 0.45375000000000004 0.7575488449074074 0.45575
13 0.5328596805555555 0.45949999999999996 0.5390763773148148 0.4605 0.5595026643518518 0.4565 0.5710479583333333 0.4465 0.5697158078703703 0.439 0.564831261574074 0.4335 0.5608348125 0.4305 0.5506216689814815 0.4275 0.5430728240740741 0.4275 0.5293072824074074 0.42974999999999997 0.518650087962963 0.43425 0.5150976898148149 0.43875 0.5146536412037037 0.44675000000000004 0.518650087962963 0.453 0.5235346365740741 0.45625 0.5328596805555555 0.45949999999999996
13 0.3210479583333334 0.46099999999999997 0.3383658958333334 0.4605 0.3472468912037037 0.45675 0.35301953703703703 0.45249999999999996 0.35479573611111115 0.4425 0.35124334027777776 0.43875 0.33969804629629635 0.4315 0.3277087037037037 0.4285 0.31039076388888887 0.43075 0.3023978680555555 0.4355 0.29751332175925926 0.44175000000000003 0.29706927083333334 0.44625 0.30062166898148146 0.45275 0.31705150925925923 0.46025 0.3210479583333334 0.46099999999999997
13 0.20603907638888888 0.522 0.22468916435185185 0.52275 0.23401421064814815 0.52125 0.2402309050925926 0.5185 0.2446714027777778 0.5145000000000001 0.24733570138888888 0.509 0.24555950231481483 0.501 0.2375666064814815 0.49424999999999997 0.22646536342592594 0.49074999999999996 0.21536412037037037 0.4905 0.1993783310185185 0.49424999999999997 0.1918294837962963 0.50175 0.19094138657407406 0.5085 0.19360568287037036 0.513 0.19804618055555553 0.518 0.20603907638888888 0.522
13 0.4316163402777778 0.52025 0.4444937824074074 0.5205 0.45159857870370373 0.519 0.4618117222222222 0.513 0.46447602083333334 0.50875 0.46492007175925926 0.50125 0.4626998217592593 0.49675 0.44937833101851854 0.49025 0.43605683796296296 0.489 0.4249555949074074 0.48975 0.41429840046296296 0.494 0.40941385416666665 0.50125 0.40941385416666665 0.508 0.41429840046296296 0.51525 0.42140319675925925 0.51825 0.4316163402777778 0.52025
13 0.6420959143518518 0.51775 0.6563055069444445 0.5187499999999999 0.6647424513888889 0.5175 0.6731793958333333 0.5145000000000001 0.6798401412037037 0.5085 0.6811722916666667 0.50575 0.6798401412037037 0.497 0.6736234467592593 0.491 0.6651865 0.48850000000000005 0.646980462962963 0.48724999999999996 0.6367673171296296 0.4895 0.6296625231481481 0.4935 0.6261101250000001 0.4985 0.6252220254629629 0.50225 0.6287744236111111 0.5097499999999999 0.6349911180555556 0.51575 0.6420959143518518 0.51775
13 0.8796625231481481 0.518 0.8920959143518518 0.51625 0.9058614560185185 0.50775 0.9076376550925926 0.5015 0.9045293078703703 0.4935 0.8947602129629629 0.4875 0.8832149189814814 0.48475 0.8698934282407408 0.48574999999999996 0.8592362337962962 0.48850000000000005 0.8516873888888888 0.493 0.8485790416666666 0.4975 0.8490230902777779 0.505 0.8556838356481481 0.513 0.8690053287037037 0.5175 0.8796625231481481 0.518
13 0.7615452939814815 0.57975 0.771314386574074 0.58 0.7819715810185185 0.57775 0.7899644768518519 0.5725 0.7939609236111111 0.5675 0.7939609236111111 0.56125 0.7904085254629629 0.556 0.7824156296296296 0.5499999999999999 0.7757548842592592 0.5479999999999999 0.7650976898148149 0.54725 0.7477797523148149 0.5495 0.7428952037037037 0.5529999999999999 0.7375666064814815 0.56125 0.7375666064814815 0.56775 0.7406749560185185 0.57325 0.7451154537037037 0.576 0.7615452939814815 0.57975
13 0.539520425925926 0.57975 0.5501776203703703 0.58025 0.559946712962963 0.5785 0.5692717592592592 0.57325 0.5746003541666667 0.56725 0.5741563055555555 0.56025 0.5714920069444445 0.55575 0.5603907638888889 0.5505 0.5550621666666666 0.5495 0.5408525763888888 0.54875 0.5324156296296296 0.54975 0.5230905856481481 0.55525 0.518650087962963 0.56125 0.518650087962963 0.56975 0.5217584375 0.57425 0.5284191828703704 0.578 0.539520425925926 0.57975
13 0.3263765532407408 0.5825 0.34147424537037036 0.5812499999999999 0.3485790416666667 0.5792499999999999 0.3539076365740741 0.576 0.35790408564814813 0.57075 0.3587921851851852 0.564 0.35657193518518515 0.55875 0.3481349907407407 0.55325 0.3361456481481482 0.55075 0.3219360578703704 0.55125 0.31394316203703704 0.5535 0.3059502662037037 0.55925 0.3023978680555555 0.5635 0.3023978680555555 0.5715 0.3059502662037037 0.57525 0.31394316203703704 0.58025 0.3263765532407408 0.5825
13 0.4258436944444444 0.6409999999999999 0.43516873842592596 0.64225 0.4507104791666667 0.6415 0.456483125 0.6395000000000001 0.46492007175925926 0.6332500000000001 0.46802841898148145 0.6267499999999999 0.46492007175925926 0.61825 0.4600355231481481 0.61425 0.45159857870370373 0.61175 0.4391651875 0.61 0.4262877453703704 0.61175 0.42095914814814817 0.614 0.41341030092592596 0.62 0.4116341041666666 0.6230000000000001 0.41341030092592596 0.633 0.41740675 0.637 0.4258436944444444 0.6409999999999999
13 0.6514209583333334 0.6415 0.6611900532407406 0.642 0.6714031967592592 0.63925 0.6758436944444445 0.63725 0.6833925393518518 0.63 0.6847246898148148 0.6222500000000001 0.6807282407407407 0.6164999999999999 0.6718472476851851 0.61175 0.6611900532407406 0.6094999999999999 0.6540852569444445 0.6094999999999999 0.6429840138888889 0.61125 0.6336589699074074 0.6155 0.6292184722222223 0.62075 0.6287744236111111 0.6269999999999999 0.6336589699074074 0.63425 0.6443161643518519 0.63975 0.6514209583333334 0.6415