0 0.19212962962962962 0.6296296296296297 0.19444444444444445 0.6319444444444444 0.19444444444444445 0.6365740740740741 0.19907407407407407 0.6412037037037037 0.21296296296296297 0.6481481481481481 0.23842592592592593 0.6481481481481481 0.24074074074074073 0.6458333333333334 0.24537037037037038 0.6458333333333334 0.24768518518518517 0.6435185185185185 0.24768518518518517 0.6342592592592593 0.25 0.6296296296296297 0.28703703703703703 0.6296296296296297 0.2916666666666667 0.6319444444444444 0.2916666666666667 0.6412037037037037 0.28935185185185186 0.6435185185185185 0.2916666666666667 0.6458333333333334 0.2962962962962963 0.6458333333333334 0.2986111111111111 0.6481481481481481 0.3333333333333333 0.6481481481481481 0.33564814814814814 0.6504629629629629 0.3472222222222222 0.6504629629629629 0.37037037037037035 0.6620370370370371 0.37962962962962965 0.6689814814814815 0.38425925925925924 0.6782407407407407 0.38425925925925924 0.7013888888888888 0.3888888888888889 0.7060185185185185 0.3912037037037037 0.7037037037037037 0.4074074074074074 0.7037037037037037 0.41203703703703703 0.7060185185185185 0.41203703703703703 0.7129629629629629 0.4097222222222222 0.7152777777777778 0.41203703703703703 0.7199074074074074 0.4097222222222222 0.7222222222222222 0.4097222222222222 0.7268518518518519 0.4027777777777778 0.7268518518518519 0.40046296296296297 0.7291666666666666 0.3958333333333333 0.7268518518518519 0.38425925925925924 0.7268518518518519 0.3819444444444444 0.7291666666666666 0.3819444444444444 0.7384259259259259 0.37962962962962965 0.7407407407407407 0.3819444444444444 0.7430555555555556 0.3819444444444444 0.7476851851851852 0.3912037037037037 0.7569444444444444 0.4050925925925926 0.7592592592592593 0.4097222222222222 0.7638888888888888 0.4097222222222222 0.7847222222222222 0.4074074074074074 0.7870370370370371 0.3773148148148148 0.7824074074074074 0.3541666666666667 0.7708333333333334 0.3472222222222222 0.7638888888888888 0.3402777777777778 0.7476851851851852 0.3402777777777778 0.7384259259259259 0.3425925925925926 0.7361111111111112 0.3425925925925926 0.7291666666666666 0.3402777777777778 0.7268518518518519 0.2986111111111111 0.7268518518518519 0.2962962962962963 0.7245370370370371 0.2847222222222222 0.7245370370370371 0.26157407407407407 0.7152777777777778 0.2523148148148148 0.7060185185185185 0.25 0.7060185185185185 0.24537037037037038 0.6967592592592593 0.24537037037037038 0.6921296296296297 0.24305555555555555 0.6898148148148148 0.24537037037037038 0.6736111111111112 0.24074074074074073 0.6689814814814815 0.21296296296296297 0.6689814814814815 0.21064814814814814 0.6666666666666666 0.19675925925925927 0.6666666666666666 0.19444444444444445 0.6643518518518519 0.1875 0.6643518518518519 0.1736111111111111 0.6574074074074074 0.16898148148148148 0.6574074074074074 0.1574074074074074 0.6481481481481481 0.15046296296296297 0.6365740740740741 0.15046296296296297 0.6296296296296297 0.1527777777777778 0.6273148148148148 0.1875 0.6273148148148148 0.18981481481481483 0.6296296296296297
6 0.5439814814814815 0.6504629629629629 0.5671296296296297 0.6597222222222222 0.5787037037037037 0.6712962962962963 0.5833333333333334 0.6805555555555556 0.5833333333333334 0.7013888888888888 0.5879629629629629 0.7060185185185185 0.5902777777777778 0.7037037037037037 0.6087962962962963 0.7037037037037037 0.6134259259259259 0.7083333333333334 0.6134259259259259 0.7245370370370371 0.6041666666666666 0.7245370370370371 0.6018518518518519 0.7268518518518519 0.5995370370370371 0.7245370370370371 0.5972222222222222 0.7268518518518519 0.5856481481481481 0.7245370370370371 0.5833333333333334 0.7268518518518519 0.5833333333333334 0.7476851851851852 0.5856481481481481 0.7523148148148148 0.5949074074074074 0.7592592592592593 0.6018518518518519 0.7592592592592593 0.6111111111111112 0.7638888888888888 0.6157407407407407 0.7708333333333334 0.6157407407407407 0.7800925925925926 0.6111111111111112 0.7847222222222222 0.5995370370370371 0.7847222222222222 0.5972222222222222 0.7824074074074074 0.5810185185185185 0.7800925925925926 0.5740740740740741 0.7754629629629629 0.5648148148148148 0.7731481481481481 0.5462962962962963 0.7523148148148148 0.5462962962962963 0.7361111111111112 0.5416666666666666 0.7245370370370371 0.5370370370370371 0.7268518518518519 0.5324074074074074 0.7268518518518519 0.5300925925925926 0.7245370370370371 0.5115740740740741 0.7245370370370371 0.5092592592592593 0.7268518518518519 0.48842592592592593 0.7245370370370371 0.4837962962962963 0.7291666666666666 0.4837962962962963 0.7453703703703703 0.48148148148148145 0.7476851851851852 0.48148148148148145 0.7523148148148148 0.4652777777777778 0.7708333333333334 0.4444444444444444 0.7800925925925926 0.4351851851851852 0.7800925925925926 0.43287037037037035 0.7824074074074074 0.41203703703703703 0.7824074074074074 0.41203703703703703 0.7685185185185185 0.41435185185185186 0.7662037037037037 0.41435185185185186 0.7615740740740741 0.4351851851851852 0.7569444444444444 0.44212962962962965 0.7523148148148148 0.44675925925925924 0.7453703703703703 0.44675925925925924 0.7268518518518519 0.4444444444444444 0.7245370370370371 0.42592592592592593 0.7245370370370371 0.4236111111111111 0.7268518518518519 0.41898148148148145 0.7245370370370371 0.4166666666666667 0.7222222222222222 0.4166666666666667 0.7060185185185185 0.41898148148148145 0.7037037037037037 0.4444444444444444 0.7037037037037037 0.44907407407407407 0.6990740740740741 0.44907407407407407 0.6805555555555556 0.4513888888888889 0.6782407407407407 0.4513888888888889 0.6736111111111112 0.46296296296296297 0.6620370370370371 0.4791666666666667 0.6527777777777778 0.4976851851851852 0.6504629629629629 0.5 0.6481481481481481 0.5138888888888888 0.6481481481481481 0.5162037037037037 0.6458333333333334 0.5416666666666666 0.6504629629629629
5 0.8263888888888888 0.5925925925925926 0.8287037037037037 0.5949074074074074 0.8379629629629629 0.5949074074074074 0.8402777777777778 0.5972222222222222 0.8541666666666666 0.5995370370370371 0.8657407407407407 0.6064814814814815 0.8796296296296297 0.6203703703703703 0.8796296296296297 0.625 0.8819444444444444 0.6273148148148148 0.8796296296296297 0.6435185185185185 0.8634259259259259 0.6574074074074074 0.8402777777777778 0.6666666666666666 0.8263888888888888 0.6666666666666666 0.8240740740740741 0.6689814814814815 0.7962962962962963 0.6689814814814815 0.7939814814814815 0.6666666666666666 0.7847222222222222 0.6666666666666666 0.7824074074074074 0.6689814814814815 0.7847222222222222 0.6712962962962963 0.7870370370370371 0.6898148148148148 0.7824074074074074 0.7013888888888888 0.7708333333333334 0.7129629629629629 0.7523148148148148 0.7222222222222222 0.7430555555555556 0.7222222222222222 0.7407407407407407 0.7245370370370371 0.7199074074074074 0.7245370370370371 0.7175925925925926 0.7268518518518519 0.7129629629629629 0.7245370370370371 0.6921296296296297 0.7245370370370371 0.6875 0.7291666666666666 0.6875 0.7523148148148148 0.6828703703703703 0.7615740740740741 0.6689814814814815 0.7731481481481481 0.6365740740740741 0.7847222222222222 0.6226851851851852 0.7847222222222222 0.6203703703703703 0.7824074074074074 0.6203703703703703 0.7638888888888888 0.6412037037037037 0.7546296296296297 0.6458333333333334 0.75 0.6481481481481481 0.7453703703703703 0.6481481481481481 0.7268518518518519 0.6458333333333334 0.7245370370370371 0.6296296296296297 0.7245370370370371 0.6273148148148148 0.7268518518518519 0.6203703703703703 0.7222222222222222 0.6203703703703703 0.7175925925925926 0.6180555555555556 0.7152777777777778 0.6180555555555556 0.7037037037037037 0.6435185185185185 0.7037037037037037 0.6458333333333334 0.7013888888888888 0.6458333333333334 0.6782407407407407 0.6481481481481481 0.6736111111111112 0.6574074074074074 0.6643518518518519 0.6712962962962963 0.6574074074074074 0.6759259259259259 0.6527777777777778 0.6828703703703703 0.6527777777777778 0.6944444444444444 0.6481481481481481 0.7384259259259259 0.6481481481481481 0.7407407407407407 0.6458333333333334 0.7407407407407407 0.6203703703703703 0.75 0.6111111111111112 0.7638888888888888 0.6018518518518519 0.7731481481481481 0.5972222222222222 0.7916666666666666 0.5949074074074074 0.7939814814814815 0.5925925925925926 0.8240740740740741 0.5925925925925926
9 0.7106481481481481 0.5393518518518519 0.7129629629629629 0.5439814814814815 0.7129629629629629 0.5532407407407407 0.7106481481481481 0.5578703703703703 0.7037037037037037 0.5578703703703703 0.7013888888888888 0.5601851851851852 0.6898148148148148 0.5625 0.6828703703703703 0.5694444444444444 0.6828703703703703 0.5763888888888888 0.6805555555555556 0.5787037037037037 0.6828703703703703 0.5810185185185185 0.6805555555555556 0.5833333333333334 0.6805555555555556 0.5879629629629629 0.6851851851851852 0.5925925925925926 0.6898148148148148 0.5902777777777778 0.7129629629629629 0.5902777777777778 0.7129629629629629 0.5949074074074074 0.7152777777777778 0.5972222222222222 0.7152777777777778 0.6087962962962963 0.7106481481481481 0.6111111111111112 0.6851851851851852 0.6111111111111112 0.6828703703703703 0.6134259259259259 0.6828703703703703 0.6388888888888888 0.6712962962962963 0.6527777777777778 0.6504629629629629 0.6643518518518519 0.6458333333333334 0.6643518518518519 0.6435185185185185 0.6666666666666666 0.6273148148148148 0.6666666666666666 0.625 0.6689814814814815 0.5949074074074074 0.6666666666666666 0.5925925925925926 0.6643518518518519 0.5856481481481481 0.6643518518518519 0.5833333333333334 0.6620370370370371 0.5717592592592593 0.6597222222222222 0.5648148148148148 0.6550925925925926 0.5486111111111112 0.6365740740740741 0.5486111111111112 0.6226851851851852 0.5509259259259259 0.6180555555555556 0.5717592592592593 0.5995370370370371 0.5763888888888888 0.5995370370370371 0.5856481481481481 0.5949074074074074 0.5949074074074074 0.5949074074074074 0.5972222222222222 0.5925925925925926 0.6365740740740741 0.5925925925925926 0.6412037037037037 0.5879629629629629 0.6412037037037037 0.5694444444444444 0.6527777777777778 0.5555555555555556 0.6712962962962963 0.5439814814814815 0.6898148148148148 0.5416666666666666 0.6921296296296297 0.5393518518518519 0.7083333333333334 0.5393518518518519
4 0.7106481481481481 0.43287037037037035 0.7152777777777778 0.4305555555555556 0.7199074074074074 0.43287037037037035 0.7337962962962963 0.43287037037037035 0.7361111111111112 0.4351851851851852 0.7430555555555556 0.4351851851851852 0.7453703703703703 0.4375 0.7569444444444444 0.4398148148148148 0.7731481481481481 0.4537037037037037 0.7777777777777778 0.4652777777777778 0.7777777777777778 0.48148148148148145 0.7800925925925926 0.4837962962962963 0.8240740740740741 0.4837962962962963 0.8263888888888888 0.4861111111111111 0.8425925925925926 0.48842592592592593 0.8611111111111112 0.4976851851851852 0.875 0.5138888888888888 0.875 0.5277777777777778 0.8611111111111112 0.5439814814814815 0.8472222222222222 0.5509259259259259 0.8310185185185185 0.5532407407407407 0.8287037037037037 0.5555555555555556 0.7847222222222222 0.5555555555555556 0.7800925925925926 0.5601851851851852 0.7824074074074074 0.5625 0.7800925925925926 0.5810185185185185 0.7662037037037037 0.5972222222222222 0.7453703703703703 0.6064814814814815 0.7175925925925926 0.6087962962962963 0.7152777777777778 0.6064814814814815 0.7152777777777778 0.5949074074074074 0.7129629629629629 0.5925925925925926 0.7152777777777778 0.5902777777777778 0.7268518518518519 0.5879629629629629 0.7361111111111112 0.5810185185185185 0.7384259259259259 0.5601851851851852 0.7337962962962963 0.5555555555555556 0.7152777777777778 0.5555555555555556 0.7152777777777778 0.5462962962962963 0.7106481481481481 0.5393518518518519 0.7129629629629629 0.5370370370370371 0.7268518518518519 0.5370370370370371 0.7361111111111112 0.5324074074074074 0.7361111111111112 0.5046296296296297 0.7337962962962963 0.5023148148148148 0.7106481481481481 0.5023148148148148 0.7129629629629629 0.5 0.7129629629629629 0.4837962962962963 0.7314814814814815 0.4837962962962963 0.7337962962962963 0.48148148148148145 0.7337962962962963 0.4675925925925926 0.7245370370370371 0.4583333333333333 0.7106481481481481 0.4537037037037037 0.7106481481481481 0.4444444444444444 0.7129629629629629 0.44212962962962965 0.7106481481481481 0.4398148148148148 0.7106481481481481 0.4351851851851852
3 0.25462962962962965 0.5740740740740741 0.2916666666666667 0.5740740740740741 0.2916666666666667 0.5833333333333334 0.30092592592592593 0.5902777777777778 0.3055555555555556 0.5879629629629629 0.3101851851851852 0.5902777777777778 0.3472222222222222 0.5902777777777778 0.35185185185185186 0.5856481481481481 0.34953703703703703 0.5740740740740741 0.3541666666666667 0.5740740740740741 0.35648148148148145 0.5717592592592593 0.38657407407407407 0.5717592592592593 0.3912037037037037 0.5740740740740741 0.3912037037037037 0.5879629629629629 0.39351851851851855 0.5902777777777778 0.4212962962962963 0.5902777777777778 0.4236111111111111 0.5925925925925926 0.4375 0.5925925925925926 0.4398148148148148 0.5949074074074074 0.45601851851851855 0.5972222222222222 0.4722222222222222 0.6064814814814815 0.4791666666666667 0.6134259259259259 0.4837962962962963 0.625 0.4837962962962963 0.6342592592592593 0.4791666666666667 0.6435185185185185 0.4699074074074074 0.6527777777777778 0.4583333333333333 0.6597222222222222 0.4537037037037037 0.6597222222222222 0.4444444444444444 0.6643518518518519 0.4375 0.6643518518518519 0.4351851851851852 0.6666666666666666 0.39351851851851855 0.6666666666666666 0.3912037037037037 0.6643518518518519 0.3819444444444444 0.6643518518518519 0.375 0.6597222222222222 0.37037037037037035 0.6597222222222222 0.35185185185185186 0.6435185185185185 0.34953703703703703 0.6388888888888888 0.34953703703703703 0.6134259259259259 0.3449074074074074 0.6087962962962963 0.31712962962962965 0.6087962962962963 0.3148148148148148 0.6111111111111112 0.30092592592592593 0.6087962962962963 0.2986111111111111 0.6111111111111112 0.29398148148148145 0.6111111111111112 0.28935185185185186 0.6157407407407407 0.28935185185185186 0.625 0.28703703703703703 0.6273148148148148 0.2523148148148148 0.6273148148148148 0.25 0.625 0.25 0.6134259259259259 0.24537037037037038 0.6087962962962963 0.2175925925925926 0.6087962962962963 0.2152777777777778 0.6111111111111112 0.20833333333333334 0.6111111111111112 0.2037037037037037 0.6134259259259259 0.19212962962962962 0.6273148148148148 0.17824074074074073 0.6273148148148148 0.17592592592592593 0.625 0.1736111111111111 0.6273148148148148 0.16898148148148148 0.625 0.16435185185185186 0.6273148148148148 0.16203703703703703 0.625 0.15046296296296297 0.625 0.1527777777777778 0.6157407407407407 0.16666666666666666 0.6018518518518519 0.17592592592592593 0.5972222222222222 0.18055555555555555 0.5972222222222222 0.19675925925925927 0.5902777777777778 0.2222222222222222 0.5902777777777778 0.22453703703703703 0.5879629629629629 0.22685185185185186 0.5902777777777778 0.24768518518518517 0.5902777777777778 0.25462962962962965 0.5856481481481481 0.25462962962962965 0.5763888888888888
1 0.32175925925925924 0.42824074074074076 0.32407407407407407 0.4305555555555556 0.32407407407407407 0.4444444444444444 0.32175925925925924 0.44907407407407407 0.3055555555555556 0.4537037037037037 0.2962962962962963 0.46296296296296297 0.2962962962962963 0.47685185185185186 0.30324074074074076 0.48148148148148145 0.3055555555555556 0.4791666666666667 0.32407407407407407 0.48148148148148145 0.32407407407407407 0.5 0.32175925925925924 0.5023148148148148 0.2986111111111111 0.5023148148148148 0.2962962962962963 0.5046296296296297 0.2962962962962963 0.5231481481481481 0.29398148148148145 0.5254629629629629 0.2962962962962963 0.5277777777777778 0.2962962962962963 0.5324074074074074 0.30092592592592593 0.5370370370370371 0.30324074074074076 0.5347222222222222 0.33564814814814814 0.5347222222222222 0.33796296296296297 0.5370370370370371 0.34953703703703703 0.5370370370370371 0.35185185185185186 0.5393518518518519 0.36342592592592593 0.5416666666666666 0.3726851851851852 0.5462962962962963 0.38657407407407407 0.5601851851851852 0.3888888888888889 0.5717592592592593 0.38425925925925924 0.5717592592592593 0.3819444444444444 0.5694444444444444 0.34953703703703703 0.5694444444444444 0.3472222222222222 0.5625 0.33564814814814814 0.5555555555555556 0.2962962962962963 0.5555555555555556 0.29398148148148145 0.5578703703703703 0.29398148148148145 0.5694444444444444 0.2916666666666667 0.5717592592592593 0.25462962962962965 0.5717592592592593 0.25462962962962965 0.5578703703703703 0.25 0.5532407407407407 0.24074074074074073 0.5555555555555556 0.23842592592592593 0.5532407407407407 0.2037037037037037 0.5532407407407407 0.2013888888888889 0.5509259259259259 0.19444444444444445 0.5509259259259259 0.19212962962962962 0.5486111111111112 0.18055555555555555 0.5462962962962963 0.16898148148148148 0.5393518518518519 0.1574074074074074 0.5254629629629629 0.1574074074074074 0.5115740740740741 0.1597222222222222 0.5069444444444444 0.17824074074074073 0.49074074074074076 0.18287037037037038 0.49074074074074076 0.19675925925925927 0.4837962962962963 0.20601851851851852 0.4837962962962963 0.20833333333333334 0.48148148148148145 0.25 0.48148148148148145 0.2523148148148148 0.4791666666666667 0.2569444444444444 0.4791666666666667 0.25925925925925924 0.47685185185185186 0.25925925925925924 0.4722222222222222 0.2569444444444444 0.4699074074074074 0.25925925925925924 0.4652777777777778 0.25925925925925924 0.45601851851851855 0.26851851851851855 0.4444444444444444 0.2847222222222222 0.4351851851851852 0.28935185185185186 0.4351851851851852 0.2986111111111111 0.4305555555555556 0.3194444444444444 0.42824074074074076
7 0.4537037037037037 0.4652777777777778 0.4583333333333333 0.4652777777777778 0.46064814814814814 0.46296296296296297 0.48842592592592593 0.4652777777777778 0.5 0.47685185185185186 0.5162037037037037 0.4837962962962963 0.5439814814814815 0.4837962962962963 0.5462962962962963 0.48148148148148145 0.5462962962962963 0.4675925925925926 0.5509259259259259 0.4652777777777778 0.5810185185185185 0.4652777777777778 0.5833333333333334 0.4791666666666667 0.5879629629629629 0.4837962962962963 0.5925925925925926 0.48148148148148145 0.6111111111111112 0.4837962962962963 0.6111111111111112 0.4976851851851852 0.6087962962962963 0.5023148148148148 0.5856481481481481 0.5023148148148148 0.5833333333333334 0.5046296296296297 0.5833333333333334 0.5324074074074074 0.5879629629629629 0.5370370370370371 0.5925925925925926 0.5370370370370371 0.5949074074074074 0.5347222222222222 0.6111111111111112 0.5347222222222222 0.6157407407407407 0.5439814814814815 0.6134259259259259 0.5462962962962963 0.6134259259259259 0.5532407407407407 0.6087962962962963 0.5555555555555556 0.5949074074074074 0.5555555555555556 0.5925925925925926 0.5532407407407407 0.5879629629629629 0.5532407407407407 0.5856481481481481 0.5555555555555556 0.5856481481481481 0.5740740740740741 0.5833333333333334 0.5763888888888888 0.5833333333333334 0.5810185185185185 0.5717592592592593 0.5949074074074074 0.5439814814814815 0.6064814814814815 0.5185185185185185 0.6087962962962963 0.5185185185185185 0.5856481481481481 0.5370370370370371 0.5856481481481481 0.5416666666666666 0.5833333333333334 0.5486111111111112 0.5740740740740741 0.5486111111111112 0.5578703703703703 0.5462962962962963 0.5555555555555556 0.5208333333333334 0.5555555555555556 0.5185185185185185 0.5532407407407407 0.5185185185185185 0.5370370370370371 0.5231481481481481 0.5347222222222222 0.5439814814814815 0.5347222222222222 0.5462962962962963 0.5324074074074074 0.5462962962962963 0.5069444444444444 0.5416666666666666 0.5023148148148148 0.5046296296296297 0.5023148148148148 0.5023148148148148 0.5 0.48148148148148145 0.4976851851851852 0.46064814814814814 0.4837962962962963 0.4537037037037037 0.4722222222222222 0.4537037037037037 0.4675925925925926
2 0.6134259259259259 0.3819444444444444 0.6157407407407407 0.37962962962962965 0.6365740740740741 0.37962962962962965 0.6620370370370371 0.3888888888888889 0.6736111111111112 0.39814814814814814 0.6782407407407407 0.4074074074074074 0.6782407407407407 0.4166666666666667 0.6805555555555556 0.41898148148148145 0.6782407407407407 0.4212962962962963 0.6782407407407407 0.42592592592592593 0.6828703703703703 0.4305555555555556 0.7083333333333334 0.4305555555555556 0.7106481481481481 0.44212962962962965 0.7037037037037037 0.4513888888888889 0.6921296296296297 0.4513888888888889 0.6898148148148148 0.44907407407407407 0.6828703703703703 0.44907407407407407 0.6805555555555556 0.4513888888888889 0.6805555555555556 0.4791666666666667 0.6875 0.4837962962962963 0.6921296296296297 0.48148148148148145 0.6967592592592593 0.4837962962962963 0.6990740740740741 0.48148148148148145 0.7060185185185185 0.48148148148148145 0.7106481481481481 0.4861111111111111 0.7106481481481481 0.49074074074074076 0.7129629629629629 0.4930555555555556 0.7106481481481481 0.5 0.7060185185185185 0.5023148148148148 0.6828703703703703 0.5023148148148148 0.6805555555555556 0.5046296296296297 0.6805555555555556 0.5092592592592593 0.6828703703703703 0.5115740740740741 0.6805555555555556 0.5138888888888888 0.6805555555555556 0.5254629629629629 0.6643518518518519 0.5439814814814815 0.6597222222222222 0.5439814814814815 0.6435185185185185 0.5509259259259259 0.6180555555555556 0.5532407407407407 0.6180555555555556 0.5347222222222222 0.6365740740740741 0.5300925925925926 0.6435185185185185 0.5231481481481481 0.6435185185185185 0.5023148148148148 0.6412037037037037 0.5 0.6365740740740741 0.5023148148148148 0.625 0.5023148148148148 0.6226851851851852 0.5 0.6203703703703703 0.5023148148148148 0.6157407407407407 0.5 0.6157407407407407 0.4837962962962963 0.6180555555555556 0.48148148148148145 0.6388888888888888 0.48148148148148145 0.6412037037037037 0.4791666666666667 0.6412037037037037 0.4537037037037037 0.6365740740740741 0.44907407407407407 0.6342592592592593 0.4513888888888889 0.6157407407407407 0.4513888888888889 0.6134259259259259 0.44907407407407407 0.6134259259259259 0.4351851851851852 0.6157407407407407 0.4305555555555556 0.625 0.4305555555555556 0.6273148148148148 0.42824074074074076 0.6365740740740741 0.4305555555555556 0.6412037037037037 0.42592592592592593 0.6412037037037037 0.41898148148148145 0.6273148148148148 0.4027777777777778 0.6180555555555556 0.4027777777777778 0.6134259259259259 0.40046296296296297 0.6157407407407407 0.38425925925925924
10 0.6087962962962963 0.3773148148148148 0.6111111111111112 0.37962962962962965 0.6111111111111112 0.39351851851851855 0.6087962962962963 0.39814814814814814 0.6041666666666666 0.40046296296296297 0.5925925925925926 0.40046296296296297 0.5879629629629629 0.4027777777777778 0.5810185185185185 0.41203703703703703 0.5810185185185185 0.42592592592592593 0.5833333333333334 0.42824074074074076 0.6041666666666666 0.42824074074074076 0.6087962962962963 0.4305555555555556 0.6111111111111112 0.4351851851851852 0.6111111111111112 0.4444444444444444 0.6087962962962963 0.44907407407407407 0.6041666666666666 0.44907407407407407 0.6018518518518519 0.4513888888888889 0.5879629629629629 0.4513888888888889 0.5856481481481481 0.44907407407407407 0.5810185185185185 0.4537037037037037 0.5810185185185185 0.46296296296296297 0.5509259259259259 0.46296296296296297 0.5486111111111112 0.4652777777777778 0.5439814814814815 0.46296296296296297 0.5439814814814815 0.44907407407407407 0.5416666666666666 0.44675925925925924 0.5370370370370371 0.44907407407407407 0.48842592592592593 0.44907407407407407 0.4861111111111111 0.4513888888888889 0.4861111111111111 0.46064814814814814 0.4837962962962963 0.46296296296296297 0.4513888888888889 0.46296296296296297 0.4513888888888889 0.4513888888888889 0.44907407407407407 0.44907407407407407 0.41203703703703703 0.44907407407407407 0.4097222222222222 0.44675925925925924 0.38657407407407407 0.44212962962962965 0.3819444444444444 0.4375 0.37037037037037035 0.43287037037037035 0.3587962962962963 0.41898148148148145 0.3587962962962963 0.4027777777777778 0.3611111111111111 0.39814814814814814 0.37037037037037035 0.3888888888888889 0.3888888888888889 0.37962962962962965 0.3958333333333333 0.37962962962962965 0.4074074074074074 0.375 0.4375 0.375 0.4398148148148148 0.3773148148148148 0.44907407407407407 0.3773148148148148 0.4513888888888889 0.37962962962962965 0.46296296296296297 0.3819444444444444 0.47453703703703703 0.3888888888888889 0.4861111111111111 0.4027777777777778 0.48842592592592593 0.42592592592592593 0.49074074074074076 0.42824074074074076 0.5416666666666666 0.42824074074074076 0.5439814814814815 0.42592592592592593 0.5439814814814815 0.41435185185185186 0.5462962962962963 0.41203703703703703 0.5462962962962963 0.4074074074074074 0.5555555555555556 0.39351851851851855 0.5717592592592593 0.38425925925925924 0.5763888888888888 0.38425925925925924 0.5856481481481481 0.37962962962962965 0.6018518518518519 0.37962962962962965 0.6064814814814815 0.3773148148148148
8 0.33101851851851855 0.42824074074074076 0.3449074074074074 0.42824074074074076 0.3472222222222222 0.4305555555555556 0.35648148148148145 0.4305555555555556 0.3587962962962963 0.43287037037037035 0.3773148148148148 0.4375 0.38657407407407407 0.44675925925925924 0.3888888888888889 0.44675925925925924 0.39351851851851855 0.4537037037037037 0.39351851851851855 0.4583333333333333 0.3958333333333333 0.46064814814814814 0.3958333333333333 0.47453703703703703 0.39351851851851855 0.47685185185185186 0.39814814814814814 0.48148148148148145 0.4351851851851852 0.48148148148148145 0.4375 0.4837962962962963 0.44907407407407407 0.4837962962962963 0.4722222222222222 0.4930555555555556 0.4861111111111111 0.5092592592592593 0.4861111111111111 0.5138888888888888 0.48842592592592593 0.5162037037037037 0.4861111111111111 0.5347222222222222 0.48842592592592593 0.5370370370370371 0.5115740740740741 0.5370370370370371 0.5138888888888888 0.5393518518518519 0.5138888888888888 0.5532407407407407 0.5115740740740741 0.5555555555555556 0.48842592592592593 0.5555555555555556 0.4837962962962963 0.5601851851851852 0.4837962962962963 0.5763888888888888 0.49537037037037035 0.5879629629629629 0.5 0.5902777777777778 0.5092592592592593 0.5902777777777778 0.5115740740740741 0.5925925925925926 0.5138888888888888 0.5972222222222222 0.5138888888888888 0.6087962962962963 0.5115740740740741 0.6111111111111112 0.5069444444444444 0.6111111111111112 0.5046296296296297 0.6087962962962963 0.4837962962962963 0.6064814814814815 0.46296296296296297 0.5972222222222222 0.4537037037037037 0.5879629629629629 0.44907407407407407 0.5787037037037037 0.44907407407407407 0.5578703703703703 0.44675925925925924 0.5555555555555556 0.4166666666666667 0.5555555555555556 0.41435185185185186 0.5532407407407407 0.39814814814814814 0.5532407407407407 0.3958333333333333 0.5509259259259259 0.38425925925925924 0.5486111111111112 0.37037037037037035 0.5416666666666666 0.3587962962962963 0.5300925925925926 0.3587962962962963 0.5254629629629629 0.35648148148148145 0.5231481481481481 0.35648148148148145 0.5046296296296297 0.3541666666666667 0.5023148148148148 0.33796296296296297 0.5023148148148148 0.33564814814814814 0.5 0.3287037037037037 0.5 0.3287037037037037 0.4861111111111111 0.33101851851851855 0.48148148148148145 0.33564814814814814 0.4791666666666667 0.33796296296296297 0.48148148148148145 0.35648148148148145 0.48148148148148145 0.3587962962962963 0.4791666666666667 0.3587962962962963 0.46064814814814814 0.35185185185185186 0.4537037037037037 0.3472222222222222 0.4537037037037037 0.3402777777777778 0.44907407407407407 0.33101851851851855 0.44675925925925924 0.33101851851851855 0.4375 0.3287037037037037 0.4351851851851852 0.33101851851851855 0.4305555555555556
11 0.0848135 0.365 0.08880994675925925 0.36700000000000005 0.0896980462962963 0.37175 0.09236234490740741 0.37325 0.09236234490740741 0.37875000000000003 0.09147424537037037 0.3805 0.0848135 0.3845 0.08259325 0.3905 0.07726465277777778 0.428 0.07149200694444445 0.50925 0.06660746064814814 0.536 0.05950266435185186 0.643 0.055950266203703705 0.6637500000000001 0.05772646527777778 0.6747500000000001 0.05373001851851852 0.69125 0.04751332175925926 0.7645000000000001 0.04751332175925926 0.77825 0.04973356944444445 0.7897500000000001 0.05373001851851852 0.7955 0.06749556018518518 0.80725 0.07104795833333333 0.80725 0.0821492013888889 0.8140000000000001 0.09502664351851851 0.818 0.10568383564814815 0.8195 0.1412078148148148 0.81875 0.14387211342592593 0.8195 0.1749555949074074 0.819 0.18738898842592594 0.81975 0.19671403240740742 0.81875 0.22291296527777776 0.819 0.2277975138888889 0.8200000000000001 0.2375666064814815 0.81875 0.27575488425925926 0.81875 0.2810834814814815 0.8195 0.29218472453703703 0.81875 0.29751332175925926 0.8200000000000001 0.31039076388888887 0.81975 0.31483126157407404 0.81875 0.33747779861111116 0.81975 0.3743339259259259 0.8185 0.39387211342592593 0.81925 0.39698046296296297 0.8182499999999999 0.4058614560185185 0.818 0.42140319675925925 0.8195 0.5710479583333333 0.81925 0.5976909421296297 0.81775 0.6176731782407408 0.81975 0.6407637662037038 0.8182499999999999 0.6429840138888889 0.819 0.6659267314814814 0.81775 0.6718472476851851 0.8185 0.6749555949074074 0.81725 0.6789520416666667 0.818 0.6833925393518518 0.81675 0.6869449375000001 0.81725 0.6971580810185185 0.81625 0.7100355231481481 0.81675 0.7166962708333334 0.818 0.7437833032407407 0.81675 0.7562166967592593 0.81775 0.7704262870370371 0.8165 0.8183836597222223 0.818 0.8476909421296297 0.8165 0.8587921851851852 0.81725 0.8658969814814815 0.819 0.8796625231481481 0.816 0.8873223796296296 0.816 0.893872113425926 0.81725 0.9151865 0.81625 0.9218472476851851 0.8140000000000001 0.9391651875 0.8119999999999999 0.9502664305555556 0.807 0.9649200717592592 0.7965000000000001 0.9689165185185185 0.78475 0.9729129652777778 0.7792500000000001 0.9720248657407408 0.7715000000000001 0.9698046180555556 0.7685000000000001 0.9715808171296296 0.74675 0.9666962708333334 0.7034999999999999 0.9675843703703704 0.69875 0.9649200717592592 0.69075 0.9635879212962963 0.6495 0.9618117222222222 0.646 0.9609236226851853 0.62175 0.9560390763888889 0.57675 0.9529307291666667 0.50475 0.9480461805555556 0.45825 0.9453818819444444 0.44675000000000004 0.9476021319444444 0.44199999999999995 0.9418294837962963 0.43775000000000003 0.9458259328703704 0.43524999999999997 0.9444937824074074 0.42775 0.9462699814814814 0.42425 0.9462699814814814 0.4145 0.9458259328703704 0.41000000000000003 0.9422735347222222 0.408 0.9440497337962962 0.40075 0.9373889884259259 0.3975 0.9342806388888889 0.3855 0.9418294837962963 0.37050000000000005 0.9458259328703704 0.3665 0.9476021319444444 0.35925 0.9467140324074074 0.33275 0.9453818819444444 0.33 0.9391651875 0.32625 0.9289520416666667 0.3225 0.9045293078703703 0.3215 0.8832149189814814 0.323 0.876998224537037 0.321 0.8681172291666667 0.32075 0.7966252222222222 0.32025000000000003 0.7850799282407408 0.322 0.7730905856481483 0.31975000000000003 0.6936056828703704 0.32 0.39742451157407405 0.31625000000000003 0.11944937731481481 0.314 0.10287166898148149 0.3155 0.09502664351851851 0.314 0.0901420949074074 0.3165 0.08525754861111111 0.32375000000000004 0.08348134953703704 0.335 0.08081705092592592 0.33799999999999997 0.08259325 0.34175 0.08081705092592592 0.35125 0.0821492013888889 0.3595 0.0848135 0.365
12 0.982446712962963 0.32001874999999996 0.07499556018518519 0.32001874999999996 0.07499556018518519 0.37870625 0.982446712962963 0.37870625 0.982446712962963 0.32001874999999996
13 0.4205150972222222 0.42600000000000005 0.4320603912037037 0.42624999999999996 0.4413854351851852 0.425 0.4471580810185185 0.4215 0.44804618055555556 0.41125 0.44582593287037037 0.40775 0.43827708796296294 0.40275 0.4325044398148148 0.40075 0.4147424513888889 0.39975 0.4058614560185185 0.40275 0.39875665972222224 0.40925 0.39920071064814816 0.4185 0.4049733564814815 0.422 0.41252220138888884 0.4245 0.4205150972222222 0.42600000000000005
13 0.6056838356481481 0.42674999999999996 0.6123445833333334 0.4285 0.6225577268518518 0.42674999999999996 0.6283303726851851 0.423 0.6323268217592592 0.41825 0.6327708703703704 0.41375 0.6292184722222223 0.4075 0.6225577268518518 0.4045 0.6092362337962962 0.40225 0.6056838356481481 0.40249999999999997 0.5923623449074074 0.4075 0.5874777986111112 0.41325 0.5879218472222222 0.41875 0.5919182939814815 0.424 0.5954706921296297 0.42575 0.6056838356481481 0.42674999999999996
13 0.7144760208333333 0.48075 0.7220248657407408 0.479 0.729129662037037 0.47425 0.7309058611111111 0.46925 0.7277975138888889 0.46325 0.7175843703703704 0.45675 0.706483125 0.45449999999999996 0.6949378333333334 0.4555 0.688277087962963 0.45749999999999996 0.6838365902777779 0.46099999999999997 0.6829484907407407 0.46675 0.6847246898148148 0.47300000000000003 0.6949378333333334 0.47925 0.7144760208333333 0.48075
13 0.5150976898148149 0.4805 0.5217584375 0.4805 0.5297513310185186 0.47875 0.5377442268518519 0.47075 0.5386323263888889 0.4635 0.5368561273148148 0.46075000000000005 0.5293072824074074 0.45525 0.5235346365740741 0.45425 0.5093250439814815 0.453 0.5039964467592593 0.45399999999999996 0.4973357013888889 0.45875 0.49378330324074077 0.464 0.49333925462962963 0.46775000000000005 0.4977797523148148 0.47450000000000003 0.5044404976851852 0.47800000000000004 0.5150976898148149 0.4805
13 0.3059502662037037 0.47725 0.3237122546296296 0.47975 0.32815275231481483 0.47975 0.34103019444444443 0.477 0.3494671412037037 0.47800000000000004 0.35568383564814815 0.47725 0.3570159861111111 0.47375 0.35657193518518515 0.462 0.3521314398148148 0.45599999999999996 0.3445825925925926 0.45325 0.3263765532407408 0.451 0.3108348125 0.45449999999999996 0.3050621666666667 0.45825 0.30106571990740744 0.46325 0.30106571990740744 0.46875 0.30195381944444444 0.474 0.3059502662037037 0.47725
13 0.21269982175925928 0.5317500000000001 0.21936056944444446 0.53325 0.2309058611111111 0.5335 0.24555950231481483 0.5325 0.2504440486111111 0.53025 0.2526642986111111 0.517 0.24866785185185183 0.50575 0.24156305555555554 0.504 0.2202486689814815 0.50375 0.20781527546296297 0.5075000000000001 0.2015985787037037 0.51275 0.20026643055555554 0.5155 0.2015985787037037 0.5217499999999999 0.2069271759259259 0.52925 0.21269982175925928 0.5317500000000001
13 0.4222912962962963 0.5339999999999999 0.4356127893518518 0.5337500000000001 0.4462699814814815 0.532 0.44937833101851854 0.5245 0.44937833101851854 0.51525 0.4462699814814815 0.51075 0.4391651875 0.5065 0.4258436944444444 0.50425 0.41119005324074076 0.504 0.4027531087962963 0.505 0.3978685601851852 0.5065 0.39387211342592593 0.51375 0.39520426388888885 0.52325 0.4009769097222222 0.529 0.40630550694444445 0.5315 0.4222912962962963 0.5339999999999999
13 0.6158969814814815 0.5335 0.625666074074074 0.5307499999999999 0.6314387222222222 0.527 0.6345470694444444 0.5195 0.6327708703703704 0.5145000000000001 0.6274422731481482 0.51025 0.6190053287037037 0.507 0.6065719351851853 0.50675 0.5950266435185185 0.5097499999999999 0.5905861458333334 0.5115 0.5874777986111112 0.51575 0.5870337476851852 0.52125 0.5888099467592592 0.5265 0.5985790416666666 0.53275 0.6158969814814815 0.5335
13 0.811722912037037 0.535 0.8170515092592593 0.5337500000000001 0.8241563055555555 0.52975 0.8277087037037036 0.52425 0.8268206041666667 0.5185 0.8210479583333333 0.5115 0.8139431620370371 0.50825 0.8032859675925926 0.50675 0.7904085254629629 0.50775 0.7828596805555555 0.51 0.7815275300925926 0.5135 0.7819715810185185 0.527 0.7850799282407408 0.53275 0.7944049722222223 0.53475 0.811722912037037 0.535
13 0.7020426296296297 0.5885 0.7135879212962963 0.58775 0.7233570162037037 0.58575 0.729129662037037 0.58275 0.7322380115740741 0.5775 0.7322380115740741 0.5705 0.7304618125 0.5675 0.7184724699074074 0.56125 0.7055950277777777 0.5599999999999999 0.6958259328703704 0.5615 0.6887211365740741 0.56425 0.6847246898148148 0.56825 0.6847246898148148 0.5795 0.688277087962963 0.5840000000000001 0.6958259328703704 0.5875 0.7020426296296297 0.5885
13 0.5155417407407408 0.5885 0.5319715810185185 0.5842499999999999 0.5377442268518519 0.5792499999999999 0.539520425925926 0.57525 0.5390763773148148 0.5675 0.5350799282407407 0.56325 0.5284191828703704 0.5599999999999999 0.518650087962963 0.559 0.501776199074074 0.5605 0.49333925462962963 0.5655 0.4893428055555556 0.5722499999999999 0.49067495601851846 0.57825 0.4973357013888889 0.58475 0.5066607453703704 0.586 0.5155417407407408 0.5885
13 0.31394316203703704 0.58775 0.32682060416666664 0.5885 0.3485790416666667 0.585 0.3472468912037037 0.5835 0.3490230902777778 0.5755 0.3476909421296296 0.5685 0.3445825925925926 0.56325 0.33792184722222224 0.55875 0.32460035416666666 0.5569999999999999 0.3179396087962963 0.55775 0.3015097685185185 0.5619999999999999 0.29840142129629627 0.56575 0.29662522222222226 0.5705 0.29662522222222226 0.5792499999999999 0.3028419189814815 0.5855 0.31394316203703704 0.58775
13 0.21758437037037037 0.6445 0.23934280555555554 0.6425 0.24555950231481483 0.6307499999999999 0.24600355324074072 0.62425 0.24156305555555554 0.618 0.23801065740740743 0.6155 0.2202486689814815 0.61175 0.21225577314814817 0.6125 0.2015985787037037 0.6160000000000001 0.19582593287037037 0.62425 0.19493783333333334 0.63 0.19760213194444443 0.637 0.20248667824074074 0.6415 0.21758437037037037 0.6445
13 0.4054174074074074 0.644 0.416074599537037 0.646 0.42539964583333334 0.6455 0.4320603912037037 0.64375 0.4422735347222222 0.637 0.4449378333333333 0.63 0.4431616342592593 0.6244999999999999 0.4391651875 0.6195 0.42850799305555554 0.61475 0.41829484953703705 0.6134999999999999 0.4040852569444444 0.61575 0.39698046296296297 0.6155 0.3925399652777778 0.62 0.3903197152777778 0.6234999999999999 0.3929840138888889 0.63425 0.3983126111111111 0.6402500000000001 0.4054174074074074 0.644
13 0.6110124328703704 0.645 0.6203374768518519 0.6445 0.6265541736111111 0.643 0.6341030185185185 0.639 0.6385435162037036 0.63175 0.6380994675925926 0.62575 0.6354351689814814 0.62075 0.6261101250000001 0.61575 0.6092362337962962 0.614 0.5999111898148148 0.61575 0.5923623449074074 0.6195 0.5879218472222222 0.6255000000000001 0.5883658958333333 0.6339999999999999 0.5954706921296297 0.6402500000000001 0.6052397870370371 0.644 0.6110124328703704 0.645
13 0.8214920069444445 0.64325 0.8281527523148149 0.6405000000000001 0.8343694490740741 0.6337499999999999 0.8348135 0.6262500000000001 0.8294849027777778 0.6195 0.8237122546296297 0.6160000000000001 0.8143872106481481 0.61375 0.8063943171296296 0.61375 0.7966252222222222 0.6162500000000001 0.7904085254629629 0.6192500000000001 0.7868561273148148 0.62425 0.7859680277777777 0.6407499999999999 0.7881882777777778 0.644 0.810390763888889 0.64525 0.8214920069444445 0.64325
13 0.725577263888889 0.7 0.7317939606481482 0.6975 0.7411190046296297 0.6894999999999999 0.7411190046296297 0.68125 0.7366785069444445 0.6725 0.7344582592592593 0.6715000000000001 0.7131438726851852 0.67025 0.7033747777777778 0.6717500000000001 0.6976021319444444 0.67375 0.6927175833333332 0.677 0.6891651875 0.68275 0.6891651875 0.6990000000000001 0.6958259328703704 0.701 0.7144760208333333 0.70175 0.725577263888889 0.7
13 0.5044404976851852 0.6995 0.5146536412037037 0.7005 0.5293072824074074 0.6995 0.5381882777777778 0.69475 0.5430728240740741 0.6892499999999999 0.5417406759259259 0.6785000000000001 0.5337477800925926 0.6725 0.5261989351851851 0.67 0.5137655416666667 0.66925 0.5013321481481482 0.6715000000000001 0.4915630555555556 0.67575 0.4884547060185185 0.681 0.4880106574074074 0.6865 0.48978685648148146 0.691 0.49600355324074075 0.69675 0.5044404976851852 0.6995
13 0.31261101157407406 0.70225 0.3330373009259259 0.70125 0.34147424537037036 0.69925 0.34280639351851855 0.69225 0.3419182939814815 0.6825 0.34058614583333335 0.6787500000000001 0.3348135 0.67425 0.32238010648148147 0.6705 0.3134991111111111 0.67 0.2930728240740741 0.67125 0.2895204259259259 0.675 0.2895204259259259 0.6894999999999999 0.293516875 0.6960000000000001 0.29751332175925926 0.6990000000000001 0.31261101157407406 0.70225
13 0.41119005324074076 0.7597499999999999 0.42984014120370373 0.7565 0.43472468981481477 0.75475 0.440053287037037 0.751 0.44271758333333333 0.7454999999999999 0.44271758333333333 0.7375 0.4409413865740741 0.733 0.42673179398148153 0.72825 0.4147424513888889 0.7262500000000001 0.40941385416666665 0.729 0.3960923634259259 0.73225 0.3889875671296296 0.7395 0.3885435162037037 0.74475 0.3929840138888889 0.75325 0.4040852569444444 0.758 0.41119005324074076 0.7597499999999999
13 0.5990230902777779 0.75675 0.6158969814814815 0.76 0.6207815277777777 0.758 0.6336589699074074 0.75525 0.6389875671296296 0.7512500000000001 0.6425399652777778 0.74325 0.6367673171296296 0.73175 0.6332149189814814 0.73175 0.6194493773148148 0.7272500000000001 0.6158969814814815 0.72675 0.6087921851851852 0.72875 0.5968028425925925 0.72925 0.5905861458333334 0.73275 0.5865896990740741 0.73825 0.5861456481481482 0.7424999999999999 0.5888099467592592 0.7515000000000001 0.5941385439814815 0.75525 0.5990230902777779 0.75675