5 0.4027777777777778 0.28935185185185186 0.4050925925925926 0.2916666666666667 0.41203703703703703 0.2916666666666667 0.41435185185185186 0.29398148148148145 0.42592592592592593 0.2962962962962963 0.4398148148148148 0.3055555555555556 0.4537037037037037 0.32175925925925924 0.4537037037037037 0.3287037037037037 0.45601851851851855 0.33101851851851855 0.4537037037037037 0.3425925925925926 0.4398148148148148 0.3611111111111111 0.41898148148148145 0.3726851851851852 0.41203703703703703 0.3726851851851852 0.4097222222222222 0.375 0.39351851851851855 0.3773148148148148 0.3912037037037037 0.37962962962962965 0.3402777777777778 0.37962962962962965 0.33796296296296297 0.3819444444444444 0.33796296296296297 0.4027777777777778 0.33564814814814814 0.4050925925925926 0.33564814814814814 0.41203703703703703 0.33101851851851855 0.41898148148148145 0.30324074074074076 0.4351851851851852 0.2962962962962963 0.4351851851851852 0.2916666666666667 0.4398148148148148 0.26851851851851855 0.44212962962962965 0.2662037037037037 0.4444444444444444 0.2361111111111111 0.4444444444444444 0.2337962962962963 0.44212962962962965 0.22685185185185186 0.44212962962962965 0.2222222222222222 0.44675925925925924 0.22453703703703703 0.4583333333333333 0.2199074074074074 0.46296296296296297 0.19675925925925927 0.46296296296296297 0.19444444444444445 0.46064814814814814 0.18518518518518517 0.46064814814814814 0.18287037037037038 0.46296296296296297 0.18055555555555555 0.46064814814814814 0.1736111111111111 0.46064814814814814 0.1712962962962963 0.4583333333333333 0.1712962962962963 0.4444444444444444 0.16435185185185186 0.4398148148148148 0.16203703703703703 0.44212962962962965 0.1597222222222222 0.4398148148148148 0.1550925925925926 0.4398148148148148 0.1527777777777778 0.44212962962962965 0.15046296296296297 0.4398148148148148 0.14814814814814814 0.44212962962962965 0.12037037037037036 0.4444444444444444 0.09953703703703703 0.46296296296296297 0.05787037037037037 0.46296296296296297 0.05324074074074074 0.46064814814814814 0.05324074074074074 0.4513888888888889 0.06712962962962964 0.4351851851851852 0.07407407407407407 0.4305555555555556 0.0787037037037037 0.4305555555555556 0.09953703703703703 0.4212962962962963 0.1111111111111111 0.4212962962962963 0.11342592592592593 0.41898148148148145 0.16435185185185186 0.41898148148148145 0.16898148148148148 0.4166666666666667 0.1712962962962963 0.41435185185185186 0.1712962962962963 0.3888888888888889 0.17592592592592593 0.37962962962962965 0.1875 0.3680555555555556 0.19444444444444445 0.36574074074074076 0.19907407407407407 0.3611111111111111 0.2037037037037037 0.3611111111111111 0.2199074074074074 0.3541666666666667 0.2337962962962963 0.3541666666666667 0.2361111111111111 0.35185185185185186 0.28935185185185186 0.35185185185185186 0.29398148148148145 0.3472222222222222 0.29398148148148145 0.32175925925925924 0.2962962962962963 0.31712962962962965 0.30787037037037035 0.30324074074074076 0.3148148148148148 0.30092592592592593 0.3194444444444444 0.2962962962962963 0.32407407407407407 0.2962962962962963 0.3333333333333333 0.2916666666666667 0.3402777777777778 0.2916666666666667 0.3425925925925926 0.28935185185185186 0.35185185185185186 0.28935185185185186 0.3541666666666667 0.28703703703703703 0.39351851851851855 0.28703703703703703 0.3958333333333333 0.28935185185185186 0.40046296296296297 0.28935185185185186
0 0.4861111111111111 0.3541666666666667 0.4930555555555556 0.3587962962962963 0.49074074074074076 0.36342592592592593 0.4930555555555556 0.36574074074074076 0.49074074074074076 0.3680555555555556 0.49074074074074076 0.375 0.4861111111111111 0.37962962962962965 0.4791666666666667 0.37962962962962965 0.47685185185185186 0.3773148148148148 0.4722222222222222 0.3819444444444444 0.46296296296296297 0.38425925925925924 0.45601851851851855 0.3912037037037037 0.45601851851851855 0.3958333333333333 0.4537037037037037 0.39814814814814814 0.4537037037037037 0.41435185185185186 0.4583333333333333 0.41898148148148145 0.46296296296296297 0.41898148148148145 0.4652777777777778 0.4212962962962963 0.4722222222222222 0.4212962962962963 0.47453703703703703 0.41898148148148145 0.4837962962962963 0.41898148148148145 0.48842592592592593 0.4212962962962963 0.49074074074074076 0.42592592592592593 0.48842592592592593 0.44212962962962965 0.4837962962962963 0.4444444444444444 0.46296296296296297 0.4444444444444444 0.4583333333333333 0.44212962962962965 0.4537037037037037 0.44675925925925924 0.4537037037037037 0.4699074074074074 0.4513888888888889 0.47453703703703703 0.44212962962962965 0.4861111111111111 0.42824074074074076 0.49537037037037035 0.4097222222222222 0.5023148148148148 0.38657407407407407 0.5046296296296297 0.38425925925925924 0.5069444444444444 0.37962962962962965 0.5046296296296297 0.375 0.5069444444444444 0.3425925925925926 0.5069444444444444 0.3402777777777778 0.5092592592592593 0.3402777777777778 0.5231481481481481 0.33796296296296297 0.5254629629629629 0.2962962962962963 0.5254629629629629 0.2916666666666667 0.5208333333333334 0.29398148148148145 0.5138888888888888 0.28703703703703703 0.5046296296296297 0.2824074074074074 0.5046296296296297 0.2800925925925926 0.5069444444444444 0.2777777777777778 0.5046296296296297 0.25462962962962965 0.5046296296296297 0.2523148148148148 0.5069444444444444 0.24305555555555555 0.5069444444444444 0.2337962962962963 0.5115740740740741 0.2222222222222222 0.5254629629629629 0.2175925925925926 0.5254629629629629 0.2152777777777778 0.5277777777777778 0.17824074074074073 0.5277777777777778 0.17592592592592593 0.5254629629629629 0.17824074074074073 0.5138888888888888 0.19212962962962962 0.5 0.19907407407407407 0.4976851851851852 0.20833333333333334 0.49074074074074076 0.2152777777777778 0.49074074074074076 0.2222222222222222 0.4861111111111111 0.23148148148148148 0.4861111111111111 0.2337962962962963 0.4837962962962963 0.28935185185185186 0.4837962962962963 0.29398148148148145 0.4791666666666667 0.29398148148148145 0.45601851851851855 0.2962962962962963 0.4537037037037037 0.2962962962962963 0.44907407407407407 0.3055555555555556 0.4375 0.33796296296296297 0.4212962962962963 0.34953703703703703 0.4212962962962963 0.35185185185185186 0.41898148148148145 0.4074074074074074 0.41898148148148145 0.41203703703703703 0.41435185185185186 0.41203703703703703 0.39351851851851855 0.41435185185185186 0.3912037037037037 0.41435185185185186 0.38657407407407407 0.42824074074074076 0.37037037037037035 0.44675925925925924 0.3611111111111111 0.4537037037037037 0.3611111111111111 0.46296296296296297 0.35648148148148145 0.4791666666666667 0.35648148148148145 0.4837962962962963 0.3541666666666667
4 0.7569444444444444 0.35648148148148145 0.7592592592592593 0.3587962962962963 0.7685185185185185 0.3587962962962963 0.7777777777777778 0.36342592592592593 0.7962962962962963 0.3773148148148148 0.8032407407407407 0.3888888888888889 0.8032407407407407 0.4166666666666667 0.8055555555555556 0.41898148148148145 0.8101851851851852 0.41898148148148145 0.8125 0.4212962962962963 0.8171296296296297 0.41898148148148145 0.8217592592592593 0.4212962962962963 0.8240740740740741 0.41898148148148145 0.8356481481481481 0.4212962962962963 0.8379629629629629 0.41898148148148145 0.8402777777777778 0.4212962962962963 0.8564814814814815 0.4212962962962963 0.8587962962962963 0.4236111111111111 0.8703703703703703 0.4236111111111111 0.8726851851851852 0.42592592592592593 0.8773148148148148 0.42592592592592593 0.8981481481481481 0.4375 0.9074074074074074 0.44675925925925924 0.9120370370370371 0.45601851851851855 0.9120370370370371 0.46296296296296297 0.9097222222222222 0.4652777777777778 0.8587962962962963 0.4652777777777778 0.8449074074074074 0.44907407407407407 0.8402777777777778 0.44907407407407407 0.8333333333333334 0.4444444444444444 0.8055555555555556 0.4444444444444444 0.8009259259259259 0.44907407407407407 0.8009259259259259 0.46064814814814814 0.7986111111111112 0.46296296296296297 0.7916666666666666 0.46296296296296297 0.7893518518518519 0.4652777777777778 0.7638888888888888 0.46296296296296297 0.7615740740740741 0.4652777777777778 0.7592592592592593 0.46296296296296297 0.7476851851851852 0.46296296296296297 0.7453703703703703 0.46064814814814814 0.7453703703703703 0.4513888888888889 0.7476851851851852 0.44675925925925924 0.7407407407407407 0.44212962962962965 0.6898148148148148 0.44212962962962965 0.6875 0.4444444444444444 0.6875 0.45601851851851855 0.6851851851851852 0.46064814814814814 0.6412037037037037 0.46296296296296297 0.6365740740740741 0.4583333333333333 0.6365740740740741 0.44675925925925924 0.6319444444444444 0.44212962962962965 0.625 0.44212962962962965 0.6226851851851852 0.4398148148148148 0.6203703703703703 0.44212962962962965 0.6134259259259259 0.4398148148148148 0.6111111111111112 0.44212962962962965 0.5879629629629629 0.4444444444444444 0.5763888888888888 0.4537037037037037 0.5717592592592593 0.46296296296296297 0.5277777777777778 0.46296296296296297 0.5277777777777778 0.4537037037037037 0.5300925925925926 0.44907407407407407 0.5462962962962963 0.43287037037037035 0.5555555555555556 0.42824074074074076 0.5601851851851852 0.42824074074074076 0.5740740740740741 0.4212962962962963 0.5856481481481481 0.4212962962962963 0.5879629629629629 0.41898148148148145 0.6342592592592593 0.41898148148148145 0.6388888888888888 0.41435185185185186 0.6388888888888888 0.3958333333333333 0.6435185185185185 0.38425925925925924 0.6527777777777778 0.375 0.6782407407407407 0.3611111111111111 0.6921296296296297 0.3587962962962963 0.6944444444444444 0.35648148148148145 0.7060185185185185 0.35648148148148145 0.7083333333333334 0.3541666666666667 0.7222222222222222 0.3541666666666667 0.7245370370370371 0.35185185185185186 0.7546296296296297 0.35648148148148145
2 0.5300925925925926 0.46296296296296297 0.5324074074074074 0.4652777777777778 0.5740740740740741 0.4652777777777778 0.5763888888888888 0.4722222222222222 0.5856481481481481 0.48148148148148145 0.5902777777777778 0.48148148148148145 0.5925925925925926 0.4837962962962963 0.6064814814814815 0.4837962962962963 0.6087962962962963 0.4861111111111111 0.6342592592592593 0.4861111111111111 0.6365740740740741 0.4837962962962963 0.6365740740740741 0.4791666666666667 0.6388888888888888 0.47685185185185186 0.6365740740740741 0.47453703703703703 0.6412037037037037 0.4652777777777778 0.6828703703703703 0.4652777777777778 0.6851851851851852 0.4675925925925926 0.6851851851851852 0.4837962962962963 0.6875 0.4861111111111111 0.7453703703703703 0.4861111111111111 0.7476851851851852 0.4837962962962963 0.7476851851851852 0.4675925925925926 0.7986111111111112 0.4675925925925926 0.8009259259259259 0.4699074074074074 0.8009259259259259 0.4791666666666667 0.7986111111111112 0.48148148148148145 0.8032407407407407 0.4861111111111111 0.8125 0.4861111111111111 0.8148148148148148 0.48842592592592593 0.8171296296296297 0.4861111111111111 0.8379629629629629 0.4861111111111111 0.8402777777777778 0.4837962962962963 0.8449074074074074 0.4837962962962963 0.8518518518518519 0.4791666666666667 0.8611111111111112 0.4675925925925926 0.9097222222222222 0.4675925925925926 0.9120370370370371 0.4699074074074074 0.9120370370370371 0.47453703703703703 0.9027777777777778 0.48842592592592593 0.8935185185185185 0.49537037037037035 0.8680555555555556 0.5069444444444444 0.8564814814814815 0.5069444444444444 0.8541666666666666 0.5092592592592593 0.8032407407407407 0.5092592592592593 0.7962962962962963 0.5138888888888888 0.7962962962962963 0.5277777777777778 0.7847222222222222 0.5277777777777778 0.7824074074074074 0.5300925925925926 0.7800925925925926 0.5277777777777778 0.7777777777777778 0.5300925925925926 0.75 0.5277777777777778 0.7476851851851852 0.5254629629629629 0.7476851851851852 0.5162037037037037 0.75 0.5138888888888888 0.7430555555555556 0.5092592592592593 0.6875 0.5092592592592593 0.6828703703703703 0.5138888888888888 0.6828703703703703 0.5208333333333334 0.6782407407407407 0.5277777777777778 0.6388888888888888 0.5277777777777778 0.6342592592592593 0.5254629629629629 0.6342592592592593 0.5162037037037037 0.6388888888888888 0.5115740740740741 0.6365740740740741 0.5092592592592593 0.5972222222222222 0.5092592592592593 0.5949074074074074 0.5069444444444444 0.5833333333333334 0.5069444444444444 0.5810185185185185 0.5046296296296297 0.5740740740740741 0.5046296296296297 0.5717592592592593 0.5023148148148148 0.5601851851851852 0.5 0.5462962962962963 0.4930555555555556 0.5324074074074074 0.48148148148148145 0.5277777777777778 0.47453703703703703 0.5277777777777778 0.4652777777777778
10 0.6504629629629629 0.5300925925925926 0.6527777777777778 0.5324074074074074 0.6736111111111112 0.5324074074074074 0.6759259259259259 0.5300925925925926 0.6851851851851852 0.5324074074074074 0.6875 0.5347222222222222 0.6875 0.5509259259259259 0.6898148148148148 0.5532407407407407 0.6944444444444444 0.5509259259259259 0.7175925925925926 0.5509259259259259 0.7199074074074074 0.5486111111111112 0.7268518518518519 0.5486111111111112 0.7361111111111112 0.5439814814814815 0.7476851851851852 0.5324074074074074 0.7986111111111112 0.5324074074074074 0.7986111111111112 0.5416666666666666 0.7962962962962963 0.5462962962962963 0.7870370370370371 0.5555555555555556 0.7731481481481481 0.5648148148148148 0.7685185185185185 0.5648148148148148 0.7615740740740741 0.5694444444444444 0.7546296296296297 0.5694444444444444 0.7523148148148148 0.5717592592592593 0.7430555555555556 0.5717592592592593 0.7407407407407407 0.5740740740740741 0.6898148148148148 0.5740740740740741 0.6851851851851852 0.5787037037037037 0.6851851851851852 0.6064814814814815 0.6898148148148148 0.6111111111111112 0.6944444444444444 0.6111111111111112 0.6967592592592593 0.6134259259259259 0.6990740740740741 0.6111111111111112 0.7361111111111112 0.6134259259259259 0.7384259259259259 0.6157407407407407 0.7453703703703703 0.6157407407407407 0.7476851851851852 0.6180555555555556 0.7662037037037037 0.6226851851851852 0.7870370370370371 0.6365740740740741 0.7962962962962963 0.6504629629629629 0.7962962962962963 0.6689814814814815 0.7824074074074074 0.6851851851851852 0.7662037037037037 0.6944444444444444 0.7615740740740741 0.6944444444444444 0.7523148148148148 0.6990740740740741 0.7222222222222222 0.7013888888888888 0.7199074074074074 0.7037037037037037 0.7152777777777778 0.7013888888888888 0.6875 0.6990740740740741 0.6643518518518519 0.6898148148148148 0.6412037037037037 0.6689814814814815 0.6365740740740741 0.6597222222222222 0.6365740740740741 0.6412037037037037 0.6342592592592593 0.6388888888888888 0.6111111111111112 0.6388888888888888 0.6087962962962963 0.6365740740740741 0.6064814814814815 0.6134259259259259 0.6087962962962963 0.6111111111111112 0.6203703703703703 0.6134259259259259 0.6226851851851852 0.6111111111111112 0.6342592592592593 0.6111111111111112 0.6365740740740741 0.6087962962962963 0.6365740740740741 0.5995370370370371 0.6388888888888888 0.5972222222222222 0.6388888888888888 0.5787037037037037 0.6342592592592593 0.5740740740740741 0.625 0.5740740740740741 0.6226851851851852 0.5694444444444444 0.6180555555555556 0.5694444444444444 0.6157407407407407 0.5717592592592593 0.6134259259259259 0.5694444444444444 0.6087962962962963 0.5694444444444444 0.6087962962962963 0.5555555555555556 0.6064814814814815 0.5509259259259259 0.6087962962962963 0.5486111111111112 0.6365740740740741 0.5486111111111112 0.6388888888888888 0.5462962962962963 0.6388888888888888 0.5324074074074074 0.6412037037037037 0.5300925925925926 0.6481481481481481 0.5300925925925926
9 0.5162037037037037 0.4861111111111111 0.5347222222222222 0.4930555555555556 0.5416666666666666 0.4930555555555556 0.5462962962962963 0.4976851851851852 0.5532407407407407 0.5 0.5532407407407407 0.5023148148148148 0.5648148148148148 0.5115740740740741 0.5717592592592593 0.5300925925925926 0.5694444444444444 0.5324074074074074 0.5694444444444444 0.5462962962962963 0.5740740740740741 0.5509259259259259 0.5787037037037037 0.5486111111111112 0.5972222222222222 0.5486111111111112 0.5995370370370371 0.5509259259259259 0.6041666666666666 0.5509259259259259 0.6041666666666666 0.5555555555555556 0.6064814814814815 0.5578703703703703 0.6064814814814815 0.5671296296296297 0.6041666666666666 0.5717592592592593 0.5972222222222222 0.5717592592592593 0.5949074074074074 0.5740740740740741 0.5902777777777778 0.5717592592592593 0.5717592592592593 0.5717592592592593 0.5694444444444444 0.5740740740740741 0.5694444444444444 0.5995370370370371 0.5763888888888888 0.6064814814814815 0.5879629629629629 0.6087962962962963 0.5902777777777778 0.6111111111111112 0.5972222222222222 0.6111111111111112 0.6018518518518519 0.6157407407407407 0.6041666666666666 0.6203703703703703 0.6041666666666666 0.6342592592592593 0.6018518518518519 0.6365740740740741 0.5995370370370371 0.6342592592592593 0.5972222222222222 0.6365740740740741 0.5925925925925926 0.6365740740740741 0.5902777777777778 0.6342592592592593 0.5671296296296297 0.6319444444444444 0.5416666666666666 0.6203703703703703 0.5324074074074074 0.6111111111111112 0.5254629629629629 0.5995370370370371 0.5254629629629629 0.5763888888888888 0.5208333333333334 0.5717592592592593 0.47685185185185186 0.5717592592592593 0.47453703703703703 0.5694444444444444 0.4537037037037037 0.5671296296296297 0.4305555555555556 0.5555555555555556 0.41898148148148145 0.5439814814814815 0.41435185185185186 0.5347222222222222 0.41435185185185186 0.5208333333333334 0.4212962962962963 0.5092592592592593 0.4236111111111111 0.5092592592592593 0.42592592592592593 0.5046296296296297 0.4351851851851852 0.4976851851851852 0.4398148148148148 0.4976851851851852 0.44907407407407407 0.49074074074074076 0.45601851851851855 0.49074074074074076 0.4675925925925926 0.4861111111111111 0.4791666666666667 0.4861111111111111 0.48148148148148145 0.4837962962962963 0.5069444444444444 0.4837962962962963 0.5092592592592593 0.4861111111111111 0.5138888888888888 0.4861111111111111
3 0.33796296296296297 0.5300925925925926 0.3402777777777778 0.5347222222222222 0.3402777777777778 0.5462962962962963 0.3425925925925926 0.5486111111111112 0.34953703703703703 0.5486111111111112 0.35185185185185186 0.5509259259259259 0.3541666666666667 0.5486111111111112 0.38425925925925924 0.5486111111111112 0.38657407407407407 0.5509259259259259 0.40046296296296297 0.5509259259259259 0.4027777777777778 0.5532407407407407 0.4097222222222222 0.5532407407407407 0.4166666666666667 0.5578703703703703 0.4212962962962963 0.5578703703703703 0.4351851851851852 0.5694444444444444 0.4444444444444444 0.5740740740740741 0.4513888888888889 0.5856481481481481 0.4513888888888889 0.5925925925925926 0.44675925925925924 0.5949074074074074 0.41203703703703703 0.5949074074074074 0.4074074074074074 0.5925925925925926 0.4027777777777778 0.5833333333333334 0.39351851851851855 0.5763888888888888 0.3773148148148148 0.5740740740740741 0.375 0.5717592592592593 0.37037037037037035 0.5740740740740741 0.3680555555555556 0.5717592592592593 0.36342592592592593 0.5740740740740741 0.3611111111111111 0.5717592592592593 0.35648148148148145 0.5740740740740741 0.35185185185185186 0.5717592592592593 0.34953703703703703 0.5740740740740741 0.3425925925925926 0.5740740740740741 0.33796296296296297 0.5787037037037037 0.3402777777777778 0.5833333333333334 0.3402777777777778 0.5902777777777778 0.33796296296296297 0.5925925925925926 0.3333333333333333 0.5949074074074074 0.3101851851851852 0.5972222222222222 0.30787037037037035 0.5949074074074074 0.2962962962962963 0.5949074074074074 0.29398148148148145 0.5925925925925926 0.29398148148148145 0.5763888888888888 0.2916666666666667 0.5740740740740741 0.23148148148148148 0.5740740740740741 0.22453703703703703 0.5787037037037037 0.22453703703703703 0.5949074074074074 0.2152777777777778 0.6134259259259259 0.1875 0.6319444444444444 0.18287037037037038 0.6319444444444444 0.1736111111111111 0.6365740740740741 0.16666666666666666 0.6365740740740741 0.16435185185185186 0.6388888888888888 0.1527777777777778 0.6388888888888888 0.15046296296296297 0.6412037037037037 0.125 0.6412037037037037 0.12268518518518519 0.6388888888888888 0.09953703703703703 0.6365740740740741 0.0763888888888889 0.6273148148148148 0.06018518518518518 0.6134259259259259 0.05555555555555555 0.6018518518518519 0.05555555555555555 0.5902777777777778 0.06018518518518518 0.5810185185185185 0.0787037037037037 0.5648148148148148 0.10185185185185185 0.5555555555555556 0.12268518518518519 0.5532407407407407 0.125 0.5509259259259259 0.1412037037037037 0.5509259259259259 0.14351851851851852 0.5486111111111112 0.1712962962962963 0.5509259259259259 0.17592592592592593 0.5462962962962963 0.1736111111111111 0.5416666666666666 0.17824074074074073 0.5300925925925926 0.18518518518518517 0.5300925925925926 0.1875 0.5324074074074074 0.2222222222222222 0.5300925925925926 0.22453703703703703 0.5324074074074074 0.2222222222222222 0.5439814814814815 0.22916666666666666 0.5509259259259259 0.28935185185185186 0.5509259259259259 0.29398148148148145 0.5462962962962963 0.29398148148148145 0.5324074074074074 0.2962962962962963 0.5300925925925926 0.33564814814814814 0.5300925925925926
1 0.4537037037037037 0.5949074074074074 0.45601851851851855 0.5995370370370371 0.4513888888888889 0.6111111111111112 0.4398148148148148 0.6226851851851852 0.41898148148148145 0.6342592592592593 0.40046296296296297 0.6365740740740741 0.39814814814814814 0.6388888888888888 0.38657407407407407 0.6388888888888888 0.38425925925925924 0.6412037037037037 0.37962962962962965 0.6388888888888888 0.35648148148148145 0.6388888888888888 0.3541666666666667 0.6412037037037037 0.3425925925925926 0.6412037037037037 0.33796296296296297 0.6481481481481481 0.33796296296296297 0.6736111111111112 0.3402777777777778 0.6759259259259259 0.3680555555555556 0.6759259259259259 0.3726851851851852 0.6805555555555556 0.3726851851851852 0.6898148148148148 0.37037037037037035 0.6921296296296297 0.37037037037037035 0.7013888888888888 0.3680555555555556 0.7060185185185185 0.3402777777777778 0.7060185185185185 0.33564814814814814 0.7106481481481481 0.33564814814814814 0.7245370370370371 0.3425925925925926 0.7314814814814815 0.35185185185185186 0.7361111111111112 0.3680555555555556 0.7384259259259259 0.37037037037037035 0.7430555555555556 0.37037037037037035 0.7638888888888888 0.3680555555555556 0.7685185185185185 0.3402777777777778 0.7685185185185185 0.33796296296296297 0.7662037037037037 0.3287037037037037 0.7662037037037037 0.32407407407407407 0.7615740740740741 0.3194444444444444 0.7615740740740741 0.3101851851851852 0.7546296296296297 0.30324074074074076 0.7523148148148148 0.30324074074074076 0.75 0.29398148148148145 0.7407407407407407 0.29398148148148145 0.7361111111111112 0.2916666666666667 0.7337962962962963 0.2916666666666667 0.7083333333333334 0.28703703703703703 0.7037037037037037 0.27546296296296297 0.7037037037037037 0.27314814814814814 0.7060185185185185 0.2638888888888889 0.7060185185185185 0.26157407407407407 0.7037037037037037 0.25925925925925924 0.7060185185185185 0.24537037037037038 0.7060185185185185 0.24305555555555555 0.7037037037037037 0.2175925925925926 0.7013888888888888 0.19907407407407407 0.6944444444444444 0.18518518518518517 0.6851851851851852 0.17824074074074073 0.6759259259259259 0.17592592592592593 0.6712962962962963 0.17592592592592593 0.6527777777777778 0.18055555555555555 0.6435185185185185 0.18981481481481483 0.6342592592592593 0.2152777777777778 0.6203703703703703 0.23842592592592593 0.6157407407407407 0.24074074074074073 0.6134259259259259 0.29398148148148145 0.6134259259259259 0.2962962962962963 0.6111111111111112 0.2962962962962963 0.5995370370370371 0.2986111111111111 0.5972222222222222 0.3101851851851852 0.5972222222222222 0.3148148148148148 0.5995370370370371 0.31712962962962965 0.5972222222222222 0.3333333333333333 0.5972222222222222 0.33564814814814814 0.5949074074074074 0.3425925925925926 0.5949074074074074 0.3425925925925926 0.6111111111111112 0.3449074074074074 0.6134259259259259 0.38657407407407407 0.6134259259259259 0.4050925925925926 0.6064814814814815 0.41203703703703703 0.5972222222222222 0.44675925925925924 0.5972222222222222 0.4513888888888889 0.5949074074074074
11 0 0.624 0.013321493055555555 0.65225 0.010657194444444443 0.6542500000000001 0.013321493055555555 0.65875 0.0062166967592592595 0.66425 0.007992895833333333 0.6665 0.007104796296296296 0.6787500000000001 0.0039964467592592595 0.682 0.0062166967592592595 0.6859999999999999 0.0026642986111111108 0.6920000000000001 0.004884546296296296 0.7020000000000001 0.003108347222222222 0.70925 0.0062166967592592595 0.71625 0.004440497685185185 0.7225 0.004440497685185185 0.76225 0.010213143518518519 0.76925 0.010213143518518519 0.7729999999999999 0.007992895833333333 0.775 0.007548844907407408 0.77825 0.0053285972222222215 0.7792500000000001 0.007104796296296296 0.7815 0.0053285972222222215 0.79325 0.007548844907407408 0.79875 0.010213143518518519 0.80075 0.04662522222222222 0.8045 0.18206039120370368 0.80325 0.19582593287037037 0.802 0.20248667824074074 0.80025 0.206483125 0.80125 0.22202486574074076 0.8015 0.2593250439814815 0.8005 0.2646536412037037 0.80175 0.3903197152777778 0.802 0.4058614560185185 0.8005 0.44182948379629633 0.80025 0.44893428009259256 0.8009999999999999 0.539520425925926 0.79925 0.542628775462963 0.7985 0.5475133217592593 0.79925 0.564831261574074 0.79825 0.5674955601851852 0.799 0.5710479583333333 0.7979999999999999 0.5812611018518519 0.799 0.6580817060185185 0.7979999999999999 0.8281527523148149 0.7945 0.835701599537037 0.793 0.8383658958333333 0.79375 0.8543516875 0.79325 0.8596802847222222 0.7939999999999999 0.8658969814814815 0.7925 0.873001775462963 0.7925 0.8761101250000001 0.79125 0.8867673171296296 0.7925 0.9067495555555555 0.79175 0.9147424513888889 0.7927500000000001 0.9227353472222222 0.7915 0.9356127893518519 0.7915 0.9453818819444444 0.7865 0.9529307291666667 0.78625 0.9626998217592593 0.7829999999999999 0.9738010648148148 0.7765 0.9809058611111111 0.769 0.9795737129629629 0.7655000000000001 0.9822380115740741 0.764 0.9826820601851851 0.7585000000000001 0.9857904074074073 0.75625 0.9880106574074075 0.75625 0.9911190046296297 0.75325 0.9902309050925925 0.749 0.9951154537037037 0.7414999999999999 0.9920071041666667 0.7375 0.9960035532407407 0.7342500000000001 0.9942273541666666 0.7332500000000001 0.9915630555555555 0.718 0.9924511550925926 0.70825 0.9946714027777778 0.7065 0.9960035532407407 0.7005 0.9933392546296297 0.6957500000000001 0.9955595023148148 0.6935 0.9960035532407407 0.6787500000000001 0.9942273541666666 0.6747500000000001 0.9960035532407407 0.67275 0.9960035532407407 0.27499999999999997 0.9946714027777778 0.273 0.9960035532407407 0.26175 0.9928952037037037 0.2585 0.9924511550925926 0.2445 0.9875666064814815 0.2405 0.9862344583333333 0.241 0.9835701597222223 0.23975000000000002 0.9849023101851851 0.23775 0.9822380115740741 0.23575 0.9813499120370369 0.23275 0.977353462962963 0.23025 0.9817939606481482 0.22825 0.9822380115740741 0.22575 0.977353462962963 0.22225 0.9764653634259259 0.22325 0.9702486689814814 0.22175 0.9666962708333334 0.2235 0.9631438726851852 0.223 0.9613676736111111 0.22449999999999998 0.9560390763888889 0.22525 0.9480461805555556 0.222 0.9458259328703704 0.21924999999999997 0.937833037037037 0.22025 0.8694493773148148 0.21825000000000003 0.668294849537037 0.21675 0.6416518657407407 0.21475000000000002 0.6190053287037037 0.21625 0.6132326828703704 0.21475000000000002 0.603019537037037 0.21575 0.5954706921296297 0.214 0.5777087037037036 0.2135 0.5741563055555555 0.21475000000000002 0.5710479583333333 0.21325 0.5572824166666667 0.21375 0.5501776203703703 0.216 0.5364120787037037 0.21275 0.5293072824074074 0.2125 0.5257548842592593 0.214 0.5235346365740741 0.21325 0.5124333935185186 0.214 0.5084369444444444 0.21300000000000002 0.5048845462962963 0.214 0.501776199074074 0.21275 0.49067495601851846 0.21325 0.4844582592592592 0.2115 0.4626998217592593 0.212 0.4600355231481481 0.21075 0.4538188287037037 0.21225 0.4498223796296297 0.20975 0.4449378333333333 0.21075 0.4422735347222222 0.20925 0.22690941435185186 0.20875000000000002 0.206483125 0.20950000000000002 0.19849023148148148 0.20850000000000002 0.18161634027777776 0.211 0.17850799305555556 0.20925 0.16829484953703702 0.20825 0.1625222013888889 0.21 0.15763765509259262 0.209 0.15230905787037036 0.2125 0.14520426388888888 0.2115 0.14387211342592593 0.20975 0.13676731712962964 0.20950000000000002 0.13365896990740742 0.21050000000000002 0.1305506226851852 0.20875000000000002 0.1265541736111111 0.21050000000000002 0.1212255763888889 0.211 0.11589698148148148 0.20850000000000002 0.10834813425925925 0.21375 0.0901420949074074 0.2135 0.08836589583333333 0.21225 0.08392540046296296 0.2125 0.08259325 0.2135 0.07415630555555557 0.20950000000000002 0.06971580787037036 0.21225 0.06749556018518518 0.21675 0.06127886342592593 0.21575 0.05728241666666666 0.212 0.055950266203703705 0.216 0.03774422685185185 0.22325 0.027531083333333334 0.224 0.027531083333333334 0.2285 0.030195381944444443 0.23025 0.0266429837962963 0.23249999999999998 0.0266429837962963 0.235 0.03152753009259259 0.23725000000000002 0.03197158101851852 0.24025 0.028863233796296295 0.24125 0.029307282407407407 0.2435 0.025754884259259262 0.245 0.008436944444444445 0.248 0.00888099537037037 0.2535 0.011545293981481483 0.25475000000000003 0.011101243055555555 0.25875 0.012877442129629631 0.26175 0.00666074537037037 0.2655 0.004884546296296296 0.2655 0.008436944444444445 0.27649999999999997 0.008436944444444445 0.38825 0.007104796296296296 0.39075 0.010657194444444443 0.3975 0.007992895833333333 0.40049999999999997 0.010657194444444443 0.4045 0.010657194444444443 0.40825 0.007548844907407408 0.41400000000000003 0.00888099537037037 0.42425 0.007548844907407408 0.43275 0.012877442129629631 0.44075 0.012433393518518519 0.44475000000000003 0.009769094907407407 0.446 0.012433393518518519 0.45725000000000005 0.009769094907407407 0.46099999999999997 0.008436944444444445 0.47025 0.011101243055555555 0.47925 0.009769094907407407 0.49443750000000003 0.007104796296296296 0.498 0.008436944444444445 0.513 0.00666074537037037 0.5535 0.0053285972222222215 0.55375 0.009769094907407407 0.55525 0.011989342592592591 0.56233325 0.012433393518518519 0.5680000000000001 0.008436944444444445 0.5745 0.011101243055555555 0.5755 0.012877442129629631 0.58075 0.00666074537037037 0.585 0.007104796296296296 0.5967045 0.004440497685185185 0.6024999999999999 0.004884546296296296 0.618 0.003552398148148148 0.62125 0 0.62175 0 0.624
12 0 0.28955125 0.999555951388889 0.28955125 0.999555951388889 0.20321874999999998 0 0.20321874999999998 0 0.28955125
13 0.3645648310185185 0.35125 0.37921847222222227 0.35174999999999995 0.3912078148148148 0.34925 0.4031971574074074 0.34299999999999997 0.4080817060185185 0.33575000000000005 0.4080817060185185 0.33125 0.4045293078703704 0.32475 0.39165186574074073 0.31725 0.38277087037037033 0.31525 0.36856127777777775 0.31525 0.35612788657407407 0.3175 0.3490230902777778 0.321 0.3419182939814815 0.32949999999999996 0.34280639351851855 0.33875 0.3450266435185185 0.34299999999999997 0.35257548842592595 0.34875 0.3645648310185185 0.35125
13 0.5985790416666666 0.35225 0.6070159861111111 0.3525 0.6154529305555556 0.35125 0.6287744236111111 0.3465 0.6327708703703704 0.34275000000000005 0.6349911180555556 0.334 0.6296625231481481 0.3255 0.6225577268518518 0.32025000000000003 0.6127886319444444 0.31725 0.604795736111111 0.31699999999999995 0.5905861458333334 0.32 0.5803730023148148 0.326 0.5763765532407408 0.33125 0.5759325046296296 0.3375 0.5790408518518518 0.34375 0.5888099467592592 0.34975 0.5985790416666666 0.35225
13 0.7300177615740742 0.41575 0.7375666064814815 0.41325 0.7433392546296297 0.40775 0.7455595023148148 0.4015 0.7437833032407407 0.39349999999999996 0.7366785069444445 0.387 0.727353462962963 0.3835 0.7171403194444445 0.38225000000000003 0.7060390763888889 0.38325 0.6958259328703704 0.38825 0.6904973356481482 0.39675 0.6918294837962963 0.41125 0.7029307291666667 0.41525 0.7229129652777778 0.41625 0.7300177615740742 0.41575
13 0.48001776157407405 0.41625 0.49111900462962965 0.41675 0.5048845462962963 0.41575 0.5159857893518518 0.408 0.519982238425926 0.4015 0.5182060393518518 0.39225 0.5093250439814815 0.387 0.49111900462962965 0.382 0.47690941435185186 0.38325 0.4720248657407407 0.38475 0.4635879212962963 0.3895 0.4595914745370371 0.39675 0.4591474236111111 0.4015 0.46314387268518514 0.40775 0.4733570162037037 0.415 0.48001776157407405 0.41625
13 0.2482238009259259 0.41625 0.2593250439814815 0.41725 0.27087033796296295 0.41550000000000004 0.27930728240740743 0.41275 0.2864120787037037 0.40575 0.2886323263888889 0.398 0.2868561273148148 0.388 0.28197158101851855 0.38425000000000004 0.27220248611111114 0.38125 0.26820603935185183 0.3815 0.2597690949074074 0.38 0.250888099537037 0.38025 0.2375666064814815 0.38299999999999995 0.22957371296296294 0.38775000000000004 0.22602131481481483 0.39325 0.22557726388888888 0.401 0.22735346296296297 0.40525000000000005 0.23934280555555554 0.41275 0.2482238009259259 0.41625
13 0.15142095833333333 0.48075 0.15763765509259262 0.479 0.16607459953703702 0.474 0.1700710486111111 0.46775000000000005 0.17051509722222222 0.46325 0.1656305509259259 0.45275 0.15896980555555554 0.44775 0.1505328587962963 0.44575 0.13543516898148147 0.44549999999999995 0.11900532870370371 0.44875000000000004 0.11278863194444444 0.45249999999999996 0.10879218518518519 0.46025 0.1092362337962963 0.46675 0.11500888194444443 0.474 0.13010657175925924 0.48075 0.15142095833333333 0.48075
13 0.37166962731481484 0.48125 0.38365896990740744 0.48075 0.39698046296296297 0.477 0.4005328587962963 0.474 0.4036412083333334 0.4705 0.4058614560185185 0.46375 0.4054174074074074 0.45599999999999996 0.4023090578703704 0.45275 0.39387211342592593 0.448 0.3841030185185185 0.44575 0.36678508101851853 0.44575 0.3539076365740741 0.44925 0.3481349907407407 0.452 0.3445825925925926 0.4555 0.3445825925925926 0.467 0.35124334027777776 0.47425 0.36234458333333336 0.48024999999999995 0.37166962731481484 0.48125
13 0.5870337476851852 0.47875 0.5968028425925925 0.48125 0.6074600347222222 0.48150000000000004 0.6176731782407408 0.47925 0.6252220254629629 0.475 0.6283303726851851 0.4715 0.6314387222222222 0.46325 0.6274422731481482 0.455 0.623001775462963 0.4515 0.6163410300925926 0.44875000000000004 0.5919182939814815 0.44899999999999995 0.5852575486111111 0.451 0.5781527523148148 0.45475 0.5750444050925926 0.46 0.5759325046296296 0.4675 0.5803730023148148 0.47475 0.5870337476851852 0.47875
13 0.811722912037037 0.47725 0.812166962962963 0.4785 0.8210479583333333 0.482 0.8352575486111111 0.48175 0.8410301944444444 0.47950000000000004 0.8521314398148149 0.47250000000000003 0.8556838356481481 0.46725 0.8556838356481481 0.46325 0.8490230902777779 0.45449999999999996 0.8383658958333333 0.4485 0.8321492013888888 0.4475 0.8166074606481482 0.44899999999999995 0.8139431620370371 0.4485 0.8126110115740741 0.45 0.8072824166666668 0.4515 0.8032859675925926 0.45725000000000005 0.8019538194444444 0.46449999999999997 0.8037300185185186 0.47275 0.8072824166666668 0.47674999999999995 0.811722912037037 0.47725
13 0.6922735347222222 0.54675 0.710479574074074 0.5479999999999999 0.7238010648148148 0.5465 0.7375666064814815 0.5405 0.7442273541666666 0.53275 0.7442273541666666 0.52625 0.7397868564814815 0.51825 0.7322380115740741 0.51375 0.7264653634259259 0.5125000000000001 0.7087033749999999 0.51225 0.6976021319444444 0.5135 0.6887211365740741 0.518 0.6856127893518519 0.525 0.6851687384259258 0.5295 0.6891651875 0.5355 0.6891651875 0.54425 0.6922735347222222 0.54675
13 0.4782415625 0.54425 0.4844582592592592 0.545 0.5 0.54425 0.5084369444444444 0.5405 0.5155417407407408 0.533 0.5164298402777777 0.5255 0.5115452939814815 0.5175 0.5071047962962963 0.51425 0.4977797523148148 0.51175 0.4840142106481482 0.51025 0.4764653634259259 0.512 0.4626998217592593 0.519 0.4595914745370371 0.52325 0.4591474236111111 0.53025 0.4626998217592593 0.5365 0.46714031944444445 0.54 0.4782415625 0.54425
13 0.24644760185185183 0.54425 0.25399644675925925 0.546 0.26820603935185183 0.5457500000000001 0.27309058564814814 0.545 0.2797513310185185 0.54125 0.28552397916666666 0.5335 0.2886323263888889 0.52625 0.2824156296296296 0.51525 0.27220248611111114 0.5125000000000001 0.2624333935185185 0.51125 0.24866785185185183 0.511 0.2384547060185185 0.51425 0.23001776157407405 0.52275 0.2282415625 0.526 0.23312611111111112 0.5365 0.24111900462962962 0.54225 0.24644760185185183 0.54425
13 0.13365896990740742 0.612 0.14831261111111113 0.61275 0.16119005324074073 0.61075 0.16873889814814816 0.60625 0.1722912962962963 0.5994999999999999 0.1722912962962963 0.58775 0.16918294907407408 0.5805 0.1647424513888889 0.5785 0.1603019537037037 0.57875 0.14165186574074073 0.5765 0.13188277083333333 0.5765 0.1212255763888889 0.578 0.11278863194444444 0.58225 0.10790408564814814 0.58975 0.10879218518518519 0.59975 0.11545293055555556 0.60625 0.1212255763888889 0.6094999999999999 0.13365896990740742 0.612
13 0.36811722916666667 0.61075 0.38365896990740744 0.61025 0.3898756666666667 0.6092500000000001 0.39698046296296297 0.6064999999999999 0.40630550694444445 0.5925 0.39742451157407405 0.5805 0.3885435162037037 0.5770000000000001 0.3778863240740741 0.57525 0.36944937731481486 0.57525 0.3601243333333333 0.5775 0.35124334027777776 0.583 0.3468028425925926 0.5895 0.3468028425925926 0.59675 0.3521314398148148 0.606 0.3570159861111111 0.60875 0.36811722916666667 0.61075
13 0.6007992893518519 0.60875 0.6092362337962962 0.608 0.6181172291666667 0.60475 0.625666074074074 0.599 0.6278863240740741 0.5952500000000001 0.6278863240740741 0.5882499999999999 0.6221136759259259 0.579 0.6167850810185186 0.57725 0.6056838356481481 0.57475 0.5963587916666667 0.57625 0.5879218472222222 0.57575 0.5750444050925926 0.58025 0.5710479583333333 0.586 0.5710479583333333 0.5950000000000001 0.5732682060185185 0.6005 0.5848135 0.607 0.6007992893518519 0.60875
13 0.811722912037037 0.6064999999999999 0.8232682060185185 0.6082500000000001 0.8379218472222222 0.60675 0.8476909421296297 0.6020000000000001 0.853019537037037 0.59625 0.854795736111111 0.59175 0.8534635879629631 0.585 0.8490230902777779 0.5805 0.835701599537037 0.57425 0.8134991111111112 0.5735 0.8072824166666668 0.5750000000000001 0.8023978680555556 0.57725 0.7966252222222222 0.58525 0.7952930717592592 0.59225 0.7970692708333333 0.59875 0.8006216689814815 0.6022500000000001 0.811722912037037 0.6064999999999999
13 0.7100355231481481 0.6722499999999999 0.7242451157407408 0.67025 0.7357904074074073 0.6652499999999999 0.7406749560185185 0.6615 0.7437833032407407 0.6575000000000001 0.7446714027777778 0.649 0.7406749560185185 0.6445 0.7344582592592593 0.642 0.725577263888889 0.6402500000000001 0.7113676736111111 0.63975 0.6891651875 0.6407499999999999 0.6865008888888888 0.6435000000000001 0.6873889884259259 0.6635 0.6913854351851852 0.668 0.6976021319444444 0.6707500000000001 0.7100355231481481 0.6722499999999999
13 0.4738010648148148 0.6705 0.4857904074074074 0.6725 0.5008880995370371 0.671 0.5119893425925925 0.6665 0.5164298402777777 0.6619999999999999 0.5182060393518518 0.65325 0.5137655416666667 0.64575 0.5071047962962963 0.6417499999999999 0.49422735416666663 0.63875 0.48046181250000003 0.63825 0.4764653634259259 0.63925 0.46625221990740745 0.64425 0.4595914745370371 0.651 0.4582593240740741 0.65525 0.4613676736111111 0.6619999999999999 0.46492007175925926 0.6659999999999999 0.4738010648148148 0.6705
13 0.2522202476851852 0.6747500000000001 0.26154529398148146 0.67525 0.2788632337962963 0.67275 0.2859680277777778 0.6695 0.2886323263888889 0.6589999999999999 0.28774422685185186 0.65075 0.2841918287037037 0.64525 0.28063943055555557 0.6435000000000001 0.2624333935185185 0.6407499999999999 0.24689165277777778 0.6415 0.23712255787037037 0.644 0.2304618125 0.6477499999999999 0.22646536342592594 0.6517499999999999 0.22735346296296297 0.6615 0.23312611111111112 0.66825 0.2402309050925926 0.6719999999999999 0.2522202476851852 0.6747500000000001
13 0.37966252314814813 0.738 0.38321491898148147 0.737 0.3872113680555555 0.7372500000000001 0.39387211342592593 0.736 0.39964475925925924 0.7332500000000001 0.41119005324074076 0.73 0.41829484953703705 0.726 0.42184724768518517 0.72175 0.42317939583333336 0.7170000000000001 0.42140319675925925 0.70475 0.41785079861111113 0.7005 0.4054174074074074 0.6920000000000001 0.39431616435185185 0.68825 0.376110125 0.6869999999999999 0.3734458263888889 0.6894999999999999 0.3734458263888889 0.7 0.37033747685185187 0.70525 0.3650088819444445 0.7075 0.355239787037037 0.708 0.3485790416666667 0.7104999999999999 0.3441385439814815 0.7097500000000001 0.34103019444444443 0.7115 0.3383658958333334 0.71575 0.34058614583333335 0.724 0.35124334027777776 0.73175 0.3730017754629629 0.7372500000000001 0.37966252314814813 0.738
13 0.5914742453703704 0.7342500000000001 0.6092362337962962 0.7340000000000001 0.6198934282407408 0.73175 0.6261101250000001 0.7277499999999999 0.6296625231481481 0.721 0.6287744236111111 0.71275 0.623001775462963 0.7065 0.6132326828703704 0.70225 0.5959147430555555 0.7005 0.5919182939814815 0.7002499999999999 0.5812611018518519 0.7032499999999999 0.5750444050925926 0.7095 0.5714920069444445 0.71625 0.5710479583333333 0.72125 0.5746003541666667 0.728 0.5803730023148148 0.7314999999999999 0.5914742453703704 0.7342500000000001