8 0.7361111111111112 0.3148148148148148 0.7361111111111112 0.33101851851851855 0.7268518518518519 0.3402777777777778 0.7106481481481481 0.3425925925925926 0.7037037037037037 0.3472222222222222 0.6990740740740741 0.3587962962962963 0.7013888888888888 0.3611111111111111 0.7013888888888888 0.36574074074074076 0.6990740740740741 0.3680555555555556 0.7013888888888888 0.3726851851851852 0.7222222222222222 0.3726851851851852 0.7245370370370371 0.375 0.7337962962962963 0.375 0.7337962962962963 0.3888888888888889 0.7314814814814815 0.39351851851851855 0.7268518518518519 0.39814814814814814 0.7013888888888888 0.39814814814814814 0.6990740740740741 0.40046296296296297 0.6990740740740741 0.41898148148148145 0.6944444444444444 0.42592592592592593 0.6944444444444444 0.4305555555555556 0.6805555555555556 0.44212962962962965 0.6759259259259259 0.44212962962962965 0.6620370370370371 0.4513888888888889 0.6435185185185185 0.4537037037037037 0.6412037037037037 0.45601851851851855 0.5972222222222222 0.45601851851851855 0.5925925925925926 0.46064814814814814 0.5902777777777778 0.4837962962962963 0.5787037037037037 0.4976851851851852 0.5578703703703703 0.5092592592592593 0.5486111111111112 0.5092592592592593 0.5370370370370371 0.5138888888888888 0.5208333333333334 0.5138888888888888 0.5185185185185185 0.5115740740740741 0.5185185185185185 0.5 0.5208333333333334 0.5 0.5300925925925926 0.49074074074074076 0.5439814814814815 0.4861111111111111 0.5509259259259259 0.4791666666666667 0.5532407407407407 0.47453703703703703 0.5532407407407407 0.46064814814814814 0.5462962962962963 0.45601851851851855 0.5231481481481481 0.45601851851851855 0.5208333333333334 0.4537037037037037 0.5208333333333334 0.4351851851851852 0.5231481481481481 0.43287037037037035 0.5486111111111112 0.43287037037037035 0.5532407407407407 0.42824074074074076 0.5532407407407407 0.4074074074074074 0.5578703703703703 0.39814814814814814 0.5740740740740741 0.38425925925925924 0.5995370370370371 0.375 0.6134259259259259 0.375 0.6157407407407407 0.3726851851851852 0.6527777777777778 0.3726851851851852 0.6550925925925926 0.37037037037037035 0.6550925925925926 0.35648148148148145 0.6597222222222222 0.3449074074074074 0.6759259259259259 0.3287037037037037 0.6875 0.32175925925925924 0.6921296296296297 0.32175925925925924 0.7013888888888888 0.31712962962962965 0.7106481481481481 0.31712962962962965 0.7129629629629629 0.3148148148148148 0.7337962962962963 0.3148148148148148
4 0.7384259259259259 0.3148148148148148 0.7638888888888888 0.31712962962962965 0.7662037037037037 0.3194444444444444 0.7847222222222222 0.32407407407407407 0.7962962962962963 0.33101851851851855 0.8078703703703703 0.3449074074074074 0.8078703703703703 0.34953703703703703 0.8101851851851852 0.35185185185185186 0.8101851851851852 0.3726851851851852 0.8148148148148148 0.3773148148148148 0.8194444444444444 0.375 0.8472222222222222 0.375 0.8495370370370371 0.3773148148148148 0.8680555555555556 0.3773148148148148 0.8703703703703703 0.37962962962962965 0.8773148148148148 0.37962962962962965 0.8796296296296297 0.3819444444444444 0.8912037037037037 0.38425925925925924 0.9120370370370371 0.40046296296296297 0.9166666666666666 0.41203703703703703 0.9166666666666666 0.41898148148148145 0.9120370370370371 0.42592592592592593 0.9120370370370371 0.4305555555555556 0.8958333333333334 0.4444444444444444 0.8796296296296297 0.4513888888888889 0.8587962962962963 0.4537037037037037 0.8564814814814815 0.45601851851851855 0.8078703703703703 0.4583333333333333 0.8055555555555556 0.46064814814814814 0.8032407407407407 0.4837962962962963 0.7916666666666666 0.4976851851851852 0.7800925925925926 0.5046296296296297 0.7754629629629629 0.5046296296296297 0.7662037037037037 0.5092592592592593 0.7592592592592593 0.5092592592592593 0.7476851851851852 0.5138888888888888 0.7314814814814815 0.5138888888888888 0.7291666666666666 0.5115740740740741 0.7291666666666666 0.49537037037037035 0.7314814814814815 0.4930555555555556 0.75 0.48842592592592593 0.7569444444444444 0.48148148148148145 0.7569444444444444 0.47453703703703703 0.7592592592592593 0.4722222222222222 0.7592592592592593 0.46296296296296297 0.7546296296296297 0.4583333333333333 0.75 0.4583333333333333 0.7476851851851852 0.45601851851851855 0.7453703703703703 0.4583333333333333 0.7407407407407407 0.45601851851851855 0.7291666666666666 0.45601851851851855 0.7314814814814815 0.4513888888888889 0.7314814814814815 0.4351851851851852 0.7361111111111112 0.43287037037037035 0.75 0.43287037037037035 0.7523148148148148 0.4351851851851852 0.7615740740740741 0.4305555555555556 0.7615740740740741 0.40046296296296297 0.7592592592592593 0.39814814814814814 0.7314814814814815 0.39814814814814814 0.7361111111111112 0.3888888888888889 0.7361111111111112 0.375 0.7430555555555556 0.375 0.7453703703703703 0.3726851851851852 0.7476851851851852 0.375 0.7523148148148148 0.3726851851851852 0.7615740740740741 0.375 0.7638888888888888 0.3726851851851852 0.7638888888888888 0.3611111111111111 0.7615740740740741 0.3587962962962963 0.7615740740740741 0.3541666666666667 0.7476851851851852 0.3425925925925926 0.7407407407407407 0.3425925925925926 0.7337962962962963 0.33796296296296297 0.7361111111111112 0.33564814814814814 0.7384259259259259 0.31712962962962965
0 0.7268518518518519 0.4351851851851852 0.7291666666666666 0.4375 0.7291666666666666 0.44907407407407407 0.7268518518518519 0.4513888888888889 0.7268518518518519 0.45601851851851855 0.7037037037037037 0.46064814814814814 0.6944444444444444 0.4675925925925926 0.6944444444444444 0.49074074074074076 0.6990740740740741 0.49537037037037035 0.7152777777777778 0.49537037037037035 0.7199074074074074 0.4930555555555556 0.7291666666666666 0.5023148148148148 0.7268518518518519 0.5138888888888888 0.7245370370370371 0.5162037037037037 0.6967592592592593 0.5162037037037037 0.6944444444444444 0.5185185185185185 0.6944444444444444 0.5370370370370371 0.6898148148148148 0.5486111111111112 0.6712962962962963 0.5648148148148148 0.6666666666666666 0.5648148148148148 0.6597222222222222 0.5694444444444444 0.6527777777777778 0.5694444444444444 0.6504629629629629 0.5717592592592593 0.6412037037037037 0.5717592592592593 0.6388888888888888 0.5740740740740741 0.5925925925925926 0.5740740740740741 0.5879629629629629 0.5787037037037037 0.5856481481481481 0.5925925925925926 0.5671296296296297 0.5925925925925926 0.5648148148148148 0.5949074074074074 0.5601851851851852 0.5925925925925926 0.5578703703703703 0.5949074074074074 0.5555555555555556 0.5925925925925926 0.5462962962962963 0.5925925925925926 0.5462962962962963 0.5787037037037037 0.5416666666666666 0.5740740740740741 0.5023148148148148 0.5740740740740741 0.49074074074074076 0.5787037037037037 0.4861111111111111 0.5833333333333334 0.4837962962962963 0.5902777777777778 0.4722222222222222 0.5925925925925926 0.4699074074074074 0.5949074074074074 0.4444444444444444 0.5949074074074074 0.44212962962962965 0.5925925925925926 0.4444444444444444 0.5810185185185185 0.4583333333333333 0.5671296296296297 0.4652777777777778 0.5648148148148148 0.4699074074074074 0.5601851851851852 0.47453703703703703 0.5601851851851852 0.4837962962962963 0.5555555555555556 0.4930555555555556 0.5555555555555556 0.49537037037037035 0.5532407407407407 0.5416666666666666 0.5532407407407407 0.5462962962962963 0.5486111111111112 0.5462962962962963 0.5300925925925926 0.5486111111111112 0.5277777777777778 0.5486111111111112 0.5231481481481481 0.5578703703703703 0.5115740740740741 0.5787037037037037 0.5 0.5925925925925926 0.4976851851851852 0.5949074074074074 0.49537037037037035 0.6087962962962963 0.49537037037037035 0.6111111111111112 0.4930555555555556 0.6481481481481481 0.4930555555555556 0.6527777777777778 0.48842592592592593 0.6504629629629629 0.4861111111111111 0.6527777777777778 0.4675925925925926 0.6666666666666666 0.4513888888888889 0.6898148148148148 0.4398148148148148 0.7106481481481481 0.4375 0.7129629629629629 0.4351851851851852 0.7245370370370371 0.4351851851851852
9 0.44212962962962965 0.5972222222222222 0.4791666666666667 0.5972222222222222 0.4837962962962963 0.5995370370370371 0.4861111111111111 0.6064814814814815 0.4930555555555556 0.6134259259259259 0.4976851851851852 0.6134259259259259 0.5069444444444444 0.6180555555555556 0.5208333333333334 0.6180555555555556 0.5231481481481481 0.6157407407407407 0.5416666666666666 0.6157407407407407 0.5462962962962963 0.6111111111111112 0.5462962962962963 0.6018518518518519 0.5439814814814815 0.5995370370370371 0.5462962962962963 0.5972222222222222 0.5740740740740741 0.5972222222222222 0.5763888888888888 0.5949074074074074 0.5833333333333334 0.5949074074074074 0.5856481481481481 0.5972222222222222 0.5856481481481481 0.6041666666666666 0.5902777777777778 0.6157407407407407 0.6296296296296297 0.6134259259259259 0.6319444444444444 0.6157407407407407 0.6527777777777778 0.6180555555555556 0.6550925925925926 0.6203703703703703 0.6666666666666666 0.6226851851851852 0.6851851851851852 0.6342592592592593 0.6921296296296297 0.6412037037037037 0.6967592592592593 0.6504629629629629 0.6967592592592593 0.6643518518518519 0.6944444444444444 0.6689814814814815 0.6828703703703703 0.6828703703703703 0.6759259259259259 0.6851851851851852 0.6712962962962963 0.6898148148148148 0.6527777777777778 0.6967592592592593 0.6388888888888888 0.6967592592592593 0.6365740740740741 0.6990740740740741 0.6064814814814815 0.6990740740740741 0.6041666666666666 0.6967592592592593 0.5856481481481481 0.6944444444444444 0.5671296296296297 0.6851851851851852 0.5509259259259259 0.6666666666666666 0.5486111111111112 0.6435185185185185 0.5439814814814815 0.6365740740740741 0.5393518518518519 0.6365740740740741 0.5370370370370371 0.6388888888888888 0.49537037037037035 0.6388888888888888 0.4861111111111111 0.6342592592592593 0.4722222222222222 0.6319444444444444 0.45601851851851855 0.6226851851851852 0.44675925925925924 0.6134259259259259 0.44212962962962965 0.6041666666666666 0.44212962962962965 0.5995370370370371
11 0.04440497222222222 0.288 0.04262877546296297 0.29550000000000004 0.043516875 0.30450000000000005 0.03996447685185185 0.31 0.03863232638888889 0.3465 0.0364120787037037 0.35174999999999995 0.037300178240740736 0.40599999999999997 0.03596802777777778 0.40825 0.03996447685185185 0.41525 0.0364120787037037 0.41774999999999995 0.035523979166666664 0.42175 0.03863232638888889 0.4285 0.03596802777777778 0.43125 0.035523979166666664 0.45025000000000004 0.03774422685185185 0.45725000000000005 0.03507992824074074 0.46299999999999997 0.03463587962962963 0.47525 0.03596802777777778 0.481 0.03463587962962963 0.506 0.0364120787037037 0.5095000000000001 0.032859680555555555 0.529 0.023090585648148147 0.7160000000000001 0.0217584375 0.7192500000000001 0.022646537037037034 0.7232500000000001 0.026198935185185186 0.7255 0.025754884259259262 0.731 0.027531083333333334 0.7344999999999999 0.020870337962962962 0.739 0.022646537037037034 0.75475 0.026198935185185186 0.755 0.032859680555555555 0.7595 0.03419182870370371 0.7582500000000001 0.036856127314814816 0.7585000000000001 0.039520425925925924 0.762 0.04218472453703704 0.7597499999999999 0.045737122685185184 0.76 0.04662522222222222 0.762 0.047957370370370365 0.76025 0.05683836574074074 0.761 0.05994671296296296 0.76325 0.06749556018518518 0.7627499999999999 0.06882770833333333 0.76175 0.08126110185185186 0.762 0.09058614583333334 0.7587499999999999 0.09902309027777777 0.76 0.10257548842592591 0.762 0.11678508101851852 0.75775 0.12344582638888889 0.7587499999999999 0.1265541736111111 0.762 0.12921847222222224 0.761 0.14698046296296297 0.762 0.27264653703703706 0.7625 0.2797513310185185 0.7605 0.3352575486111111 0.762 0.33969804629629635 0.7605 0.35612788657407407 0.7597499999999999 0.35834813425925927 0.761 0.36944937731481486 0.763 0.4476021319444445 0.7627499999999999 0.499111900462963 0.76425 0.5217584375 0.762 0.5355239791666667 0.7652500000000001 0.6420959143518518 0.7657499999999999 0.6567495555555555 0.764 0.6736234467592593 0.7645000000000001 0.6869449375000001 0.763 0.6962699814814814 0.7655000000000001 0.7024866782407407 0.7645000000000001 0.7109236226851853 0.7655000000000001 0.7144760208333333 0.76475 0.7193605694444444 0.7652500000000001 0.7233570162037037 0.76325 0.727353462962963 0.763 0.7375666064814815 0.7635 0.7411190046296297 0.7655000000000001 0.7824156296296296 0.764 0.8041740671296296 0.7655000000000001 0.8086145648148148 0.763 0.8241563055555555 0.763 0.8348135 0.7659999999999999 0.8454706921296297 0.765 0.8485790416666666 0.7635 0.8521314398148149 0.76425 0.8565719351851853 0.7635 0.873001775462963 0.7655000000000001 0.9427175833333332 0.7655000000000001 0.9515985787037037 0.76375 0.9622557731481481 0.76325 0.9671403194444445 0.76375 0.9702486689814814 0.7655000000000001 0.9733570162037037 0.76325 0.978685613425926 0.76175 0.9911190046296297 0.76475 0.9951154537037037 0.7627499999999999 0.9968916527777778 0.7582500000000001 0.9968916527777778 0.75425 0.9951154537037037 0.7525 0.9968916527777778 0.7343215 0.999555951388889 0.7314999999999999 0.9937833032407407 0.59025 0.9955595023148148 0.58875 0.9951154537037037 0.56025 0.9924511550925926 0.559 0.9888987569444445 0.55425 0.9884547060185185 0.5499999999999999 0.9906749560185185 0.54775 0.9942273541666666 0.54675 0.9893428055555555 0.546 0.9853463587962963 0.54225 0.9857904074074073 0.5339999999999999 0.9880106574074075 0.5325 0.9844582592592593 0.5275 0.9844582592592593 0.52425 0.9915630555555555 0.52025 0.9951154537037037 0.52025 0.9960035532407407 0.519 0.9946714027777778 0.46525 0.9960035532407407 0.46325 0.9911190046296297 0.4585 0.9951154537037037 0.43625 0.9924511550925926 0.42375 0.9951154537037037 0.42225 0.9968916527777778 0.40875 0.9964476018518519 0.37975 0.9920071041666667 0.3685 0.9946714027777778 0.36774999999999997 0.9955595023148148 0.3655 0.9911190046296297 0.36125 0.9915630555555555 0.35524999999999995 0.9955595023148148 0.3525 0.9942273541666666 0.34025 0.9955595023148148 0.33875 0.9964476018518519 0.311 0.9960035532407407 0.28275 0.9920071041666667 0.27075 0.9933392546296297 0.269 0.9920071041666667 0.265 0.9951154537037037 0.255 0.9933392546296297 0.253 0.9920071041666667 0.24525 0.9849023101851851 0.2375 0.975577263888889 0.2375 0.9702486689814814 0.23074999999999998 0.9640319722222223 0.22974999999999998 0.9591474236111112 0.23074999999999998 0.956483125 0.22799999999999998 0.9489342800925926 0.23125 0.9458259328703704 0.22675 0.9422735347222222 0.22799999999999998 0.9391651875 0.2265 0.9236234467592593 0.226 0.9178507986111112 0.22675 0.8388099467592594 0.22375 0.833481349537037 0.22724999999999998 0.8294849027777778 0.22724999999999998 0.8246003541666667 0.22375 0.8161634097222221 0.22575 0.809946712962963 0.22475 0.8059502662037038 0.226 0.8028419189814815 0.22899999999999998 0.7939609236111111 0.23074999999999998 0.7859680277777777 0.22675 0.7779751342592592 0.2255 0.7757548842592592 0.22375 0.770870337962963 0.22425 0.7695381875 0.22325 0.7597690949074075 0.22425 0.7406749560185185 0.22375 0.7362344583333333 0.2275 0.7269094143518517 0.22874999999999998 0.7238010648148148 0.2275 0.7184724699074074 0.22724999999999998 0.7135879212962963 0.223 0.6016873888888888 0.22274999999999998 0.5928063935185185 0.22375 0.5812611018518519 0.2235 0.5781527523148148 0.225 0.5737122546296296 0.22325 0.5182060393518518 0.22325 0.49067495601851846 0.22375 0.4866785069444444 0.2255 0.48046181250000003 0.225 0.47779751388888886 0.22325 0.4675843703703703 0.224 0.4582593240740741 0.223 0.45248667824074074 0.224 0.45026643055555554 0.223 0.43694493749999996 0.2235 0.42184724768518517 0.2225 0.4138543518518518 0.2235 0.4040852569444444 0.223 0.3983126111111111 0.225 0.39387211342592593 0.2235 0.38055062268518514 0.22274999999999998 0.35124334027777776 0.22274999999999998 0.3445825925925926 0.22449999999999998 0.3401420949074074 0.22449999999999998 0.33880994675925924 0.2235 0.15630550694444445 0.22274999999999998 0.12744227314814816 0.22624999999999998 0.12300177546296297 0.22899999999999998 0.11678508101851852 0.2285 0.11367673148148148 0.22575 0.1092362337962963 0.225 0.10213143981481482 0.2255 0.08126110185185186 0.23025 0.07460035416666667 0.23525 0.06660746064814814 0.236 0.06172291203703703 0.2395 0.0532859675925926 0.24250000000000002 0.047069270833333336 0.25125000000000003 0.039520425925925924 0.2585 0.03907637731481481 0.2805 0.03996447685185185 0.28250000000000003 0.04262877546296297 0.2835 0.04440497222222222 0.288
12 1 0.68057125 0.011509768518518518 0.68057125 0.011509768518518518 0.77068875 1 0.77068875 1 0.68057125
13 0.39698046296296297 0.3125 0.41207815277777776 0.31525 0.42007104861111116 0.31525 0.43294849074074077 0.31224999999999997 0.43694493749999996 0.30975 0.44049733564814814 0.30425 0.4413854351851852 0.29625 0.43827708796296294 0.29025 0.4293960925925926 0.28500000000000003 0.41563055092592593 0.282 0.4027531087962963 0.28250000000000003 0.39387211342592593 0.28600000000000003 0.3894316157407407 0.28975 0.38676731712962964 0.29325 0.38676731712962964 0.30025 0.39165186574074073 0.309 0.39698046296296297 0.3125
13 0.6194493773148148 0.31625000000000003 0.6301065717592592 0.3155 0.6407637662037038 0.3125 0.6465364120370369 0.3095 0.6492007106481481 0.3065 0.6518650092592593 0.29675 0.6474245115740741 0.28850000000000003 0.6394316157407408 0.28425 0.626998224537037 0.28175 0.6096802847222222 0.28275 0.6007992893518519 0.2865 0.5959147430555555 0.293 0.5954706921296297 0.3005 0.5990230902777779 0.309 0.6114564837962964 0.31475000000000003 0.6194493773148148 0.31625000000000003
13 0.3059502662037037 0.37375 0.3134991111111111 0.3745 0.32326820601851847 0.372 0.33214920138888887 0.36525 0.3352575486111111 0.3595 0.3348135 0.352 0.32815275231481483 0.347 0.3174955601851852 0.342 0.30417406712962963 0.341 0.29662522222222226 0.34175 0.2859680277777778 0.34824999999999995 0.28197158101851855 0.35325 0.2824156296296296 0.362 0.2859680277777778 0.36625 0.3037300185185185 0.3745 0.3059502662037037 0.37375
13 0.5182060393518518 0.37375 0.5222024861111111 0.37400000000000005 0.5315275300925926 0.371 0.5399644768518519 0.36625 0.5452930717592592 0.3595 0.5448490231481481 0.35225 0.5368561273148148 0.34474999999999995 0.5275310833333333 0.34225 0.522646537037037 0.33975 0.5119893425925925 0.33999999999999997 0.5048845462962963 0.34149999999999997 0.49467140277777777 0.34725 0.49067495601851846 0.3525 0.49111900462962965 0.361 0.49467140277777777 0.366 0.5053285972222222 0.37050000000000005 0.5182060393518518 0.37375
13 0.748223800925926 0.37025 0.7535523981481481 0.3675 0.7548845462962963 0.3655 0.7584369444444445 0.36574999999999996 0.7602131435185185 0.35675 0.7575488449074074 0.35125 0.7477797523148149 0.34400000000000003 0.7344582592592593 0.34075 0.7313499120370369 0.33875 0.7242451157407408 0.342 0.7166962708333334 0.34375 0.710479574074074 0.347 0.7051509768518519 0.35375 0.7047069282407408 0.36325 0.7100355231481481 0.37 0.7384547060185185 0.372 0.748223800925926 0.37025
13 0.8361456481481482 0.43324999999999997 0.8481349907407407 0.43275 0.8552397870370371 0.4305 0.8627886319444444 0.42425 0.8645648310185186 0.41750000000000004 0.8610124328703704 0.41025 0.854795736111111 0.4045 0.8472468912037037 0.40125 0.8290408518518518 0.39975 0.8134991111111112 0.40049999999999997 0.809946712962963 0.40375 0.809946712962963 0.42225 0.8126110115740741 0.42824999999999996 0.8210479583333333 0.43174999999999997 0.8361456481481482 0.43324999999999997
13 0.6074600347222222 0.429 0.6194493773148148 0.43024999999999997 0.6367673171296296 0.42775 0.643872113425926 0.4255 0.6487566597222222 0.422 0.6505328587962963 0.41550000000000004 0.646980462962963 0.40775 0.6425399652777778 0.40399999999999997 0.6336589699074074 0.4015 0.6216696273148149 0.40125 0.6119005324074074 0.40275 0.603019537037037 0.40724999999999995 0.5999111898148148 0.41125 0.5981349907407407 0.41424999999999995 0.5985790416666666 0.42075 0.6007992893518519 0.42525 0.6074600347222222 0.429
13 0.4009769097222222 0.43 0.4138543518518518 0.43174999999999997 0.42140319675925925 0.431 0.4325044398148148 0.42725 0.4365008888888889 0.424 0.43960923611111113 0.41750000000000004 0.43694493749999996 0.40825 0.4356127893518518 0.40650000000000003 0.4316163402777778 0.40549999999999997 0.4249555949074074 0.401 0.41119005324074076 0.4 0.3978685601851852 0.40199999999999997 0.3889875671296296 0.40650000000000003 0.3854351689814815 0.4115 0.3854351689814815 0.41825 0.3880994675925926 0.42250000000000004 0.3925399652777778 0.42600000000000005 0.4009769097222222 0.43
13 0.18872113657407408 0.43024999999999997 0.19582593287037037 0.43075 0.1993783310185185 0.4325 0.2158081712962963 0.4305 0.2277975138888889 0.42274999999999996 0.22957371296296294 0.415 0.22735346296296297 0.408 0.21003552314814816 0.40025 0.19493783333333334 0.39975 0.18916518750000003 0.40049999999999997 0.17895204166666667 0.40575 0.17406749537037036 0.411 0.17362344675925925 0.41725 0.17539964583333334 0.4215 0.17895204166666667 0.42525 0.18872113657407408 0.43024999999999997
13 0.29973356944444446 0.48924999999999996 0.3086145648148148 0.49 0.3183836597222222 0.48850000000000005 0.32815275231481483 0.48425 0.333925400462963 0.4775 0.33170515046296295 0.46974999999999995 0.32593250462962964 0.46299999999999997 0.3112788634259259 0.45949999999999996 0.29884546990740746 0.45975 0.2908525763888889 0.46149999999999997 0.28285968055555555 0.46575 0.28019538194444443 0.47 0.28063943055555557 0.47800000000000004 0.28507992824074074 0.48425 0.2895204259259259 0.487 0.29973356944444446 0.48924999999999996
13 0.5350799282407407 0.48574999999999996 0.542628775462963 0.47725 0.543516875 0.47375 0.5408525763888888 0.467 0.5328596805555555 0.46175 0.5261989351851851 0.45949999999999996 0.5195381875 0.45875 0.5133214930555555 0.45949999999999996 0.5084369444444444 0.4585 0.5026642986111112 0.46099999999999997 0.4977797523148148 0.46125 0.49467140277777777 0.4625 0.49111900462962965 0.46675 0.4902309050925926 0.47775 0.49822380092592594 0.4865 0.5164298402777777 0.49025 0.5350799282407407 0.48574999999999996
13 0.7166962708333334 0.48975 0.727353462962963 0.491 0.7437833032407407 0.48850000000000005 0.751776199074074 0.48475 0.7548845462962963 0.481 0.7557726458333334 0.47324999999999995 0.7522202476851851 0.46799999999999997 0.7464476018518519 0.46175 0.7384547060185185 0.45875 0.727353462962963 0.4585 0.7215808171296296 0.46075000000000005 0.7091474236111112 0.4625 0.7011545300925925 0.47100000000000003 0.7002664305555556 0.47775 0.7042628773148147 0.484 0.7122557731481481 0.48874999999999996 0.7166962708333334 0.48975
13 0.8219360578703703 0.55075 0.8374777986111112 0.55225 0.8485790416666666 0.55075 0.856127886574074 0.547 0.8601243333333334 0.543 0.8623445833333334 0.533 0.8556838356481481 0.52425 0.8476909421296297 0.52075 0.8352575486111111 0.5187499999999999 0.8201598587962963 0.5205 0.8108348125 0.5245 0.8050621666666666 0.5305 0.8046181180555556 0.5367500000000001 0.8081705162037037 0.5435 0.8134991111111112 0.54775 0.8219360578703703 0.55075
13 0.603019537037037 0.54925 0.6123445833333334 0.5515 0.6287744236111111 0.55125 0.6332149189814814 0.5505 0.6407637662037038 0.54725 0.6483126111111112 0.54125 0.6500888101851852 0.53125 0.6474245115740741 0.5237499999999999 0.6429840138888889 0.52 0.6327708703703704 0.5175 0.623001775462963 0.5165 0.6101243333333334 0.517 0.5990230902777779 0.52025 0.5905861458333334 0.526 0.5883658958333333 0.5295 0.5883658958333333 0.53625 0.5945825925925926 0.55025 0.603019537037037 0.54925
13 0.4076376550925926 0.54975 0.42007104861111116 0.5495 0.4249555949074074 0.5479999999999999 0.4356127893518518 0.5415 0.437833037037037 0.5339999999999999 0.4356127893518518 0.527 0.43072824074074073 0.52275 0.42184724768518517 0.5185 0.39742451157407405 0.5185 0.3885435162037037 0.52275 0.38365896990740744 0.5295 0.38365896990740744 0.53625 0.3872113680555555 0.542 0.4009769097222222 0.5485 0.4076376550925926 0.54975
13 0.206483125 0.5495 0.21669627083333334 0.54675 0.22646536342592594 0.538 0.22735346296296297 0.532 0.22557726388888888 0.5275 0.2211367662037037 0.5235 0.21003552314814816 0.518 0.19449378240740742 0.51725 0.18250443981481482 0.5195 0.1749555949074074 0.5235 0.17095914814814817 0.5285000000000001 0.17095914814814817 0.5355 0.1771758425925926 0.5437500000000001 0.1918294837962963 0.54925 0.206483125 0.5495
13 0.2873001782407407 0.60625 0.2992895208333333 0.61 0.3210479583333334 0.60675 0.3312611018518518 0.599 0.33170515046296295 0.5915 0.32904085185185183 0.58475 0.3228241574074074 0.581 0.3077264652777778 0.57675 0.28996447685185184 0.578 0.2810834814814815 0.58325 0.27708703472222224 0.5885 0.27575488425925926 0.592 0.2775310833333333 0.598 0.2810834814814815 0.6022500000000001 0.2873001782407407 0.60625
13 0.5124333935185186 0.60775 0.5213143865740741 0.60775 0.5315275300925926 0.6045 0.5386323263888889 0.599 0.5430728240740741 0.592 0.5359680277777777 0.58175 0.5275310833333333 0.5775 0.5222024861111111 0.57625 0.5084369444444444 0.576 0.49866785185185186 0.57775 0.49067495601851846 0.58325 0.4880106574074074 0.588 0.4884547060185185 0.5950000000000001 0.4951154537037037 0.6024999999999999 0.5048845462962963 0.60675 0.5124333935185186 0.60775
13 0.7309058611111111 0.611 0.7371225578703703 0.6097499999999999 0.7491119004629629 0.60475 0.7548845462962963 0.59875 0.7553285972222222 0.592 0.7526642986111112 0.58675 0.7446714027777778 0.5812499999999999 0.7344582592592593 0.57825 0.7220248657407408 0.57725 0.7087033749999999 0.58 0.7020426296296297 0.58375 0.6980461805555556 0.5895 0.6989342800925926 0.59975 0.7082593240740741 0.6064999999999999 0.7180284189814815 0.61 0.7309058611111111 0.611
13 0.6092362337962962 0.6695 0.6265541736111111 0.6722499999999999 0.6314387222222222 0.6717500000000001 0.6412078148148148 0.66825 0.6474245115740741 0.6645000000000001 0.6514209583333334 0.6545000000000001 0.6492007106481481 0.6475000000000001 0.6429840138888889 0.64325 0.6372113680555556 0.6409999999999999 0.6305506226851852 0.6395000000000001 0.6127886319444444 0.639 0.6034635879629631 0.6409999999999999 0.5990230902777779 0.6435000000000001 0.5963587916666667 0.6472500000000001 0.5968028425925925 0.65075 0.5941385439814815 0.6547499999999999 0.5972468912037037 0.661 0.6092362337962962 0.6695
13 0.4005328587962963 0.66825 0.4076376550925926 0.6689999999999999 0.42184724768518517 0.66675 0.4316163402777778 0.66175 0.4342806388888889 0.6589999999999999 0.4356127893518518 0.6517499999999999 0.4311722916666667 0.644 0.4222912962962963 0.6395000000000001 0.41119005324074076 0.63675 0.39742451157407405 0.638 0.39165186574074073 0.63975 0.3841030185185185 0.644 0.38143872222222225 0.649 0.3809946712962963 0.6549999999999999 0.3849911180555555 0.6625 0.39431616435185185 0.66675 0.4005328587962963 0.66825