3 0.46296296296296297 0.5370370370370371 0.46064814814814814 0.5347222222222222 0.45601851851851855 0.5370370370370371 0.44212962962962965 0.5370370370370371 0.4375 0.5416666666666666 0.4375 0.5717592592592593 0.4398148148148148 0.5740740740740741 0.46064814814814814 0.5740740740740741 0.46296296296296297 0.5717592592592593 0.4722222222222222 0.5717592592592593 0.47453703703703703 0.5740740740740741 0.4930555555555556 0.5740740740740741 0.5046296296296297 0.5810185185185185 0.5115740740740741 0.5810185185185185 0.5208333333333334 0.5856481481481481 0.5300925925925926 0.5925925925925926 0.5370370370370371 0.6064814814814815 0.5370370370370371 0.6203703703703703 0.5324074074074074 0.6296296296296297 0.5162037037037037 0.6412037037037037 0.5115740740740741 0.6412037037037037 0.4976851851851852 0.6481481481481481 0.4861111111111111 0.6481481481481481 0.4837962962962963 0.6504629629629629 0.4513888888888889 0.6504629629629629 0.44907407407407407 0.6481481481481481 0.4398148148148148 0.6481481481481481 0.4212962962962963 0.6412037037037037 0.4074074074074074 0.6296296296296297 0.4027777777777778 0.6226851851851852 0.4027777777777778 0.6157407407407407 0.40046296296296297 0.6134259259259259 0.40046296296296297 0.5972222222222222 0.3958333333333333 0.5925925925925926 0.3912037037037037 0.5949074074074074 0.3726851851851852 0.5949074074074074 0.37037037037037035 0.5925925925925926 0.37037037037037035 0.5787037037037037 0.3726851851851852 0.5740740740740741 0.39814814814814814 0.5740740740740741 0.40046296296296297 0.5717592592592593 0.40046296296296297 0.5416666666666666 0.39351851851851855 0.5370370370370371 0.3726851851851852 0.5370370370370371 0.3680555555555556 0.5300925925925926 0.3680555555555556 0.5254629629629629 0.3726851851851852 0.5185185185185185 0.39814814814814814 0.5185185185185185 0.40046296296296297 0.5162037037037037 0.40046296296296297 0.49537037037037035 0.4027777777777778 0.4930555555555556 0.4027777777777778 0.48842592592592593 0.41435185185185186 0.47685185185185186 0.4513888888888889 0.46296296296296297 0.46296296296296297 0.46296296296296297 0.4652777777777778 0.4652777777777778 0.4652777777777778 0.4791666666666667 0.4583333333333333 0.4837962962962963 0.44675925925925924 0.4861111111111111 0.4351851851851852 0.5 0.4351851851851852 0.5138888888888888 0.4398148148148148 0.5185185185185185 0.46296296296296297 0.5185185185185185 0.4652777777777778 0.5347222222222222
8 0.4699074074074074 0.46296296296296297 0.48148148148148145 0.46064814814814814 0.4837962962962963 0.46296296296296297 0.5069444444444444 0.4652777777777778 0.5162037037037037 0.4722222222222222 0.5277777777777778 0.47685185185185186 0.5370370370370371 0.49074074074074076 0.5370370370370371 0.4976851851851852 0.5393518518518519 0.5 0.5370370370370371 0.5046296296296297 0.5393518518518519 0.5092592592592593 0.5370370370370371 0.5115740740740741 0.5416666666666666 0.5162037037037037 0.5810185185185185 0.5162037037037037 0.5833333333333334 0.5185185185185185 0.5972222222222222 0.5185185185185185 0.5995370370370371 0.5208333333333334 0.6064814814814815 0.5208333333333334 0.6111111111111112 0.5254629629629629 0.6226851851851852 0.5300925925925926 0.6342592592592593 0.5416666666666666 0.6342592592592593 0.5462962962962963 0.6365740740740741 0.5486111111111112 0.6365740740740741 0.5671296296296297 0.6412037037037037 0.5717592592592593 0.6597222222222222 0.5694444444444444 0.6643518518518519 0.5717592592592593 0.6666666666666666 0.5763888888888888 0.6666666666666666 0.5902777777777778 0.6597222222222222 0.5949074074074074 0.6550925925925926 0.5925925925925926 0.6412037037037037 0.5925925925925926 0.6365740740740741 0.5972222222222222 0.6365740740740741 0.6111111111111112 0.6388888888888888 0.6157407407407407 0.6481481481481481 0.6226851851851852 0.6527777777777778 0.625 0.6620370370370371 0.625 0.6666666666666666 0.6319444444444444 0.6666666666666666 0.6388888888888888 0.6689814814814815 0.6412037037037037 0.6689814814814815 0.6458333333333334 0.6666666666666666 0.6481481481481481 0.6481481481481481 0.6481481481481481 0.6458333333333334 0.6458333333333334 0.6365740740740741 0.6458333333333334 0.6342592592592593 0.6435185185185185 0.6226851851851852 0.6412037037037037 0.6180555555555556 0.6365740740740741 0.6111111111111112 0.6342592592592593 0.5995370370370371 0.6203703703703703 0.5995370370370371 0.6157407407407407 0.5972222222222222 0.6134259259259259 0.5972222222222222 0.5949074074074074 0.5949074074074074 0.5925925925925926 0.5532407407407407 0.5925925925925926 0.5509259259259259 0.5902777777777778 0.5416666666666666 0.5902777777777778 0.5185185185185185 0.5810185185185185 0.5046296296296297 0.5671296296296297 0.5 0.5578703703703703 0.5 0.5393518518518519 0.4976851851851852 0.5370370370370371 0.47453703703703703 0.5370370370370371 0.4722222222222222 0.5347222222222222 0.4722222222222222 0.5185185185185185 0.47453703703703703 0.5162037037037037 0.4976851851851852 0.5162037037037037 0.5 0.5138888888888888 0.5 0.4930555555555556 0.4930555555555556 0.4861111111111111 0.4837962962962963 0.48148148148148145 0.48148148148148145 0.4837962962962963 0.4791666666666667 0.48148148148148145 0.47453703703703703 0.48148148148148145 0.4699074074074074 0.47685185185185186 0.4699074074074074 0.4652777777777778
9 0.2708333333333333 0.46064814814814814 0.27314814814814814 0.46296296296296297 0.30092592592592593 0.4652777777777778 0.32407407407407407 0.47685185185185186 0.33564814814814814 0.49074074074074076 0.33564814814814814 0.5185185185185185 0.33796296296296297 0.5208333333333334 0.3402777777777778 0.5185185185185185 0.3611111111111111 0.5185185185185185 0.36342592592592593 0.5208333333333334 0.3611111111111111 0.5254629629629629 0.3611111111111111 0.5370370370370371 0.3587962962962963 0.5393518518518519 0.3472222222222222 0.5393518518518519 0.3449074074074074 0.5370370370370371 0.3425925925925926 0.5393518518518519 0.33796296296296297 0.5370370370370371 0.3333333333333333 0.5416666666666666 0.3333333333333333 0.5555555555555556 0.33564814814814814 0.5601851851851852 0.3425925925925926 0.5671296296296297 0.35185185185185186 0.5717592592592593 0.35648148148148145 0.5717592592592593 0.3611111111111111 0.5763888888888888 0.3611111111111111 0.5925925925925926 0.3587962962962963 0.5949074074074074 0.33101851851851855 0.5925925925925926 0.30324074074074076 0.5787037037037037 0.29398148148148145 0.5671296296296297 0.29398148148148145 0.5625 0.2916666666666667 0.5601851851851852 0.2916666666666667 0.5416666666666666 0.28703703703703703 0.5370370370370371 0.24305555555555555 0.5370370370370371 0.24074074074074073 0.5347222222222222 0.2337962962962963 0.5347222222222222 0.23148148148148148 0.5324074074074074 0.2199074074074074 0.5300925925925926 0.20601851851851852 0.5231481481481481 0.19907407407407407 0.5162037037037037 0.19444444444444445 0.5069444444444444 0.19444444444444445 0.48842592592592593 0.20833333333333334 0.47453703703703703 0.2222222222222222 0.4675925925925926 0.2361111111111111 0.4652777777777778 0.23842592592592593 0.46296296296296297 0.26851851851851855 0.46064814814814814
10 0.6435185185185185 0.4050925925925926 0.6458333333333334 0.4074074074074074 0.6504629629629629 0.4050925925925926 0.6550925925925926 0.4074074074074074 0.6574074074074074 0.4050925925925926 0.6620370370370371 0.4074074074074074 0.6736111111111112 0.4074074074074074 0.6759259259259259 0.4050925925925926 0.6828703703703703 0.4050925925925926 0.6967592592592593 0.3912037037037037 0.7013888888888888 0.3912037037037037 0.7037037037037037 0.3888888888888889 0.7199074074074074 0.3888888888888889 0.7222222222222222 0.38657407407407407 0.7361111111111112 0.3888888888888889 0.7337962962962963 0.40046296296296297 0.7222222222222222 0.41203703703703703 0.7083333333333334 0.41898148148148145 0.6944444444444444 0.4212962962962963 0.6851851851851852 0.42592592592592593 0.6504629629629629 0.42592592592592593 0.6481481481481481 0.42824074074074076 0.6412037037037037 0.42592592592592593 0.6365740740740741 0.4305555555555556 0.6365740740740741 0.4513888888888889 0.6342592592592593 0.4537037037037037 0.6388888888888888 0.46064814814814814 0.6759259259259259 0.46064814814814814 0.6782407407407407 0.46296296296296297 0.7013888888888888 0.4652777777777778 0.7199074074074074 0.47453703703703703 0.7291666666666666 0.4837962962962963 0.7337962962962963 0.4930555555555556 0.7337962962962963 0.5046296296296297 0.7291666666666666 0.5138888888888888 0.7222222222222222 0.5208333333333334 0.7083333333333334 0.5300925925925926 0.7037037037037037 0.5300925925925926 0.6944444444444444 0.5347222222222222 0.6828703703703703 0.5347222222222222 0.6805555555555556 0.5370370370370371 0.6527777777777778 0.5370370370370371 0.6504629629629629 0.5347222222222222 0.6388888888888888 0.5347222222222222 0.6365740740740741 0.5324074074074074 0.6319444444444444 0.5324074074074074 0.6087962962962963 0.5208333333333334 0.5995370370370371 0.5115740740740741 0.5949074074074074 0.5 0.5949074074074074 0.48842592592592593 0.5972222222222222 0.4861111111111111 0.5949074074074074 0.48148148148148145 0.5694444444444444 0.48148148148148145 0.5694444444444444 0.46064814814814814 0.5925925925925926 0.46064814814814814 0.5972222222222222 0.45601851851851855 0.5972222222222222 0.42824074074074076 0.5949074074074074 0.42592592592592593 0.5717592592592593 0.42592592592592593 0.5694444444444444 0.4236111111111111 0.5694444444444444 0.4074074074074074 0.5717592592592593 0.4050925925925926 0.5949074074074074 0.4050925925925926 0.5995370370370371 0.40046296296296297 0.5995370370370371 0.3912037037037037 0.6111111111111112 0.38657407407407407 0.6319444444444444 0.38657407407407407 0.6342592592592593 0.3888888888888889 0.6388888888888888 0.3888888888888889 0.6388888888888888 0.4027777777777778 0.6412037037037037 0.4050925925925926
7 0.5 0.33101851851851855 0.5115740740740741 0.33101851851851855 0.5138888888888888 0.3287037037037037 0.5370370370370371 0.33101851851851855 0.5393518518518519 0.3333333333333333 0.5393518518518519 0.3449074074074074 0.5416666666666666 0.3472222222222222 0.5810185185185185 0.3472222222222222 0.5833333333333334 0.3449074074074074 0.5879629629629629 0.3449074074074074 0.5995370370370371 0.33101851851851855 0.6111111111111112 0.33101851851851855 0.6134259259259259 0.3287037037037037 0.6296296296296297 0.3287037037037037 0.6342592592592593 0.33101851851851855 0.6342592592592593 0.3402777777777778 0.6296296296296297 0.3472222222222222 0.6134259259259259 0.3611111111111111 0.6087962962962963 0.3611111111111111 0.6018518518518519 0.36574074074074076 0.5879629629629629 0.3680555555555556 0.5856481481481481 0.37037037037037035 0.5648148148148148 0.37037037037037035 0.5625 0.3726851851851852 0.5462962962962963 0.3726851851851852 0.5416666666666666 0.37037037037037035 0.5370370370370371 0.375 0.5370370370370371 0.3888888888888889 0.5347222222222222 0.3912037037037037 0.5370370370370371 0.40046296296296297 0.5416666666666666 0.4050925925925926 0.5648148148148148 0.4050925925925926 0.5648148148148148 0.42592592592592593 0.5393518518518519 0.42592592592592593 0.5347222222222222 0.43287037037037035 0.5347222222222222 0.4444444444444444 0.5439814814814815 0.4537037037037037 0.5532407407407407 0.4583333333333333 0.5648148148148148 0.46064814814814814 0.5671296296296297 0.4652777777777778 0.5671296296296297 0.47685185185185186 0.5648148148148148 0.4791666666666667 0.5439814814814815 0.4791666666666667 0.5416666666666666 0.47685185185185186 0.5277777777777778 0.47453703703703703 0.5138888888888888 0.4675925925925926 0.5069444444444444 0.46296296296296297 0.5 0.4537037037037037 0.5 0.44907407407407407 0.4976851851851852 0.44675925925925924 0.4976851851851852 0.42824074074074076 0.49537037037037035 0.42592592592592593 0.4699074074074074 0.42592592592592593 0.4675925925925926 0.4236111111111111 0.4675925925925926 0.4050925925925926 0.4699074074074074 0.4027777777777778 0.49537037037037035 0.4050925925925926 0.4976851851851852 0.4027777777777778 0.4976851851851852 0.3888888888888889 0.5 0.38657407407407407 0.4976851851851852 0.38425925925925924 0.5 0.375 0.49537037037037035 0.37037037037037035 0.4699074074074074 0.37037037037037035 0.4699074074074074 0.34953703703703703 0.4722222222222222 0.3472222222222222 0.4976851851851852 0.3472222222222222 0.5 0.3449074074074074 0.5 0.3333333333333333
11 0.07193605787037037 0.3525 0.07504440509259258 0.3605 0.07326820601851852 0.3975 0.07859680324074075 0.691 0.07992895138888889 0.7005 0.0848135 0.7042499999999999 0.11234458333333333 0.7104999999999999 0.11767317824074074 0.7100000000000001 0.12699822453703705 0.712 0.13232682175925928 0.712 0.13676731712962964 0.71175 0.1385435162037037 0.7104999999999999 0.1580817060185185 0.7097500000000001 0.1678507986111111 0.7060000000000001 0.1718472476851852 0.70625 0.18250443981481482 0.70375 0.21492007175925926 0.7002499999999999 0.2282415625 0.7030000000000001 0.25 0.7042499999999999 0.29662522222222226 0.70475 0.309946712962963 0.7032499999999999 0.32904085185185183 0.7042499999999999 0.35079928935185184 0.7027500000000001 0.3712255763888889 0.7045 0.376110125 0.7034999999999999 0.4116341041666666 0.704 0.42140319675925925 0.7025 0.4538188287037037 0.7032499999999999 0.46714031944444445 0.7020000000000001 0.4951154537037037 0.7025 0.5235346365740741 0.701 0.5337477800925926 0.70225 0.542628775462963 0.7002499999999999 0.5528419189814815 0.7 0.5737122546296296 0.7015 0.5790408518518518 0.7005 0.6092362337962962 0.7002499999999999 0.6158969814814815 0.70125 0.6194493773148148 0.7002499999999999 0.643872113425926 0.7002499999999999 0.6607460046296296 0.6985 0.6718472476851851 0.69875 0.6860568379629629 0.6975 0.6998223796296296 0.6985 0.7162522199074074 0.697 0.7202486689814814 0.697 0.7238010648148148 0.69825 0.7366785069444445 0.6975 0.7619893425925925 0.6975 0.7668738888888889 0.69825 0.7748667847222223 0.6975 0.8188277083333333 0.69775 0.8592362337962962 0.69675 0.8690053287037037 0.69525 0.873001775462963 0.69525 0.876998224537037 0.69675 0.9085257546296297 0.6960000000000001 0.916962699074074 0.6955 0.9214031967592592 0.69425 0.9356127893518519 0.694 0.9600355231481481 0.6880000000000001 0.9644760208333333 0.6857500000000001 0.9742451157407408 0.6792499999999999 0.9853463587962963 0.668 0.9902309050925925 0.65625 0.9893428055555555 0.54325 0.9871225578703703 0.5355 0.9888987569444445 0.51075 0.9835701597222223 0.22675 0.9822380115740741 0.21975 0.9746891643518518 0.2065 0.9560390763888889 0.19425 0.9360568379629629 0.18775 0.9214031967592592 0.186 0.9076376550925926 0.18675 0.9049733564814815 0.18575 0.893872113425926 0.185 0.8667850810185186 0.186 0.8507992893518519 0.185 0.8401420949074074 0.18575 0.7966252222222222 0.185 0.7859680277777777 0.18625 0.7668738888888889 0.185 0.7375666064814815 0.18475 0.7304618125 0.1855 0.6838365902777779 0.1845 0.6793960925925927 0.18525000000000003 0.6496447592592594 0.18525000000000003 0.6292184722222223 0.18425 0.6052397870370371 0.1855 0.5737122546296296 0.18425 0.5674955601851852 0.18575 0.559946712962963 0.18575 0.5452930717592592 0.18425 0.4724689166666667 0.184 0.4555950277777778 0.18475 0.4045293078703704 0.18375 0.3929840138888889 0.1845 0.3592362337962963 0.18325 0.3463587916666666 0.184 0.3157193611111111 0.18350000000000002 0.2784191828703704 0.182 0.2619893425925926 0.18350000000000002 0.23134991203703703 0.183 0.20959147453703703 0.18475 0.2033747777777778 0.1865 0.19982237962962962 0.1855 0.19227353472222222 0.17900000000000002 0.18561278935185185 0.176 0.17095914814814817 0.17325 0.1678507986111111 0.17149999999999999 0.16074600462962962 0.171 0.1571936064814815 0.17174999999999999 0.1549733564814815 0.17025 0.14964475925925924 0.16925 0.14476021296296296 0.1705 0.13721136805555556 0.16824999999999998 0.13454706944444444 0.1695 0.12522202546296296 0.1685 0.12166962731481482 0.17074999999999999 0.11900532870370371 0.16974999999999998 0.11722912962962963 0.17149999999999999 0.11145648379629629 0.1705 0.10968028472222223 0.16824999999999998 0.10035524074074074 0.1675 0.09635879166666667 0.16824999999999998 0.09724689120370371 0.1705 0.09191829398148148 0.17174999999999999 0.09103019444444443 0.17325 0.08348134953703704 0.175 0.08126110185185186 0.17400000000000002 0.07726465277777778 0.17475000000000002 0.07593250462962962 0.1785 0.0706039074074074 0.18125 0.06882770833333333 0.18799999999999997 0.07193605787037037 0.2865 0.0754884537037037 0.32725000000000004 0.0754884537037037 0.34625 0.07193605787037037 0.3525
12 0.20111678472222222 0.16566124999999998 0.08571269907407408 0.16566124999999998 0.08571269907407408 0.71609875 0.20111678472222222 0.71609875 0.20111678472222222 0.16566124999999998
13 0.4675843703703703 0.2905 0.4782415625 0.28825 0.4871225578703704 0.2835 0.48978685648148146 0.27675 0.4880106574074074 0.26925 0.4809058611111111 0.2625 0.4755772638888889 0.2605 0.4698046180555555 0.25925 0.4547069282407407 0.261 0.4462699814814815 0.2645 0.4413854351851852 0.26975 0.44182948379629633 0.28025 0.4449378333333333 0.2835 0.45248667824074074 0.28775 0.4675843703703703 0.2905
13 0.6611900532407406 0.291 0.6718472476851851 0.29125 0.6807282407407407 0.28675 0.6869449375000001 0.28150000000000003 0.688277087962963 0.27399999999999997 0.6860568379629629 0.2655 0.6749555949074074 0.26075000000000004 0.6656305509259259 0.25925 0.6531971574074075 0.2605 0.643872113425926 0.265 0.6389875671296296 0.27075 0.6385435162037036 0.277 0.6416518657407407 0.283 0.6474245115740741 0.28750000000000003 0.6611900532407406 0.291
13 0.7575488449074074 0.347 0.7690941388888889 0.3465 0.7801953819444444 0.34299999999999997 0.7859680277777777 0.3385 0.7873001782407407 0.335 0.7864120787037037 0.3245 0.7793072824074074 0.318 0.7735346365740741 0.3165 0.7611012430555555 0.3155 0.7508880995370371 0.31725 0.7420071041666667 0.32125 0.7366785069444445 0.32925 0.7366785069444445 0.33375 0.7406749560185185 0.33925000000000005 0.7468916527777778 0.34299999999999997 0.7575488449074074 0.347
13 0.5510657199074074 0.34400000000000003 0.5634991111111111 0.3465 0.5737122546296296 0.34525 0.583037300925926 0.34275000000000005 0.5861456481481482 0.341 0.5901420949074074 0.3355 0.5874777986111112 0.32375000000000004 0.5781527523148148 0.318 0.5679396087962962 0.31625000000000003 0.5572824166666667 0.31699999999999995 0.5501776203703703 0.31875 0.5430728240740741 0.3245 0.5408525763888888 0.328 0.5399644768518519 0.332 0.541296625 0.33575000000000005 0.5466252222222222 0.342 0.5510657199074074 0.34400000000000003
13 0.3730017754629629 0.34675 0.38232682175925925 0.34349999999999997 0.3907637662037037 0.33825 0.39209591435185187 0.33099999999999996 0.3889875671296296 0.32475 0.38365896990740744 0.32025000000000003 0.3765541736111111 0.31675000000000003 0.3690053287037037 0.316 0.35479573611111115 0.3175 0.3463587916666666 0.32125 0.3423623449074074 0.3265 0.34147424537037036 0.33225000000000005 0.34369449305555555 0.33875 0.35568383564814815 0.3455 0.3730017754629629 0.34675
13 0.25799289583333335 0.40199999999999997 0.27575488425925926 0.40275 0.28552397916666666 0.3995 0.29262877546296295 0.39425 0.2944049722222222 0.38725 0.29218472453703703 0.38275000000000003 0.2873001782407407 0.378 0.27930728240740743 0.37400000000000005 0.2655417407407408 0.3725 0.25888099537037035 0.3735 0.2477797523148148 0.37725000000000003 0.24378330324074074 0.38 0.24200710416666665 0.3835 0.24156305555555554 0.39075 0.24378330324074074 0.39475000000000005 0.2482238009259259 0.39875 0.25799289583333335 0.40199999999999997
13 0.4582593240740741 0.40199999999999997 0.4635879212962963 0.4015 0.4666962708333333 0.40249999999999997 0.48134991203703703 0.40025 0.4844582592592592 0.39925 0.48889875694444446 0.39475000000000005 0.49111900462962965 0.38925000000000004 0.4893428055555556 0.381 0.4871225578703704 0.37875000000000003 0.477353462962963 0.37424999999999997 0.4666962708333333 0.3725 0.45337477777777774 0.375 0.44582593287037037 0.38 0.4431616342592593 0.384 0.4422735347222222 0.3885 0.4449378333333333 0.394 0.45204262962962966 0.39975 0.4582593240740741 0.40199999999999997
13 0.6549733564814815 0.4015 0.6611900532407406 0.40325 0.6687388981481481 0.40325 0.6825044398148149 0.40075 0.6913854351851852 0.3905 0.6869449375000001 0.37975 0.6833925393518518 0.3765 0.6753996458333333 0.3735 0.6607460046296296 0.37274999999999997 0.6500888101851852 0.3755 0.6447602129629629 0.3785 0.6425399652777778 0.3815 0.6403197152777778 0.38649999999999995 0.6420959143518518 0.391 0.6492007106481481 0.39849999999999997 0.6549733564814815 0.4015
13 0.8672291296296296 0.40225 0.8765541736111111 0.39975 0.8845470694444444 0.3945 0.8880994675925926 0.39025 0.8894316157407408 0.38325 0.8836589699074074 0.37625 0.8765541736111111 0.3725 0.8645648310185186 0.37025 0.8587921851851852 0.37025 0.8485790416666666 0.37225 0.8419182939814815 0.3755 0.8374777986111112 0.37925000000000003 0.8352575486111111 0.38475 0.8370337476851851 0.39349999999999996 0.8441385439814815 0.39825000000000005 0.8583481342592593 0.40175000000000005 0.8672291296296296 0.40225
13 0.7579928958333333 0.457 0.7770870347222222 0.45449999999999996 0.7859680277777777 0.4495 0.7881882777777778 0.44425 0.7868561273148148 0.43674999999999997 0.7828596805555555 0.432 0.7784191828703704 0.42974999999999997 0.7633214930555555 0.427 0.7522202476851851 0.42775 0.7442273541666666 0.43125 0.7393428055555555 0.438 0.7388987569444445 0.444 0.7420071041666667 0.44925 0.7486678518518518 0.45425 0.7579928958333333 0.457
13 0.3658969814814815 0.45925 0.38010657175925927 0.45825 0.3903197152777778 0.45475 0.39387211342592593 0.446 0.39742451157407405 0.4425 0.3912078148148148 0.435 0.3765541736111111 0.429 0.3712255763888889 0.43075 0.3627886319444445 0.43 0.35657193518518515 0.434 0.3521314398148148 0.4335 0.3481349907407407 0.4355 0.3445825925925926 0.44025 0.3445825925925926 0.44675000000000004 0.3490230902777778 0.453 0.35568383564814815 0.45675 0.3658969814814815 0.45925
13 0.5461811712962963 0.45599999999999996 0.5572824166666667 0.45949999999999996 0.5612788634259259 0.45975 0.5821492013888888 0.455 0.5865896990740741 0.451 0.5905861458333334 0.44275 0.5870337476851852 0.43475 0.5821492013888888 0.4315 0.5754884537037037 0.43 0.5603907638888889 0.429 0.5501776203703703 0.43125 0.541296625 0.4355 0.5404085254629629 0.4415 0.5368561273148148 0.44625 0.5430728240740741 0.4565 0.5461811712962963 0.45599999999999996
13 0.2522202476851852 0.514 0.2624333935185185 0.5165 0.2859680277777778 0.516 0.2873001782407407 0.51525 0.29262877546296295 0.5085 0.293516875 0.50075 0.290408525462963 0.493 0.28285968055555555 0.487 0.2664298402777778 0.48425 0.25532859722222223 0.4855 0.2442273541666667 0.49125 0.24067495601851852 0.495 0.23934280555555554 0.49900000000000005 0.2402309050925926 0.50475 0.2446714027777778 0.5097499999999999 0.2522202476851852 0.514
13 0.46625221990740745 0.5155 0.4764653634259259 0.5125000000000001 0.4840142106481482 0.512 0.49333925462962963 0.50525 0.49600355324074075 0.4975 0.4924511550925926 0.49125 0.49067495601851846 0.48975 0.477353462962963 0.4855 0.46625221990740745 0.48475 0.4569271759259259 0.48724999999999996 0.4462699814814815 0.4915 0.4444937824074074 0.495 0.4440497337962963 0.50225 0.44671403240740737 0.5065 0.45293072916666666 0.51075 0.46625221990740745 0.5155
13 0.6492007106481481 0.51025 0.6536412083333333 0.5135 0.6696269976851852 0.514 0.6780639421296297 0.51275 0.6891651875 0.5065 0.6922735347222222 0.50175 0.6904973356481482 0.50125 0.6922735347222222 0.49974999999999997 0.690941386574074 0.491 0.6860568379629629 0.4875 0.6762877453703703 0.48350000000000004 0.6705150972222222 0.48275 0.6434280648148147 0.486 0.6394316157407408 0.49025 0.6403197152777778 0.506 0.6429840138888889 0.509 0.645204263888889 0.50875 0.6492007106481481 0.51025
13 0.8290408518518518 0.50725 0.8294849027777778 0.5097499999999999 0.8277087037037036 0.512 0.8521314398148149 0.51575 0.876998224537037 0.512 0.8872113680555556 0.5055000000000001 0.8916518657407407 0.49825 0.8907637662037038 0.491 0.8876554166666666 0.48775 0.8627886319444444 0.47825 0.856127886574074 0.48150000000000004 0.8521314398148149 0.47975 0.8383658958333333 0.48000000000000004 0.835701599537037 0.482 0.8272646527777778 0.48350000000000004 0.8263765532407407 0.4865 0.8206039074074073 0.48874999999999996 0.8166074606481482 0.49424999999999997 0.8174955601851851 0.5 0.8219360578703703 0.5015 0.8223801064814815 0.50375 0.8290408518518518 0.50725
13 0.7579928958333333 0.56675 0.7739786851851852 0.56675 0.7806394305555556 0.5650000000000001 0.7868561273148148 0.56075 0.789520425925926 0.5565 0.7899644768518519 0.55025 0.7837477800925926 0.542 0.7793072824074074 0.5395 0.7642095925925927 0.53775 0.7526642986111112 0.5385 0.7460035532407407 0.5415 0.7406749560185185 0.5485 0.7406749560185185 0.5569999999999999 0.7437833032407407 0.5605 0.748223800925926 0.5635 0.7579928958333333 0.56675
13 0.5528419189814815 0.56625 0.5617229120370371 0.56775 0.5812611018518519 0.56775 0.5919182939814815 0.56575 0.5941385439814815 0.5499999999999999 0.5883658958333333 0.543 0.5821492013888888 0.5409999999999999 0.5781527523148148 0.53975 0.5661634097222222 0.53925 0.5501776203703703 0.54125 0.5457371226851851 0.54425 0.5417406759259259 0.54975 0.541296625 0.5555 0.5430728240740741 0.56025 0.5475133217592593 0.564 0.5528419189814815 0.56625
13 0.36545293055555556 0.571 0.3734458263888889 0.57125 0.38277087037037033 0.56975 0.39209591435185187 0.5635 0.39431616435185185 0.5575 0.39342806481481485 0.5505 0.3894316157407407 0.54625 0.38010657175925927 0.5425 0.3658969814814815 0.542 0.35346358796296296 0.5455 0.3454706921296296 0.5499999999999999 0.3441385439814815 0.5535 0.3441385439814815 0.5599999999999999 0.3476909421296296 0.56425 0.35568383564814815 0.5685 0.36545293055555556 0.571
13 0.4635879212962963 0.6267499999999999 0.4715808171296296 0.6269999999999999 0.48134991203703703 0.62475 0.49067495601851846 0.6215 0.4968916527777778 0.6167499999999999 0.49822380092592594 0.61125 0.49289520370370365 0.6024999999999999 0.4786856134259259 0.597 0.46492007175925926 0.5964999999999999 0.45781527546296297 0.5975 0.44538188194444445 0.6020000000000001 0.4444937824074074 0.6055 0.4440497337962963 0.6134999999999999 0.4484902314814815 0.61975 0.456483125 0.6244999999999999 0.4635879212962963 0.6267499999999999
13 0.668294849537037 0.625 0.6753996458333333 0.625 0.6825044398148149 0.6234999999999999 0.6931616342592593 0.61475 0.6940497337962962 0.60775 0.690941386574074 0.6020000000000001 0.6847246898148148 0.597 0.6753996458333333 0.5945 0.668294849537037 0.5942500000000001 0.6634103009259259 0.5957499999999999 0.6505328587962963 0.59725 0.643872113425926 0.6022500000000001 0.6425399652777778 0.6064999999999999 0.6434280648148147 0.61275 0.646980462962963 0.6162500000000001 0.6531971574074075 0.61975 0.668294849537037 0.625