4 0.6805555555555556 0.43287037037037035 0.6828703703703703 0.4351851851851852 0.6921296296296297 0.4351851851851852 0.6990740740740741 0.4398148148148148 0.7037037037037037 0.4398148148148148 0.7199074074074074 0.4537037037037037 0.7245370370370371 0.4652777777777778 0.7245370370370371 0.47453703703703703 0.7222222222222222 0.47685185185185186 0.7222222222222222 0.48148148148148145 0.7245370370370371 0.4837962962962963 0.7662037037037037 0.4837962962962963 0.7685185185185185 0.4861111111111111 0.7754629629629629 0.4861111111111111 0.7777777777777778 0.48842592592592593 0.7893518518518519 0.49074074074074076 0.8032407407407407 0.5 0.8101851851851852 0.5115740740740741 0.8101851851851852 0.5162037037037037 0.7708333333333334 0.5162037037037037 0.7592592592592593 0.5023148148148148 0.7384259259259259 0.5 0.7361111111111112 0.5023148148148148 0.7268518518518519 0.5023148148148148 0.7222222222222222 0.5069444444444444 0.7222222222222222 0.5162037037037037 0.7083333333333334 0.5162037037037037 0.7060185185185185 0.5185185185185185 0.6851851851851852 0.5162037037037037 0.6828703703703703 0.5138888888888888 0.6828703703703703 0.5023148148148148 0.6805555555555556 0.5 0.6388888888888888 0.5 0.6342592592592593 0.5046296296296297 0.6342592592592593 0.5138888888888888 0.6319444444444444 0.5162037037037037 0.5995370370370371 0.5162037037037037 0.5972222222222222 0.5138888888888888 0.5972222222222222 0.5023148148148148 0.5949074074074074 0.5 0.5856481481481481 0.5 0.5833333333333334 0.4976851851851852 0.5601851851851852 0.5 0.5555555555555556 0.5023148148148148 0.5439814814814815 0.5162037037037037 0.5138888888888888 0.5162037037037037 0.5115740740740741 0.5138888888888888 0.5115740740740741 0.5069444444444444 0.5162037037037037 0.5 0.5393518518518519 0.4861111111111111 0.5486111111111112 0.4861111111111111 0.5509259259259259 0.4837962962962963 0.5601851851851852 0.4837962962962963 0.5625 0.48148148148148145 0.5949074074074074 0.48148148148148145 0.5995370370370371 0.47685185185185186 0.5972222222222222 0.4652777777777778 0.6018518518518519 0.4537037037037037 0.6087962962962963 0.44675925925925924 0.6226851851851852 0.4398148148148148 0.6273148148148148 0.4398148148148148 0.6365740740740741 0.4351851851851852 0.6458333333333334 0.4351851851851852 0.6481481481481481 0.43287037037037035 0.6782407407407407 0.43287037037037035
2 0.5324074074074074 0.5162037037037037 0.5347222222222222 0.5185185185185185 0.5462962962962963 0.5185185185185185 0.5462962962962963 0.5208333333333334 0.5555555555555556 0.5300925925925926 0.5671296296296297 0.5324074074074074 0.5694444444444444 0.5347222222222222 0.5925925925925926 0.5347222222222222 0.5972222222222222 0.5300925925925926 0.5972222222222222 0.5185185185185185 0.6319444444444444 0.5185185185185185 0.6342592592592593 0.5208333333333334 0.6342592592592593 0.5324074074074074 0.6365740740740741 0.5347222222222222 0.6828703703703703 0.5347222222222222 0.6851851851851852 0.5324074074074074 0.6851851851851852 0.5208333333333334 0.6898148148148148 0.5185185185185185 0.6944444444444444 0.5185185185185185 0.6967592592592593 0.5208333333333334 0.7199074074074074 0.5208333333333334 0.7222222222222222 0.5231481481481481 0.7199074074074074 0.5300925925925926 0.7268518518518519 0.5347222222222222 0.7546296296296297 0.5347222222222222 0.7638888888888888 0.5300925925925926 0.7708333333333334 0.5208333333333334 0.8032407407407407 0.5208333333333334 0.8078703703703703 0.5185185185185185 0.8101851851851852 0.5208333333333334 0.8101851851851852 0.5254629629629629 0.8055555555555556 0.5347222222222222 0.7893518518518519 0.5462962962962963 0.7777777777777778 0.5509259259259259 0.7685185185185185 0.5509259259259259 0.7662037037037037 0.5532407407407407 0.7268518518518519 0.5532407407407407 0.7222222222222222 0.5578703703703703 0.7222222222222222 0.5671296296296297 0.7152777777777778 0.5671296296296297 0.7129629629629629 0.5694444444444444 0.7083333333333334 0.5671296296296297 0.7037037037037037 0.5671296296296297 0.7013888888888888 0.5694444444444444 0.6990740740740741 0.5671296296296297 0.6851851851851852 0.5671296296296297 0.6851851851851852 0.5578703703703703 0.6805555555555556 0.5532407407407407 0.6342592592592593 0.5532407407407407 0.6319444444444444 0.5555555555555556 0.6319444444444444 0.5671296296296297 0.6203703703703703 0.5671296296296297 0.6157407407407407 0.5694444444444444 0.6134259259259259 0.5671296296296297 0.5972222222222222 0.5671296296296297 0.5949074074074074 0.5625 0.5949074074074074 0.5532407407407407 0.5925925925925926 0.5509259259259259 0.5740740740740741 0.5509259259259259 0.5717592592592593 0.5532407407407407 0.5648148148148148 0.5532407407407407 0.5625 0.5509259259259259 0.5439814814814815 0.5486111111111112 0.5231481481481481 0.5393518518518519 0.5115740740740741 0.5277777777777778 0.5115740740740741 0.5185185185185185 0.5162037037037037 0.5185185185185185 0.5185185185185185 0.5162037037037037 0.5300925925925926 0.5185185185185185
10 0.5995370370370371 0.5717592592592593 0.6342592592592593 0.5717592592592593 0.6365740740740741 0.5740740740740741 0.6365740740740741 0.5787037037037037 0.6342592592592593 0.5810185185185185 0.6388888888888888 0.5856481481481481 0.6689814814814815 0.5856481481481481 0.6782407407407407 0.5810185185185185 0.6851851851851852 0.5717592592592593 0.7222222222222222 0.5717592592592593 0.7245370370370371 0.5740740740740741 0.7222222222222222 0.5763888888888888 0.7222222222222222 0.5810185185185185 0.7106481481481481 0.5925925925925926 0.6898148148148148 0.6018518518518519 0.6805555555555556 0.6018518518518519 0.6782407407407407 0.6041666666666666 0.6388888888888888 0.6041666666666666 0.6342592592592593 0.6087962962962963 0.6342592592592593 0.6226851851851852 0.6365740740740741 0.625 0.6365740740740741 0.6319444444444444 0.6412037037037037 0.6365740740740741 0.6458333333333334 0.6365740740740741 0.6481481481481481 0.6342592592592593 0.6527777777777778 0.6365740740740741 0.6574074074074074 0.6342592592592593 0.6620370370370371 0.6365740740740741 0.6643518518518519 0.6342592592592593 0.6666666666666666 0.6365740740740741 0.6805555555555556 0.6365740740740741 0.7060185185185185 0.6458333333333334 0.7222222222222222 0.6597222222222222 0.7268518518518519 0.6712962962962963 0.7222222222222222 0.6851851851851852 0.7129629629629629 0.6944444444444444 0.7013888888888888 0.7013888888888888 0.6875 0.7037037037037037 0.6851851851851852 0.7060185185185185 0.6458333333333334 0.7060185185185185 0.6435185185185185 0.7037037037037037 0.6342592592592593 0.7037037037037037 0.6111111111111112 0.6921296296296297 0.5995370370370371 0.6759259259259259 0.5995370370370371 0.6620370370370371 0.5972222222222222 0.6574074074074074 0.5949074074074074 0.6550925925925926 0.5763888888888888 0.6550925925925926 0.5740740740740741 0.6527777777777778 0.5740740740740741 0.6365740740740741 0.5972222222222222 0.6365740740740741 0.5995370370370371 0.6342592592592593 0.5995370370370371 0.6064814814814815 0.5972222222222222 0.6041666666666666 0.5763888888888888 0.6041666666666666 0.5740740740740741 0.5856481481481481 0.5949074074074074 0.5856481481481481 0.5995370370370371 0.5810185185185185 0.5995370370370371 0.5740740740740741
9 0.5 0.5347222222222222 0.5092592592592593 0.5393518518518519 0.5231481481481481 0.5416666666666666 0.5393518518518519 0.5532407407407407 0.5439814814814815 0.5625 0.5439814814814815 0.5833333333333334 0.5462962962962963 0.5856481481481481 0.5694444444444444 0.5856481481481481 0.5717592592592593 0.5879629629629629 0.5717592592592593 0.6041666666666666 0.5578703703703703 0.6041666666666666 0.5555555555555556 0.6018518518518519 0.5462962962962963 0.6018518518518519 0.5439814814814815 0.6041666666666666 0.5439814814814815 0.625 0.5509259259259259 0.6319444444444444 0.5625 0.6342592592592593 0.5694444444444444 0.6388888888888888 0.5717592592592593 0.6435185185185185 0.5717592592592593 0.6504629629629629 0.5694444444444444 0.6527777777777778 0.5416666666666666 0.6504629629629629 0.5254629629629629 0.6435185185185185 0.5162037037037037 0.6342592592592593 0.5138888888888888 0.6342592592592593 0.5092592592592593 0.625 0.5092592592592593 0.6064814814814815 0.5046296296296297 0.6018518518518519 0.4652777777777778 0.6018518518518519 0.46296296296296297 0.5995370370370371 0.44675925925925924 0.5972222222222222 0.4398148148148148 0.5925925925925926 0.4351851851851852 0.5925925925925926 0.4351851851851852 0.5902777777777778 0.4305555555555556 0.5879629629629629 0.4236111111111111 0.5787037037037037 0.4236111111111111 0.5740740740740741 0.4212962962962963 0.5717592592592593 0.4236111111111111 0.5578703703703703 0.4351851851851852 0.5462962962962963 0.44907407407407407 0.5393518518518519 0.4652777777777778 0.5370370370370371 0.4675925925925926 0.5347222222222222 0.4976851851851852 0.5347222222222222
3 0.2337962962962963 0.5717592592592593 0.26851851851851855 0.5694444444444444 0.2708333333333333 0.5717592592592593 0.2708333333333333 0.5833333333333334 0.27314814814814814 0.5856481481481481 0.32407407407407407 0.5856481481481481 0.3263888888888889 0.5833333333333334 0.3263888888888889 0.5740740740740741 0.3333333333333333 0.5694444444444444 0.3611111111111111 0.5717592592592593 0.3611111111111111 0.5787037037037037 0.36574074074074076 0.5856481481481481 0.4074074074074074 0.5856481481481481 0.4097222222222222 0.5879629629629629 0.4166666666666667 0.5879629629629629 0.42824074074074076 0.5949074074074074 0.43287037037037035 0.5949074074074074 0.44675925925925924 0.6064814814814815 0.4513888888888889 0.6157407407407407 0.44907407407407407 0.6203703703703703 0.44212962962962965 0.6203703703703703 0.4398148148148148 0.6226851851851852 0.43287037037037035 0.6226851851851852 0.4305555555555556 0.6203703703703703 0.4236111111111111 0.6203703703703703 0.4212962962962963 0.6226851851851852 0.4166666666666667 0.6203703703703703 0.4166666666666667 0.6180555555555556 0.4050925925925926 0.6064814814814815 0.40046296296296297 0.6064814814814815 0.39814814814814814 0.6041666666666666 0.36574074074074076 0.6041666666666666 0.3587962962962963 0.6087962962962963 0.3611111111111111 0.6111111111111112 0.3611111111111111 0.6180555555555556 0.35648148148148145 0.6180555555555556 0.3541666666666667 0.6203703703703703 0.3287037037037037 0.6203703703703703 0.3263888888888889 0.6087962962962963 0.32175925925925924 0.6041666666666666 0.27314814814814814 0.6041666666666666 0.2708333333333333 0.6064814814814815 0.2708333333333333 0.6226851851851852 0.2638888888888889 0.6365740740740741 0.25925925925925924 0.6412037037037037 0.2361111111111111 0.6527777777777778 0.22685185185185186 0.6527777777777778 0.2152777777777778 0.6574074074074074 0.1875 0.6574074074074074 0.18518518518518517 0.6550925925925926 0.17592592592592593 0.6550925925925926 0.1736111111111111 0.6527777777777778 0.16203703703703703 0.6504629629629629 0.15046296296296297 0.6435185185185185 0.14351851851851852 0.6365740740740741 0.1388888888888889 0.6273148148148148 0.1412037037037037 0.6111111111111112 0.1527777777777778 0.5995370370370371 0.1736111111111111 0.5902777777777778 0.19444444444444445 0.5879629629629629 0.19675925925925927 0.5856481481481481 0.23148148148148148 0.5856481481481481 0.2337962962962963 0.5833333333333334 0.2337962962962963 0.5740740740740741
1 0.3587962962962963 0.6203703703703703 0.36342592592592593 0.6226851851851852 0.36342592592592593 0.6319444444444444 0.3680555555555556 0.6365740740740741 0.38425925925925924 0.6365740740740741 0.38657407407407407 0.6388888888888888 0.3912037037037037 0.6365740740740741 0.39351851851851855 0.6388888888888888 0.3958333333333333 0.6365740740740741 0.4050925925925926 0.6365740740740741 0.4097222222222222 0.6342592592592593 0.41898148148148145 0.6226851851851852 0.44675925925925924 0.6226851851851852 0.44907407407407407 0.6203703703703703 0.4513888888888889 0.6226851851851852 0.44907407407407407 0.6342592592592593 0.4398148148148148 0.6435185185185185 0.42824074074074076 0.6504629629629629 0.4236111111111111 0.6504629629629629 0.41435185185185186 0.6550925925925926 0.40046296296296297 0.6550925925925926 0.39814814814814814 0.6574074074074074 0.36342592592592593 0.6574074074074074 0.3611111111111111 0.6597222222222222 0.3611111111111111 0.6759259259259259 0.3587962962962963 0.6782407407407407 0.3611111111111111 0.6805555555555556 0.3611111111111111 0.6851851851851852 0.36342592592592593 0.6875 0.38425925925925924 0.6875 0.38657407407407407 0.6898148148148148 0.38657407407407407 0.7060185185185185 0.3819444444444444 0.7106481481481481 0.3611111111111111 0.7106481481481481 0.35648148148148145 0.7152777777777778 0.35648148148148145 0.7222222222222222 0.3587962962962963 0.7245370370370371 0.3587962962962963 0.7291666666666666 0.36342592592592593 0.7337962962962963 0.375 0.7384259259259259 0.37962962962962965 0.7361111111111112 0.38425925925925924 0.7407407407407407 0.38425925925925924 0.7592592592592593 0.3819444444444444 0.7615740740740741 0.36342592592592593 0.7615740740740741 0.3611111111111111 0.7592592592592593 0.3425925925925926 0.7546296296296297 0.32407407407407407 0.7384259259259259 0.32175925925925924 0.7337962962962963 0.32175925925925924 0.7129629629629629 0.31712962962962965 0.7083333333333334 0.3125 0.7083333333333334 0.3101851851851852 0.7106481481481481 0.30787037037037035 0.7083333333333334 0.2800925925925926 0.7083333333333334 0.2777777777777778 0.7060185185185185 0.2662037037037037 0.7060185185185185 0.24768518518518517 0.6990740740740741 0.23842592592592593 0.6921296296296297 0.23148148148148148 0.6805555555555556 0.23148148148148148 0.6689814814814815 0.2361111111111111 0.6597222222222222 0.24305555555555555 0.6527777777777778 0.2638888888888889 0.6412037037037037 0.2708333333333333 0.6412037037037037 0.2824074074074074 0.6365740740740741 0.3263888888888889 0.6365740740740741 0.3287037037037037 0.6342592592592593 0.3287037037037037 0.6226851851851852 0.35648148148148145 0.6226851851851852
11 0.0532859675925926 0.52925 0.05373001851851852 0.624 0.051509768518518524 0.7597499999999999 0.05461811805555556 0.769 0.05905861342592593 0.77175 0.06749556018518518 0.781 0.08126110185185186 0.7875 0.10968028472222223 0.79325 0.14431616435185185 0.79375 0.17584369444444445 0.79225 0.18605683796296296 0.79375 0.1993783310185185 0.79225 0.25888099537037035 0.79175 0.2619893425925926 0.7909999999999999 0.28285968055555555 0.792 0.3521314398148148 0.7915 0.37255772685185184 0.7899999999999999 0.3809946712962963 0.79075 0.8210479583333333 0.7839999999999999 0.8352575486111111 0.7832499999999999 0.8632326828703704 0.7767499999999999 0.876998224537037 0.7695 0.8801065717592592 0.7667499999999999 0.8858792175925926 0.75775 0.8903197152777778 0.75475 0.8916518657407407 0.73375 0.8903197152777778 0.6365000000000001 0.8867673171296296 0.604 0.8898756666666666 0.59475 0.8863232685185186 0.561 0.8880994675925926 0.55725 0.8885435162037036 0.54625 0.8863232685185186 0.51566675 0.8867673171296296 0.48300000000000004 0.8849911180555556 0.47300000000000003 0.8867673171296296 0.4605 0.8845470694444444 0.43374999999999997 0.8854351689814814 0.41975 0.8832149189814814 0.40075 0.8792184722222223 0.39425 0.8778863240740741 0.3875 0.8783303726851851 0.3815 0.8818827708333333 0.3735 0.8872113680555556 0.36975 0.8903197152777778 0.363 0.8889875671296296 0.3575 0.8907637662037038 0.34325 0.8867673171296296 0.332 0.8841030185185185 0.3315 0.8796625231481481 0.32825 0.8587921851851852 0.327 0.853019537037037 0.32825 0.8485790416666666 0.32749999999999996 0.8348135 0.3285 0.8312611018518519 0.3315 0.8352575486111111 0.335 0.8299289513888889 0.33975 0.8268206041666667 0.34125 0.8192717592592593 0.342 0.8112788634259259 0.33999999999999997 0.8037300185185186 0.33325 0.8001776203703704 0.33375 0.7966252222222222 0.33175 0.7904085254629629 0.33275 0.7828596805555555 0.32975 0.772646537037037 0.33299999999999996 0.7655417407407407 0.33175 0.7619893425925925 0.328 0.7602131435185185 0.32925 0.7548845462962963 0.33 0.7508880995370371 0.32949999999999996 0.751776199074074 0.328 0.6110124328703704 0.32625 0.5994671412037037 0.32525000000000004 0.585701599537037 0.32775 0.5754884537037037 0.32675000000000004 0.5710479583333333 0.32525000000000004 0.479573712962963 0.32475 0.4746891643518519 0.32375000000000004 0.4138543518518518 0.3235 0.40852575462962964 0.32225 0.4027531087962963 0.323 0.2446714027777778 0.32275 0.2428952037037037 0.321 0.1700710486111111 0.32049999999999995 0.1651865 0.32125 0.1571936064814815 0.32075 0.15408525694444444 0.32175000000000004 0.15142095833333333 0.32075 0.14742451157407407 0.3215 0.14387211342592593 0.32 0.12522202546296296 0.32075 0.11722912962962963 0.3195 0.10879218518518519 0.3195 0.1047957361111111 0.32049999999999995 0.08880994675925925 0.31925 0.07415630555555557 0.3195 0.06394316203703704 0.3235 0.05905861342592593 0.3315 0.058170516203703705 0.3535 0.06571936111111111 0.38125 0.060390763888888886 0.38925000000000004 0.058170516203703705 0.40549999999999997 0.058614564814814814 0.4165 0.05639431712962963 0.42824999999999996 0.05772646527777778 0.432 0.05728241666666666 0.447 0.055950266203703705 0.44899999999999995 0.05728241666666666 0.45249999999999996 0.05550621759259259 0.4555 0.055950266203703705 0.464 0.05373001851851852 0.47375 0.05772646527777778 0.48125 0.055950266203703705 0.48374999999999996 0.05550621759259259 0.517 0.0532859675925926 0.52925
12 0.911454263888889 0.3227925 0.04044627083333333 0.3227925 0.04044627083333333 0.3819325 0.911454263888889 0.3819325 0.911454263888889 0.3227925
13 0.39387211342592593 0.431 0.4018650092592593 0.43 0.40852575462962964 0.42725 0.4147424513888889 0.42175 0.4151865 0.41575 0.41119005324074076 0.40850000000000003 0.4076376550925926 0.40625 0.39742451157407405 0.40375 0.3880994675925926 0.4035 0.38010657175925927 0.4045 0.37166962731481484 0.40875 0.36811722916666667 0.41400000000000003 0.3690053287037037 0.422 0.37255772685185184 0.42624999999999996 0.3841030185185185 0.4305 0.39387211342592593 0.431
13 0.5608348125 0.42950000000000005 0.5670515092592593 0.4305 0.5772646527777778 0.43024999999999997 0.5896980462962963 0.42525 0.5919182939814815 0.42124999999999996 0.5919182939814815 0.415 0.5865896990740741 0.409 0.5777087037037036 0.40549999999999997 0.5679396087962962 0.4045 0.5603907638888889 0.40549999999999997 0.5497335694444444 0.41000000000000003 0.5461811712962963 0.41424999999999995 0.5457371226851851 0.4185 0.5497335694444444 0.42474999999999996 0.5532859675925926 0.42725 0.5608348125 0.42950000000000005
13 0.6740674953703704 0.47800000000000004 0.6776198935185185 0.47525 0.6798401412037037 0.47100000000000003 0.6789520416666667 0.4635 0.6718472476851851 0.45675 0.6647424513888889 0.45425 0.6545293078703703 0.45275 0.6474245115740741 0.455 0.6394316157407408 0.45925 0.6363232685185186 0.46475 0.6363232685185186 0.47674999999999995 0.6403197152777778 0.47950000000000004 0.66740675 0.47950000000000004 0.6740674953703704 0.47800000000000004
13 0.4755772638888889 0.48125 0.4844582592592592 0.48150000000000004 0.49067495601851846 0.48024999999999995 0.499111900462963 0.475 0.5031083472222222 0.47025 0.5026642986111112 0.46275 0.49422735416666663 0.4565 0.4844582592592592 0.45399999999999996 0.47690941435185186 0.45375000000000004 0.4666962708333333 0.45575 0.4626998217592593 0.45825 0.45781527546296297 0.46525 0.4582593240740741 0.47125 0.4613676736111111 0.47600000000000003 0.4702486689814815 0.4805 0.4755772638888889 0.48125
13 0.2939609236111111 0.481 0.30417406712962963 0.48125 0.3143872106481482 0.47875 0.32015985879629627 0.47600000000000003 0.3237122546296296 0.47100000000000003 0.3241563055555556 0.467 0.3219360578703704 0.46225 0.31394316203703704 0.45599999999999996 0.30417406712962963 0.45275 0.29662522222222226 0.45275 0.2859680277777778 0.45575 0.28197158101851855 0.45825 0.2775310833333333 0.464 0.2766429837962963 0.46900000000000003 0.2797513310185185 0.47525 0.2841918287037037 0.47825 0.2939609236111111 0.481
13 0.2015985787037037 0.5315 0.2113676736111111 0.5317500000000001 0.21980461805555557 0.5305 0.2277975138888889 0.525 0.23179396064814814 0.51925 0.23134991203703703 0.51525 0.22735346296296297 0.51 0.21714031944444445 0.505 0.206483125 0.50325 0.19582593287037037 0.505 0.19138543518518517 0.507 0.18650088888888888 0.51025 0.18339253935185185 0.516 0.18383659027777777 0.52225 0.18783303703703705 0.52675 0.19271758333333333 0.52975 0.2015985787037037 0.5315
13 0.38010657175925927 0.53025 0.3903197152777778 0.53125 0.4009769097222222 0.53025 0.40852575462962964 0.52675 0.41252220138888884 0.52275 0.4138543518518518 0.51975 0.41252220138888884 0.51125 0.4076376550925926 0.5075000000000001 0.39875665972222224 0.5045 0.38277087037037033 0.5035 0.3721136759259259 0.50825 0.36856127777777775 0.5125000000000001 0.36767317824074075 0.51975 0.36944937731481486 0.52425 0.3730017754629629 0.52725 0.38010657175925927 0.53025
13 0.5563943171296296 0.529 0.5608348125 0.5307499999999999 0.5688277083333333 0.5315 0.58259325 0.5305 0.5870337476851852 0.5285000000000001 0.5905861458333334 0.51975 0.5905861458333334 0.51475 0.5892539953703704 0.51175 0.583481349537037 0.507 0.5763765532407408 0.50475 0.5639431620370371 0.50425 0.5550621666666666 0.50725 0.5497335694444444 0.511 0.5470692708333333 0.515 0.5475133217592593 0.51925 0.5519538194444444 0.526 0.5563943171296296 0.529
13 0.7486678518518518 0.5305 0.7579928958333333 0.5285000000000001 0.7682060393518518 0.51925 0.7677619884259259 0.5155 0.7619893425925925 0.50875 0.7553285972222222 0.50525 0.7513321481481482 0.5045 0.7375666064814815 0.505 0.728685613425926 0.509 0.7260213148148148 0.5135 0.725577263888889 0.52 0.727353462962963 0.52475 0.7402309050925925 0.53025 0.7486678518518518 0.5305
13 0.6554174074074074 0.582 0.668294849537037 0.58175 0.6745115462962963 0.5795 0.6829484907407407 0.571 0.6798401412037037 0.56025 0.6771758425925926 0.558 0.6660745995370371 0.5549999999999999 0.6585257546296297 0.55475 0.6460923634259259 0.55625 0.6389875671296296 0.56025 0.6367673171296296 0.56425 0.6376554166666666 0.57125 0.6429840138888889 0.578 0.6474245115740741 0.58025 0.6554174074074074 0.582
13 0.4702486689814815 0.5812499999999999 0.4849023101851852 0.58175 0.4951154537037037 0.57875 0.5 0.57575 0.5031083472222222 0.569 0.5031083472222222 0.56375 0.49822380092592594 0.559 0.49067495601851846 0.5555 0.48001776157407405 0.5545 0.46847246990740743 0.556 0.4600355231481481 0.56025 0.45737122453703705 0.5645 0.456483125 0.56825 0.458703375 0.57475 0.46225577314814814 0.57825 0.4702486689814815 0.5812499999999999
13 0.28907637731481484 0.582 0.30106571990740744 0.58275 0.3068383657407407 0.58175 0.3143872106481482 0.579 0.3237122546296296 0.571 0.3241563055555556 0.5675 0.31927175925925927 0.5605 0.31039076388888887 0.55625 0.3001776203703703 0.55475 0.2864120787037037 0.55625 0.27797513425925924 0.5630000000000001 0.2753108356481481 0.5675 0.27708703472222224 0.5745 0.28063943055555557 0.57825 0.28907637731481484 0.582
13 0.19271758333333333 0.6347499999999999 0.20026643055555554 0.63625 0.21047957407407408 0.63625 0.2202486689814815 0.6339999999999999 0.22646536342592594 0.63 0.22868561342592594 0.6267499999999999 0.2282415625 0.618 0.22690941435185186 0.61275 0.22202486574074076 0.6090000000000001 0.20470692824074074 0.6064999999999999 0.19271758333333333 0.6075 0.18294849074074074 0.61125 0.17850799305555556 0.6160000000000001 0.17806394212962964 0.621 0.18072824074074076 0.6267499999999999 0.18516873842592593 0.6315 0.19271758333333333 0.6347499999999999
13 0.39387211342592593 0.63525 0.41030195370370365 0.63 0.4147424513888889 0.6230000000000001 0.4147424513888889 0.6195 0.4098579050925926 0.6115 0.4045293078703704 0.6082500000000001 0.3978685601851852 0.60675 0.3769982245370371 0.60725 0.37078152777777773 0.6104999999999999 0.36811722916666667 0.6152500000000001 0.3658969814814815 0.6195 0.3658969814814815 0.62825 0.36989342824074073 0.6335000000000001 0.39387211342592593 0.63525
13 0.5683836597222223 0.63275 0.5803730023148148 0.63125 0.5910301944444444 0.6232500000000001 0.5901420949074074 0.6122500000000001 0.5812611018518519 0.606 0.5528419189814815 0.60575 0.5475133217592593 0.6075 0.5452930717592592 0.6122500000000001 0.5448490231481481 0.62 0.5466252222222222 0.6255000000000001 0.5572824166666667 0.6315 0.5683836597222223 0.63275
13 0.7375666064814815 0.6305 0.7553285972222222 0.631 0.7686500879629631 0.625 0.771314386574074 0.6204999999999999 0.7717584375000001 0.61575 0.7668738888888889 0.6090000000000001 0.7619893425925925 0.6064999999999999 0.7522202476851851 0.60375 0.7317939606481482 0.604 0.7251332152777777 0.611 0.7238010648148148 0.6167499999999999 0.7282415624999999 0.62525 0.7317939606481482 0.62825 0.7375666064814815 0.6305
13 0.6549733564814815 0.68425 0.6678507986111112 0.68325 0.6749555949074074 0.68075 0.6833925393518518 0.67575 0.6860568379629629 0.6665 0.6811722916666667 0.6607500000000001 0.6758436944444445 0.6577500000000001 0.6700710486111111 0.6567500000000001 0.6447602129629629 0.6575000000000001 0.6407637662037038 0.6579999999999999 0.6380994675925926 0.6605 0.6389875671296296 0.67675 0.6412078148148148 0.67975 0.6474245115740741 0.68325 0.6549733564814815 0.68425
13 0.4702486689814815 0.6829999999999999 0.4915630555555556 0.6829999999999999 0.4973357013888889 0.68025 0.5022202476851851 0.6755 0.5031083472222222 0.6645000000000001 0.5 0.661 0.49111900462962965 0.657 0.47912966203703705 0.65625 0.46714031944444445 0.6575000000000001 0.4626998217592593 0.66 0.456483125 0.6675 0.456483125 0.6719999999999999 0.4595914745370371 0.6775 0.46447602083333334 0.68125 0.4702486689814815 0.6829999999999999
13 0.30106571990740744 0.6865 0.31394316203703704 0.68525 0.31927175925925927 0.68275 0.3210479583333334 0.6715000000000001 0.3197158078703704 0.6647500000000001 0.31705150925925923 0.66125 0.30106571990740744 0.6585 0.2864120787037037 0.65875 0.2753108356481481 0.663 0.27087033796296295 0.6689999999999999 0.2717584375 0.6755 0.28197158101851855 0.68375 0.2930728240740741 0.6865 0.30106571990740744 0.6865
13 0.4009769097222222 0.73625 0.40852575462962964 0.73275 0.41429840046296296 0.7244999999999999 0.4129662523148148 0.7182499999999999 0.40852575462962964 0.71325 0.4045293078703704 0.7115 0.39387211342592593 0.7100000000000001 0.38676731712962964 0.7100000000000001 0.38010657175925927 0.712 0.373889875 0.7125 0.36678508101851853 0.7165 0.3650088819444445 0.7202500000000001 0.3650088819444445 0.7270000000000001 0.3730017754629629 0.7342500000000001 0.39387211342592593 0.738 0.4009769097222222 0.73625
13 0.5759325046296296 0.7347499999999999 0.5848135 0.73275 0.5905861458333334 0.72875 0.5932504444444445 0.724 0.5932504444444445 0.7172499999999999 0.5905861458333334 0.71275 0.583481349537037 0.70925 0.5723801064814814 0.7072499999999999 0.5639431620370371 0.707 0.5586145648148149 0.7085 0.5501776203703703 0.714 0.5470692708333333 0.7202500000000001 0.5466252222222222 0.724 0.5528419189814815 0.731 0.5679396087962962 0.7344999999999999 0.5759325046296296 0.7347499999999999