2 0.38657407407407407 0.3958333333333333 0.38657407407407407 0.41435185185185186 0.3819444444444444 0.41898148148148145 0.3726851851851852 0.41898148148148145 0.36574074074074076 0.4236111111111111 0.3611111111111111 0.4236111111111111 0.35648148148148145 0.42824074074074076 0.35648148148148145 0.43287037037037035 0.3541666666666667 0.4351851851851852 0.3541666666666667 0.44907407407407407 0.3587962962962963 0.4537037037037037 0.37962962962962965 0.4513888888888889 0.38657407407407407 0.45601851851851855 0.38657407407407407 0.47453703703703703 0.37962962962962965 0.47453703703703703 0.3773148148148148 0.47685185185185186 0.3587962962962963 0.47685185185185186 0.35648148148148145 0.4791666666666667 0.35648148148148145 0.5092592592592593 0.3587962962962963 0.5115740740740741 0.37962962962962965 0.5115740740740741 0.3819444444444444 0.5138888888888888 0.38657407407407407 0.5138888888888888 0.3888888888888889 0.5162037037037037 0.3912037037037037 0.5300925925925926 0.38657407407407407 0.5347222222222222 0.3611111111111111 0.5347222222222222 0.35648148148148145 0.5393518518518519 0.35648148148148145 0.5462962962962963 0.3587962962962963 0.5486111111111112 0.3587962962962963 0.5578703703703703 0.37037037037037035 0.5671296296296297 0.3819444444444444 0.5694444444444444 0.38425925925925924 0.5717592592592593 0.3912037037037037 0.5717592592592593 0.39351851851851855 0.5763888888888888 0.39351851851851855 0.5902777777777778 0.3888888888888889 0.5949074074074074 0.37037037037037035 0.5949074074074074 0.3680555555555556 0.5925925925925926 0.3587962962962963 0.5925925925925926 0.35648148148148145 0.5902777777777778 0.34953703703703703 0.5902777777777778 0.33796296296296297 0.5856481481481481 0.31712962962962965 0.5694444444444444 0.31712962962962965 0.5648148148148148 0.3125 0.5555555555555556 0.3125 0.5393518518518519 0.3101851851851852 0.5370370370370371 0.3055555555555556 0.5347222222222222 0.28703703703703703 0.5370370370370371 0.2847222222222222 0.5347222222222222 0.2800925925925926 0.5347222222222222 0.2777777777777778 0.5300925925925926 0.2800925925925926 0.5162037037037037 0.2824074074074074 0.5138888888888888 0.30787037037037035 0.5138888888888888 0.3125 0.5092592592592593 0.3125 0.49074074074074076 0.3101851851851852 0.48842592592592593 0.3125 0.4861111111111111 0.3125 0.48148148148148145 0.30787037037037035 0.47685185185185186 0.2824074074074074 0.47685185185185186 0.2777777777777778 0.4722222222222222 0.2777777777777778 0.45601851851851855 0.2800925925925926 0.4537037037037037 0.30787037037037035 0.4537037037037037 0.3125 0.44907407407407407 0.3125 0.4236111111111111 0.3263888888888889 0.4074074074074074 0.35648148148148145 0.3958333333333333 0.3680555555555556 0.3958333333333333 0.37037037037037035 0.39351851851851855 0.3819444444444444 0.39351851851851855 0.38425925925925924 0.3958333333333333
11 0.0039964467592592595 0.26575 0.008436944444444445 0.27 0.012433393518518519 0.271 0.012877442129629631 0.2745 0.01598578935185185 0.27575 0.01820603935185185 0.28250000000000003 0.013321493055555555 0.2895 0.013321493055555555 0.29375 0.009325043981481483 0.30275 0.009769094907407407 0.31775 0.007548844907407408 0.328 0.00888099537037037 0.34575 0.007104796296296296 0.3485 0.00888099537037037 0.3646875 0.007104796296296296 0.39675 0.008436944444444445 0.413 0.007104796296296296 0.418 0.007104796296296296 0.482 0.00888099537037037 0.503 0.007104796296296296 0.55025 0.009325043981481483 0.569 0.007992895833333333 0.6064999999999999 0.010213143518518519 0.6435000000000001 0.00888099537037037 0.6542500000000001 0.010213143518518519 0.7104999999999999 0.011989342592592591 0.71625 0.01554174074074074 0.71875 0.017317939814814814 0.7244999999999999 0.022646537037037034 0.73075 0.04040852546296296 0.7417499999999999 0.05373001851851852 0.7472500000000001 0.0706039074074074 0.75075 0.09502664351851851 0.75075 0.11323268287037037 0.75225 0.12744227314814816 0.7519999999999999 0.1327708703703704 0.751 0.14165186574074073 0.7519999999999999 0.18561278935185185 0.75225 0.19138543518518517 0.7512500000000001 0.19538188194444445 0.75225 0.23179396064814814 0.7505000000000001 0.23623445833333334 0.7515000000000001 0.24555950231481483 0.75075 0.25133214814814814 0.7527499999999999 0.2548845462962963 0.7527499999999999 0.2784191828703704 0.75025 0.291296625 0.75225 0.6301065717592592 0.7525 0.6567495555555555 0.75025 0.7007104791666667 0.7505000000000001 0.707371224537037 0.75 0.7100355231481481 0.7482500000000001 0.7175843703703704 0.74775 0.7264653634259259 0.74975 0.7366785069444445 0.7505000000000001 0.7571047962962963 0.75025 0.7677619884259259 0.7525 0.8246003541666667 0.7525 0.8379218472222222 0.7505000000000001 0.8485790416666666 0.7519999999999999 0.9040852569444445 0.75225 0.9320603912037037 0.751 0.938277087962963 0.749 0.9462699814814814 0.7487499999999999 0.9551509768518519 0.74625 0.9595914745370371 0.74625 0.9742451157407408 0.7412500000000001 0.9764653634259259 0.73875 0.9880106574074075 0.732 0.9946714027777778 0.725 0.9960035532407407 0.7170000000000001 0.999555951388889 0.7104999999999999 0.999555951388889 0.597 0.9977797523148149 0.594 0.9964476018518519 0.57775 0.9960035532407407 0.5105 0.9893428055555555 0.33799999999999997 0.9857904074074073 0.311 0.9857904074074073 0.2895 0.9835701597222223 0.283 0.9777975138888889 0.27825 0.9760213148148148 0.2735 0.977353462962963 0.2585 0.9817939606481482 0.25525 0.9866785069444445 0.2485 0.9862344583333333 0.24425000000000002 0.9893428055555555 0.24175000000000002 0.9902309050925925 0.23 0.9920071041666667 0.22699999999999998 0.9897868564814815 0.20725 0.9826820601851851 0.19774999999999998 0.9769094143518517 0.19574999999999998 0.9684724699074074 0.1955 0.893872113425926 0.19674999999999998 0.8898756666666666 0.19774999999999998 0.8565719351851853 0.19849999999999998 0.8490230902777779 0.198 0.8454706921296297 0.19975 0.8423623449074074 0.19825 0.8343694490740741 0.19849999999999998 0.8321492013888888 0.19975 0.8281527523148149 0.199 0.7890763773148147 0.2 0.7841918287037037 0.19924999999999998 0.7757548842592592 0.20024999999999998 0.7735346365740741 0.19924999999999998 0.7655417407407407 0.19924999999999998 0.7588809953703703 0.20124999999999998 0.7446714027777778 0.19975 0.7375666064814815 0.19949999999999998 0.7353463587962963 0.20024999999999998 0.7300177615740742 0.19924999999999998 0.727353462962963 0.2 0.6123445833333334 0.2015 0.6052397870370371 0.2025 0.5981349907407407 0.2015 0.5910301944444444 0.20299999999999999 0.5674955601851852 0.20175 0.5568383657407407 0.20175 0.5488454699074075 0.20299999999999999 0.5399644768518519 0.20199999999999999 0.5368561273148148 0.20274999999999999 0.5306394305555555 0.20199999999999999 0.501776199074074 0.20225 0.49866785185185186 0.20299999999999999 0.4764653634259259 0.20299999999999999 0.4751332152777778 0.20375 0.4698046180555555 0.20299999999999999 0.46492007175925926 0.204 0.4595914745370371 0.20299999999999999 0.4569271759259259 0.20575 0.45248667824074074 0.20525000000000002 0.45026643055555554 0.20600000000000002 0.4440497337962963 0.2055 0.44271758333333333 0.20299999999999999 0.440053287037037 0.20475 0.4316163402777778 0.20274999999999999 0.4271758425925926 0.20350000000000001 0.41740675 0.20299999999999999 0.41563055092592593 0.2055 0.41207815277777776 0.20575 0.40852575462962964 0.20575 0.4054174074074074 0.2045 0.39653641203703704 0.20500000000000002 0.39165186574074073 0.204 0.3627886319444445 0.20575 0.3614564837962963 0.208 0.35479573611111115 0.20850000000000002 0.3450266435185185 0.20575 0.3352575486111111 0.20475 0.3241563055555556 0.2045 0.2930728240740741 0.20625 0.28197158101851855 0.20500000000000002 0.2775310833333333 0.20625 0.2655417407407408 0.20600000000000002 0.2646536412037037 0.20775000000000002 0.25799289583333335 0.20925 0.24378330324074074 0.20875000000000002 0.23179396064814814 0.21025000000000002 0.2277975138888889 0.209 0.2184724699074074 0.20850000000000002 0.21047957407407408 0.20625 0.20825932407407408 0.20975 0.20470692824074074 0.21025000000000002 0.1940497337962963 0.20875000000000002 0.1793960925925926 0.20925 0.16829484953703702 0.20825 0.12300177546296297 0.20975 0.10213143981481482 0.20875000000000002 0.08658969907407409 0.20875000000000002 0.07859680324074075 0.20975 0.055950266203703705 0.20875000000000002 0.03152753009259259 0.209 0.0217584375 0.21 0.011989342592592591 0.209 0.00666074537037037 0.21225 0.003552398148148148 0.21675 0.003108347222222222 0.2205 0.0026642986111111108 0.24925 0.003552398148148148 0.25625000000000003 0.0062166967592592595 0.2615 0.0039964467592592595 0.26575
12 0 0.2767425 0.9937566597222223 0.2767425 0.9937566597222223 0.2031575 0 0.2031575 0 0.2767425
13 0.3734458263888889 0.32949999999999996 0.38277087037037033 0.33075 0.3960923634259259 0.33025 0.4054174074074074 0.32749999999999996 0.41030195370370365 0.32399999999999995 0.4129662523148148 0.318 0.4116341041666666 0.31125 0.4076376550925926 0.3065 0.3978685601851852 0.3015 0.3880994675925926 0.29974999999999996 0.37921847222222227 0.30025 0.3645648310185185 0.30575 0.3596802847222222 0.31075 0.3587921851851852 0.316 0.3605683842592593 0.32125 0.3658969814814815 0.326 0.3734458263888889 0.32949999999999996
13 0.5923623449074074 0.32899999999999996 0.6043516875 0.32899999999999996 0.6150088819444444 0.3265 0.6194493773148148 0.32425 0.6252220254629629 0.31625000000000003 0.6252220254629629 0.3105 0.6194493773148148 0.30324999999999996 0.6119005324074074 0.2995 0.604795736111111 0.298 0.5919182939814815 0.298 0.581705150462963 0.30025 0.5768206041666667 0.30275 0.5701598587962963 0.31075 0.5697158078703703 0.31425 0.5737122546296296 0.32175000000000004 0.5812611018518519 0.32575 0.5923623449074074 0.32899999999999996
13 0.6931616342592593 0.386 0.7042628773148147 0.38775000000000004 0.7162522199074074 0.38775000000000004 0.7238010648148148 0.38525 0.7309058611111111 0.37975 0.7335701597222223 0.37424999999999997 0.7322380115740741 0.36675 0.727353462962963 0.3615 0.7229129652777778 0.359 0.7069271759259259 0.356 0.6958259328703704 0.35725 0.6865008888888888 0.3615 0.6793960925925927 0.36724999999999997 0.6780639421296297 0.3695 0.6789520416666667 0.3765 0.688277087962963 0.38425000000000004 0.6931616342592593 0.386
13 0.49822380092592594 0.391 0.5053285972222222 0.3895 0.5155417407407408 0.38475 0.519982238425926 0.38025 0.520870337962963 0.3725 0.5190941388888889 0.36825 0.5150976898148149 0.365 0.5013321481481482 0.35925 0.49422735416666663 0.35825 0.48046181250000003 0.36074999999999996 0.46936056944444443 0.366 0.46625221990740745 0.37 0.46536412037037034 0.37725000000000003 0.4689165185185185 0.3835 0.4840142106481482 0.39025 0.49822380092592594 0.391
13 0.26953818749999997 0.391 0.2753108356481481 0.39175 0.28996447685185184 0.39125000000000004 0.29662522222222226 0.38925000000000004 0.30817051620370367 0.3815 0.309946712962963 0.37575000000000003 0.3077264652777778 0.37025 0.29973356944444446 0.3645 0.2917406759259259 0.362 0.28507992824074074 0.361 0.2717584375 0.36224999999999996 0.2593250439814815 0.36625 0.2557726458333333 0.37 0.2544404976851852 0.3775 0.2575488449074074 0.38375 0.26065719444444446 0.387 0.26953818749999997 0.391
13 0.16119005324074073 0.44975 0.17850799305555556 0.45175000000000004 0.19094138657407406 0.451 0.1989342800925926 0.447 0.20293072916666668 0.4425 0.20470692824074074 0.43425 0.20026643055555554 0.425 0.1962699814814815 0.423 0.18561278935185185 0.42075 0.1678507986111111 0.42124999999999996 0.16119005324074073 0.423 0.1571936064814815 0.42525 0.15142095833333333 0.432 0.15097690972222222 0.43775000000000003 0.1527531087962963 0.44225 0.15630550694444445 0.44675000000000004 0.16119005324074073 0.44975
13 0.38365896990740744 0.4495 0.3885435162037037 0.45125 0.4000888101851852 0.4505 0.40896980555555557 0.4465 0.4129662523148148 0.44275 0.416074599537037 0.43575 0.41563055092592593 0.4315 0.41207815277777776 0.42624999999999996 0.4040852569444444 0.42100000000000004 0.38676731712962964 0.4195 0.3765541736111111 0.42175 0.36767317824074075 0.42624999999999996 0.3636767314814815 0.43125 0.36323268287037036 0.436 0.36722912962962967 0.44325000000000003 0.3765541736111111 0.44875000000000004 0.38365896990740744 0.4495
13 0.5919182939814815 0.4485 0.6056838356481481 0.44899999999999995 0.6163410300925926 0.44675000000000004 0.6238898749999999 0.4405 0.626998224537037 0.436 0.626998224537037 0.4315 0.6238898749999999 0.42525 0.6172291296296296 0.42050000000000004 0.6056838356481481 0.418 0.5950266435185185 0.418 0.58259325 0.42100000000000004 0.5754884537037037 0.42425 0.5723801064814814 0.42824999999999996 0.5723801064814814 0.436 0.5777087037037036 0.443 0.5812611018518519 0.44549999999999995 0.5919182939814815 0.4485
13 0.8046181180555556 0.44625 0.8170515092592593 0.4475 0.8277087037037036 0.447 0.8348135 0.444 0.8436944930555555 0.4355 0.8441385439814815 0.428 0.8383658958333333 0.42050000000000004 0.833481349537037 0.41825 0.8210479583333333 0.41525 0.8134991111111112 0.415 0.8055062175925926 0.4165 0.793516875 0.4215 0.7877442268518519 0.42575 0.7864120787037037 0.4305 0.7886323263888889 0.43724999999999997 0.7979573703703703 0.4435 0.8046181180555556 0.44625
13 0.6936056828703704 0.506 0.7060390763888889 0.50775 0.7224689166666667 0.50625 0.7300177615740742 0.503 0.7331261111111111 0.4995 0.7357904074074073 0.49375 0.7349023101851851 0.4875 0.7313499120370369 0.482 0.7238010648148148 0.4775 0.7038188287037037 0.47625 0.6891651875 0.47875 0.6851687384259258 0.481 0.6807282407407407 0.48724999999999996 0.6802841921296297 0.49424999999999997 0.6838365902777779 0.50025 0.6873889884259259 0.5035 0.6936056828703704 0.506
13 0.4844582592592592 0.50875 0.49422735416666663 0.51 0.5048845462962963 0.509 0.5137655416666667 0.5055000000000001 0.519982238425926 0.50075 0.5217584375 0.49074999999999996 0.5195381875 0.486 0.5150976898148149 0.482 0.501776199074074 0.47775 0.4871225578703704 0.47800000000000004 0.47779751388888886 0.47975 0.4729129652777778 0.48225 0.46847246990740743 0.48775 0.4675843703703703 0.496 0.4698046180555555 0.50075 0.477353462962963 0.506 0.4844582592592592 0.50875
13 0.27930728240740743 0.51075 0.28996447685185184 0.51025 0.29973356944444446 0.50725 0.3055062175925926 0.50375 0.30817051620370367 0.5005000000000001 0.3086145648148148 0.49175 0.3050621666666667 0.486 0.30106571990740744 0.48300000000000004 0.2930728240740741 0.48150000000000004 0.2895204259259259 0.47975 0.2753108356481481 0.48024999999999995 0.2655417407407408 0.48300000000000004 0.26065719444444446 0.48675 0.2575488449074074 0.49200000000000005 0.2575488449074074 0.4985 0.26065719444444446 0.5027499999999999 0.2690941388888889 0.5075000000000001 0.27930728240740743 0.51075
13 0.17095914814814817 0.56925 0.18561278935185185 0.571 0.1918294837962963 0.56975 0.20470692824074074 0.56175 0.2069271759259259 0.5545 0.2033747777777778 0.5465 0.19849023148148148 0.5425 0.18827708796296297 0.53925 0.1749555949074074 0.53825 0.1678507986111111 0.5395 0.1571936064814815 0.54475 0.1527531087962963 0.5499999999999999 0.15230905787037036 0.55725 0.15674955555555556 0.56375 0.16163410416666668 0.5665 0.17095914814814817 0.56925
13 0.3769982245370371 0.567 0.39387211342592593 0.5700000000000001 0.39742451157407405 0.5695 0.4080817060185185 0.56575 0.4151865 0.56075 0.41740675 0.5545 0.41563055092592593 0.54675 0.40941385416666665 0.5409999999999999 0.39387211342592593 0.5355 0.3756660740740741 0.5385 0.37033747685185187 0.5409999999999999 0.36412078240740736 0.5479999999999999 0.36234458333333336 0.55375 0.3645648310185185 0.559 0.37078152777777773 0.564 0.3769982245370371 0.567
13 0.5919182939814815 0.56775 0.5990230902777779 0.5675 0.6056838356481481 0.5685 0.6198934282407408 0.5650000000000001 0.6265541736111111 0.561 0.6305506226851852 0.55475 0.6301065717592592 0.54925 0.6274422731481482 0.54475 0.6194493773148148 0.539 0.6101243333333334 0.5367500000000001 0.5950266435185185 0.536 0.5892539953703704 0.5375 0.5794849027777778 0.54275 0.5746003541666667 0.5495 0.5741563055555555 0.5575 0.5772646527777778 0.561 0.5821492013888888 0.56425 0.5919182939814815 0.56775
13 0.8139431620370371 0.5680000000000001 0.8272646527777778 0.5680000000000001 0.8348135 0.566 0.8392539953703704 0.564 0.8459147430555555 0.558 0.8472468912037037 0.55375 0.8454706921296297 0.5465 0.8414742453703703 0.54125 0.831705150462963 0.5367500000000001 0.8210479583333333 0.535 0.8037300185185186 0.5367500000000001 0.7988454699074075 0.539 0.7908525763888888 0.54625 0.7890763773148147 0.55025 0.7917406759259259 0.55775 0.8019538194444444 0.56475 0.8139431620370371 0.5680000000000001
13 0.7024866782407407 0.62825 0.7149200717592592 0.6295000000000001 0.7238010648148148 0.62825 0.7313499120370369 0.625 0.7375666064814815 0.61975 0.7397868564814815 0.61475 0.7384547060185185 0.60725 0.7317939606481482 0.601 0.7233570162037037 0.59775 0.7166962708333334 0.5964999999999999 0.7029307291666667 0.59675 0.6922735347222222 0.6 0.6869449375000001 0.6034999999999999 0.6847246898148148 0.60675 0.6838365902777779 0.6134999999999999 0.6851687384259258 0.618 0.6922735347222222 0.6234999999999999 0.7024866782407407 0.62825
13 0.5053285972222222 0.62925 0.5119893425925925 0.6277499999999999 0.5177619884259259 0.62425 0.5239786851851852 0.6164999999999999 0.5239786851851852 0.6097499999999999 0.5190941388888889 0.6022500000000001 0.5084369444444444 0.5975 0.501776199074074 0.5964999999999999 0.49422735416666663 0.59625 0.4786856134259259 0.60075 0.4720248657407407 0.605 0.4698046180555555 0.61 0.4711367662037037 0.6195 0.47912966203703705 0.62525 0.48978685648148146 0.6285 0.5053285972222222 0.62925
13 0.2797513310185185 0.62925 0.2868561273148148 0.6295000000000001 0.29662522222222226 0.62825 0.3077264652777778 0.6230000000000001 0.3108348125 0.61975 0.31261101157407406 0.6125 0.31039076388888887 0.60575 0.29662522222222226 0.59925 0.2859680277777778 0.59775 0.27264653703703706 0.59975 0.26154529398148146 0.605 0.25888099537037035 0.6092500000000001 0.2584369444444445 0.617 0.26110124305555554 0.62125 0.2690941388888889 0.6267499999999999 0.2797513310185185 0.62925
13 0.38454706944444444 0.691 0.39742451157407405 0.6920000000000001 0.4054174074074074 0.68975 0.416518650462963 0.6829999999999999 0.4196269976851852 0.6789999999999999 0.4196269976851852 0.6717500000000001 0.416518650462963 0.6659999999999999 0.4116341041666666 0.6605 0.4040852569444444 0.6577500000000001 0.38587921759259264 0.6575000000000001 0.3743339259259259 0.66025 0.36767317824074075 0.6652499999999999 0.3650088819444445 0.67125 0.3645648310185185 0.6785000000000001 0.36634103009259256 0.68225 0.3730017754629629 0.68725 0.38454706944444444 0.691
13 0.5901420949074074 0.68825 0.5985790416666666 0.69075 0.6070159861111111 0.69125 0.6163410300925926 0.6902499999999999 0.626998224537037 0.6859999999999999 0.6327708703703704 0.6795 0.6336589699074074 0.671 0.6283303726851851 0.66275 0.6198934282407408 0.6582499999999999 0.6079040856481482 0.6565 0.5936944930555555 0.6575000000000001 0.583037300925926 0.6619999999999999 0.5785968032407408 0.6665 0.5768206041666667 0.6715000000000001 0.5772646527777778 0.6787500000000001 0.5803730023148148 0.6829999999999999 0.5901420949074074 0.68825