4 0.625 0.3611111111111111 0.6412037037037037 0.3680555555555556 0.6504629629629629 0.375 0.6574074074074074 0.38657407407407407 0.6574074074074074 0.4050925925925926 0.6597222222222222 0.4074074074074074 0.7083333333333334 0.4074074074074074 0.7106481481481481 0.4097222222222222 0.7268518518518519 0.41203703703703703 0.7476851851851852 0.42592592592592593 0.7523148148148148 0.4375 0.7384259259259259 0.4351851851851852 0.7361111111111112 0.4375 0.7245370370370371 0.4375 0.7175925925925926 0.44212962962962965 0.7129629629629629 0.44212962962962965 0.7037037037037037 0.43287037037037035 0.6990740740740741 0.43287037037037035 0.6967592592592593 0.4305555555555556 0.6805555555555556 0.4305555555555556 0.6782407407407407 0.42824074074074076 0.6759259259259259 0.4305555555555556 0.6712962962962963 0.4305555555555556 0.6689814814814815 0.42824074074074076 0.6643518518518519 0.42824074074074076 0.6597222222222222 0.4375 0.6620370370370371 0.44212962962962965 0.6527777777777778 0.4375 0.6296296296296297 0.4375 0.6226851851851852 0.44212962962962965 0.6226851851851852 0.44675925925925924 0.6203703703703703 0.4305555555555556 0.6180555555555556 0.42824074074074076 0.6087962962962963 0.42824074074074076 0.6064814814814815 0.4305555555555556 0.6018518518518519 0.42824074074074076 0.5694444444444444 0.42824074074074076 0.5648148148148148 0.4375 0.5601851851851852 0.4351851851851852 0.5416666666666666 0.4351851851851852 0.5324074074074074 0.4398148148148148 0.5300925925925926 0.4398148148148148 0.5300925925925926 0.43287037037037035 0.5254629629629629 0.42824074074074076 0.48842592592592593 0.42824074074074076 0.47453703703703703 0.4375 0.4652777777777778 0.4375 0.46296296296296297 0.4351851851851852 0.4398148148148148 0.4375 0.4375 0.4351851851851852 0.4398148148148148 0.42824074074074076 0.4513888888888889 0.4166666666666667 0.4722222222222222 0.4074074074074074 0.48148148148148145 0.4074074074074074 0.4837962962962963 0.4050925925925926 0.5254629629629629 0.4050925925925926 0.5300925925925926 0.40046296296296297 0.5300925925925926 0.3912037037037037 0.5324074074074074 0.3888888888888889 0.5347222222222222 0.3773148148148148 0.5555555555555556 0.36342592592592593 0.5694444444444444 0.3611111111111111 0.5717592592592593 0.3587962962962963 0.6157407407407407 0.3587962962962963 0.6180555555555556 0.3611111111111111 0.6226851851851852 0.3611111111111111
5 0.4236111111111111 0.35648148148148145 0.42592592592592593 0.3587962962962963 0.4444444444444444 0.3611111111111111 0.46296296296296297 0.37037037037037035 0.4699074074074074 0.3773148148148148 0.4722222222222222 0.3819444444444444 0.4722222222222222 0.39814814814814814 0.4652777777777778 0.4074074074074074 0.44907407407407407 0.41435185185185186 0.4375 0.42592592592592593 0.42824074074074076 0.42592592592592593 0.42592592592592593 0.42824074074074076 0.37962962962962965 0.42824074074074076 0.3773148148148148 0.4305555555555556 0.3773148148148148 0.4444444444444444 0.37037037037037035 0.45601851851851855 0.3611111111111111 0.4583333333333333 0.35185185185185186 0.46296296296296297 0.3449074074074074 0.4699074074074074 0.3402777777777778 0.4699074074074074 0.33796296296296297 0.4722222222222222 0.3287037037037037 0.4722222222222222 0.3263888888888889 0.47453703703703703 0.2800925925925926 0.47453703703703703 0.27546296296296297 0.4791666666666667 0.2777777777777778 0.4837962962962963 0.2361111111111111 0.4837962962962963 0.2337962962962963 0.48148148148148145 0.2361111111111111 0.47685185185185186 0.2337962962962963 0.4722222222222222 0.20601851851851852 0.4722222222222222 0.2037037037037037 0.47453703703703703 0.18981481481481483 0.47685185185185186 0.18518518518518517 0.48148148148148145 0.13657407407407407 0.48148148148148145 0.14351851851851852 0.4699074074074074 0.1597222222222222 0.4583333333333333 0.16435185185185186 0.4583333333333333 0.1736111111111111 0.4537037037037037 0.18287037037037038 0.4537037037037037 0.18518518518518517 0.4513888888888889 0.19444444444444445 0.4513888888888889 0.19675925925925927 0.44907407407407407 0.22453703703703703 0.44907407407407407 0.22685185185185186 0.4513888888888889 0.23842592592592593 0.4513888888888889 0.24074074074074073 0.44907407407407407 0.24074074074074073 0.4351851851851852 0.24305555555555555 0.43287037037037035 0.24305555555555555 0.42824074074074076 0.24768518518518517 0.4212962962962963 0.2569444444444444 0.41435185185185186 0.2708333333333333 0.4074074074074074 0.28703703703703703 0.4050925925925926 0.28935185185185186 0.4027777777777778 0.3402777777777778 0.4027777777777778 0.3449074074074074 0.3958333333333333 0.3449074074074074 0.38425925925925924 0.3472222222222222 0.37962962962962965 0.3587962962962963 0.3680555555555556 0.3726851851851852 0.3611111111111111 0.3888888888888889 0.3587962962962963 0.3912037037037037 0.35648148148148145 0.4212962962962963 0.35648148148148145
1 0.1388888888888889 0.4861111111111111 0.14351851851851852 0.4837962962962963 0.1736111111111111 0.4861111111111111 0.18055555555555555 0.49074074074074076 0.18518518518518517 0.5 0.19675925925925927 0.5023148148148148 0.19907407407407407 0.5046296296296297 0.2152777777777778 0.5046296296296297 0.2175925925925926 0.5023148148148148 0.23148148148148148 0.5046296296296297 0.2361111111111111 0.5 0.2361111111111111 0.48842592592592593 0.24074074074074073 0.48842592592592593 0.24305555555555555 0.4861111111111111 0.2662037037037037 0.4861111111111111 0.26851851851851855 0.48842592592592593 0.27546296296296297 0.48842592592592593 0.2777777777777778 0.5 0.2824074074074074 0.5046296296296297 0.3333333333333333 0.5046296296296297 0.33564814814814814 0.5023148148148148 0.33796296296296297 0.48148148148148145 0.3472222222222222 0.4699074074074074 0.36342592592592593 0.46064814814814814 0.3773148148148148 0.4583333333333333 0.37962962962962965 0.45601851851851855 0.4050925925925926 0.45601851851851855 0.4050925925925926 0.4699074074074074 0.4027777777777778 0.47453703703703703 0.3958333333333333 0.4791666666666667 0.3888888888888889 0.4791666666666667 0.37962962962962965 0.4837962962962963 0.375 0.48842592592592593 0.375 0.4930555555555556 0.3726851851851852 0.49537037037037035 0.3726851851851852 0.5 0.3773148148148148 0.5046296296296297 0.3958333333333333 0.5046296296296297 0.40046296296296297 0.5069444444444444 0.40046296296296297 0.5277777777777778 0.3726851851851852 0.5277777777777778 0.37037037037037035 0.5300925925925926 0.37037037037037035 0.5462962962962963 0.3680555555555556 0.5486111111111112 0.3680555555555556 0.5555555555555556 0.3611111111111111 0.5625 0.3472222222222222 0.5694444444444444 0.3425925925925926 0.5694444444444444 0.3333333333333333 0.5763888888888888 0.32407407407407407 0.5763888888888888 0.3148148148148148 0.5810185185185185 0.2824074074074074 0.5810185185185185 0.2800925925925926 0.5787037037037037 0.2638888888888889 0.5763888888888888 0.24305555555555555 0.5671296296296297 0.2361111111111111 0.5601851851851852 0.23148148148148148 0.5509259259259259 0.23148148148148148 0.5439814814814815 0.22916666666666666 0.5416666666666666 0.23148148148148148 0.5393518518518519 0.23148148148148148 0.5300925925925926 0.22685185185185186 0.5254629629629629 0.2222222222222222 0.5277777777777778 0.20601851851851852 0.5277777777777778 0.2037037037037037 0.5254629629629629 0.18518518518518517 0.5254629629629629 0.18287037037037038 0.5231481481481481 0.17592592592592593 0.5231481481481481 0.14583333333333334 0.5069444444444444 0.1412037037037037 0.5 0.1388888888888889 0.48842592592592593
9 0.21064814814814814 0.5578703703703703 0.21296296296296297 0.5601851851851852 0.2222222222222222 0.5601851851851852 0.24768518518518517 0.5717592592592593 0.25925925925925924 0.5833333333333334 0.2662037037037037 0.5972222222222222 0.26157407407407407 0.6087962962962963 0.2662037037037037 0.6157407407407407 0.28703703703703703 0.6157407407407407 0.28935185185185186 0.6180555555555556 0.28703703703703703 0.6203703703703703 0.28703703703703703 0.6365740740740741 0.2847222222222222 0.6388888888888888 0.25925925925925924 0.6388888888888888 0.2569444444444444 0.6412037037037037 0.2569444444444444 0.6527777777777778 0.25462962962962965 0.6550925925925926 0.2569444444444444 0.6643518518518519 0.2662037037037037 0.6736111111111112 0.2777777777777778 0.6782407407407407 0.2777777777777778 0.6967592592592593 0.27546296296296297 0.6990740740740741 0.24537037037037038 0.6944444444444444 0.2222222222222222 0.6828703703703703 0.2152777777777778 0.6759259259259259 0.21064814814814814 0.6666666666666666 0.21064814814814814 0.6388888888888888 0.20833333333333334 0.6365740740740741 0.18055555555555555 0.6365740740740741 0.17824074074074073 0.6342592592592593 0.16203703703703703 0.6342592592592593 0.1597222222222222 0.6319444444444444 0.1527777777777778 0.6319444444444444 0.13194444444444445 0.6226851851851852 0.11805555555555555 0.6064814814814815 0.11805555555555555 0.5925925925925926 0.12268518518518519 0.5833333333333334 0.13194444444444445 0.5740740740740741 0.16435185185185186 0.5601851851851852 0.17592592592592593 0.5601851851851852 0.17824074074074073 0.5578703703703703 0.20833333333333334 0.5578703703703703
3 0.39351851851851855 0.5601851851851852 0.39814814814814814 0.5625 0.3958333333333333 0.5671296296296297 0.3958333333333333 0.5810185185185185 0.39351851851851855 0.5833333333333334 0.38425925925925924 0.5833333333333334 0.3819444444444444 0.5856481481481481 0.37037037037037035 0.5879629629629629 0.36342592592592593 0.5995370370370371 0.36342592592592593 0.6134259259259259 0.37037037037037035 0.6180555555555556 0.3726851851851852 0.6157407407407407 0.3888888888888889 0.6157407407407407 0.39351851851851855 0.6180555555555556 0.39351851851851855 0.6319444444444444 0.3912037037037037 0.6342592592592593 0.3912037037037037 0.6388888888888888 0.36342592592592593 0.6388888888888888 0.3611111111111111 0.6412037037037037 0.3587962962962963 0.6736111111111112 0.36342592592592593 0.6782407407407407 0.4097222222222222 0.6782407407407407 0.41203703703703703 0.6805555555555556 0.42824074074074076 0.6828703703703703 0.44907407407407407 0.6944444444444444 0.4583333333333333 0.7037037037037037 0.46296296296296297 0.7129629629629629 0.46064814814814814 0.7314814814814815 0.44907407407407407 0.7453703703703703 0.42824074074074076 0.7569444444444444 0.41435185185185186 0.7592592592592593 0.41203703703703703 0.7615740740740741 0.4027777777777778 0.7615740740740741 0.40046296296296297 0.7638888888888888 0.375 0.7638888888888888 0.3726851851851852 0.7615740740740741 0.3611111111111111 0.7615740740740741 0.3587962962962963 0.7592592592592593 0.35185185185185186 0.7592592592592593 0.3402777777777778 0.7546296296296297 0.33564814814814814 0.75 0.3287037037037037 0.7476851851851852 0.31712962962962965 0.7337962962962963 0.31712962962962965 0.7291666666666666 0.3148148148148148 0.7268518518518519 0.31712962962962965 0.7037037037037037 0.3125 0.6990740740740741 0.28703703703703703 0.6990740740740741 0.2847222222222222 0.6967592592592593 0.2847222222222222 0.6805555555555556 0.28935185185185186 0.6782407407407407 0.3101851851851852 0.6782407407407407 0.3148148148148148 0.6805555555555556 0.31712962962962965 0.6782407407407407 0.3194444444444444 0.6736111111111112 0.3194444444444444 0.6527777777777778 0.32175925925925924 0.6504629629629629 0.32175925925925924 0.6412037037037037 0.3194444444444444 0.6388888888888888 0.3055555555555556 0.6388888888888888 0.30324074074074076 0.6365740740740741 0.30092592592592593 0.6388888888888888 0.2962962962962963 0.6388888888888888 0.29398148148148145 0.6365740740740741 0.28935185185185186 0.6365740740740741 0.28935185185185186 0.6203703703703703 0.29398148148148145 0.6157407407407407 0.32175925925925924 0.6180555555555556 0.32407407407407407 0.6157407407407407 0.32407407407407407 0.6064814814814815 0.3263888888888889 0.6041666666666666 0.3263888888888889 0.5925925925925926 0.3425925925925926 0.5740740740740741 0.37037037037037035 0.5625 0.38657407407407407 0.5625 0.3912037037037037 0.5601851851851852
8 0.40046296296296297 0.5601851851851852 0.41898148148148145 0.5601851851851852 0.4212962962962963 0.5625 0.4305555555555556 0.5625 0.45601851851851855 0.5740740740740741 0.4652777777777778 0.5856481481481481 0.4652777777777778 0.5902777777777778 0.4675925925925926 0.5925925925925926 0.4675925925925926 0.6134259259259259 0.4722222222222222 0.6180555555555556 0.5138888888888888 0.6180555555555556 0.5162037037037037 0.6203703703703703 0.5277777777777778 0.6203703703703703 0.5300925925925926 0.6226851851851852 0.5416666666666666 0.625 0.5462962962962963 0.6296296296296297 0.5532407407407407 0.6319444444444444 0.5625 0.6412037037037037 0.5671296296296297 0.6504629629629629 0.5671296296296297 0.6782407407407407 0.5694444444444444 0.6805555555555556 0.5763888888888888 0.6805555555555556 0.5787037037037037 0.6782407407407407 0.5810185185185185 0.6805555555555556 0.5856481481481481 0.6805555555555556 0.5879629629629629 0.6782407407407407 0.5902777777777778 0.6805555555555556 0.5972222222222222 0.6805555555555556 0.5972222222222222 0.6875 0.5995370370370371 0.6898148148148148 0.5995370370370371 0.6990740740740741 0.5972222222222222 0.7013888888888888 0.5763888888888888 0.7013888888888888 0.5717592592592593 0.6990740740740741 0.5648148148148148 0.7060185185185185 0.5648148148148148 0.7199074074074074 0.5671296296296297 0.7222222222222222 0.5671296296296297 0.7268518518518519 0.5717592592592593 0.7337962962962963 0.5787037037037037 0.7384259259259259 0.5879629629629629 0.7407407407407407 0.5925925925925926 0.7453703703703703 0.5995370370370371 0.7453703703703703 0.5972222222222222 0.7476851851851852 0.6018518518518519 0.75 0.6018518518518519 0.7592592592592593 0.5995370370370371 0.7638888888888888 0.5787037037037037 0.7638888888888888 0.5763888888888888 0.7615740740740741 0.5694444444444444 0.7615740740740741 0.5671296296296297 0.7592592592592593 0.5555555555555556 0.7569444444444444 0.5393518518518519 0.7476851851851852 0.5254629629629629 0.7314814814814815 0.5254629629629629 0.7222222222222222 0.5231481481481481 0.7199074074074074 0.5254629629629629 0.7152777777777778 0.5254629629629629 0.7037037037037037 0.5231481481481481 0.7013888888888888 0.49537037037037035 0.7013888888888888 0.4930555555555556 0.6990740740740741 0.47453703703703703 0.6990740740740741 0.4722222222222222 0.6967592592592593 0.46296296296296297 0.6967592592592593 0.46064814814814814 0.6944444444444444 0.4537037037037037 0.6944444444444444 0.44212962962962965 0.6851851851851852 0.4351851851851852 0.6828703703703703 0.42592592592592593 0.6712962962962963 0.42592592592592593 0.6620370370370371 0.4236111111111111 0.6597222222222222 0.42592592592592593 0.6435185185185185 0.4212962962962963 0.6388888888888888 0.39814814814814814 0.6388888888888888 0.3958333333333333 0.6365740740740741 0.3958333333333333 0.6226851851851852 0.40046296296296297 0.6157407407407407 0.42592592592592593 0.6157407407407407 0.4305555555555556 0.6064814814814815 0.4305555555555556 0.5972222222222222 0.4236111111111111 0.5879629629629629 0.41435185185185186 0.5833333333333334 0.4050925925925926 0.5833333333333334 0.4027777777777778 0.5810185185185185 0.40046296296296297 0.5763888888888888 0.40046296296296297 0.5625
0 0.8703703703703703 0.6041666666666666 0.8773148148148148 0.6087962962962963 0.8773148148148148 0.6134259259259259 0.8726851851851852 0.6226851851851852 0.8657407407407407 0.6296296296296297 0.8472222222222222 0.6388888888888888 0.8310185185185185 0.6412037037037037 0.8287037037037037 0.6435185185185185 0.8078703703703703 0.6435185185185185 0.8055555555555556 0.6458333333333334 0.7824074074074074 0.6435185185185185 0.7800925925925926 0.6458333333333334 0.7800925925925926 0.6712962962962963 0.7754629629629629 0.6805555555555556 0.7615740740740741 0.6921296296296297 0.7453703703703703 0.6990740740740741 0.7268518518518519 0.7013888888888888 0.7245370370370371 0.7037037037037037 0.6782407407407407 0.7037037037037037 0.6759259259259259 0.7060185185185185 0.6782407407407407 0.7083333333333334 0.6782407407407407 0.7268518518518519 0.6736111111111112 0.7384259259259259 0.6574074074074074 0.7523148148148148 0.6527777777777778 0.7523148148148148 0.6412037037037037 0.7592592592592593 0.6203703703703703 0.7615740740740741 0.6180555555555556 0.7638888888888888 0.6064814814814815 0.7638888888888888 0.6041666666666666 0.7615740740740741 0.6041666666666666 0.7430555555555556 0.6134259259259259 0.7384259259259259 0.6226851851851852 0.7384259259259259 0.6342592592592593 0.7291666666666666 0.6342592592592593 0.7245370370370371 0.6365740740740741 0.7222222222222222 0.6365740740740741 0.7083333333333334 0.6296296296296297 0.7013888888888888 0.6064814814814815 0.7013888888888888 0.6041666666666666 0.6990740740740741 0.6041666666666666 0.6805555555555556 0.6087962962962963 0.6805555555555556 0.6111111111111112 0.6782407407407407 0.6203703703703703 0.6782407407407407 0.6226851851851852 0.6805555555555556 0.625 0.6782407407407407 0.6319444444444444 0.6782407407407407 0.6342592592592593 0.6759259259259259 0.6342592592592593 0.6527777777777778 0.6504629629629629 0.6342592592592593 0.6597222222222222 0.6296296296296297 0.6643518518518519 0.6296296296296297 0.6736111111111112 0.625 0.6805555555555556 0.625 0.6828703703703703 0.6226851851851852 0.6898148148148148 0.6226851851851852 0.6921296296296297 0.6203703703703703 0.7129629629629629 0.6203703703703703 0.7152777777777778 0.6226851851851852 0.7199074074074074 0.6203703703703703 0.7222222222222222 0.6226851851851852 0.7291666666666666 0.6226851851851852 0.7314814814814815 0.6203703703703703 0.7314814814814815 0.6064814814814815 0.7361111111111112 0.6041666666666666 0.7754629629629629 0.6041666666666666 0.7777777777777778 0.6064814814814815 0.7777777777777778 0.6203703703703703 0.7800925925925926 0.6226851851851852 0.7986111111111112 0.6226851851851852 0.8009259259259259 0.625 0.8171296296296297 0.6226851851851852 0.8356481481481481 0.6064814814814815 0.8449074074074074 0.6064814814814815 0.8472222222222222 0.6041666666666666 0.8680555555555556 0.6041666666666666
6 0.7615740740740741 0.4930555555555556 0.7615740740740741 0.4976851851851852 0.7638888888888888 0.5 0.7615740740740741 0.5046296296296297 0.7662037037037037 0.5092592592592593 0.7824074074074074 0.5092592592592593 0.7847222222222222 0.5115740740740741 0.8055555555555556 0.5092592592592593 0.8101851851851852 0.5069444444444444 0.8194444444444444 0.49537037037037035 0.8263888888888888 0.49537037037037035 0.8287037037037037 0.4930555555555556 0.8564814814814815 0.4930555555555556 0.8587962962962963 0.49537037037037035 0.8564814814814815 0.5069444444444444 0.8472222222222222 0.5162037037037037 0.8356481481481481 0.5231481481481481 0.8310185185185185 0.5231481481481481 0.8171296296296297 0.5300925925925926 0.8078703703703703 0.5300925925925926 0.8055555555555556 0.5324074074074074 0.7708333333333334 0.5324074074074074 0.7662037037037037 0.5370370370370371 0.7662037037037037 0.5532407407407407 0.7708333333333334 0.5625 0.7893518518518519 0.5625 0.7916666666666666 0.5648148148148148 0.8194444444444444 0.5648148148148148 0.8217592592592593 0.5671296296296297 0.8310185185185185 0.5671296296296297 0.8587962962962963 0.5810185185185185 0.8680555555555556 0.5902777777777778 0.8726851851851852 0.6018518518518519 0.8472222222222222 0.6018518518518519 0.8449074074074074 0.6041666666666666 0.8263888888888888 0.6041666666666666 0.8240740740740741 0.5972222222222222 0.8148148148148148 0.5902777777777778 0.7986111111111112 0.5879629629629629 0.7962962962962963 0.5856481481481481 0.7893518518518519 0.5856481481481481 0.7870370370370371 0.5879629629629629 0.7847222222222222 0.5856481481481481 0.7800925925925926 0.5879629629629629 0.7731481481481481 0.5856481481481481 0.7708333333333334 0.5879629629629629 0.7708333333333334 0.5995370370370371 0.7685185185185185 0.6018518518518519 0.7291666666666666 0.6018518518518519 0.7268518518518519 0.5995370370370371 0.7268518518518519 0.5879629629629629 0.7245370370370371 0.5856481481481481 0.6898148148148148 0.5856481481481481 0.6875 0.5833333333333334 0.6736111111111112 0.5833333333333334 0.6712962962962963 0.5810185185185185 0.6643518518518519 0.5810185185185185 0.6527777777777778 0.5717592592592593 0.6319444444444444 0.5625 0.6273148148148148 0.5532407407407407 0.6273148148148148 0.5416666666666666 0.6319444444444444 0.5324074074074074 0.6481481481481481 0.5185185185185185 0.6574074074074074 0.5138888888888888 0.6759259259259259 0.5115740740740741 0.6782407407407407 0.5092592592592593 0.7175925925925926 0.5092592592592593 0.7222222222222222 0.5046296296296297 0.7199074074074074 0.5 0.7291666666666666 0.4930555555555556 0.7592592592592593 0.4930555555555556
10 0.6620370370370371 0.49074074074074076 0.6620370370370371 0.5023148148148148 0.6574074074074074 0.5092592592592593 0.6435185185185185 0.5162037037037037 0.6365740740740741 0.5231481481481481 0.6134259259259259 0.5277777777777778 0.6111111111111112 0.5300925925925926 0.5717592592592593 0.5300925925925926 0.5671296296296297 0.5347222222222222 0.5671296296296297 0.5578703703703703 0.5717592592592593 0.5625 0.6273148148148148 0.5625 0.6388888888888888 0.5694444444444444 0.6481481481481481 0.5717592592592593 0.6574074074074074 0.5787037037037037 0.6643518518518519 0.5856481481481481 0.6689814814814815 0.5949074074074074 0.6689814814814815 0.6087962962962963 0.6550925925925926 0.625 0.6388888888888888 0.6342592592592593 0.6319444444444444 0.6342592592592593 0.6203703703703703 0.6388888888888888 0.6111111111111112 0.6388888888888888 0.6087962962962963 0.6412037037037037 0.5763888888888888 0.6388888888888888 0.5671296296296297 0.6342592592592593 0.5601851851851852 0.6342592592592593 0.5532407407407407 0.6273148148148148 0.5416666666666666 0.6226851851851852 0.5347222222222222 0.6157407407407407 0.5300925925925926 0.6064814814814815 0.5300925925925926 0.5879629629629629 0.5254629629629629 0.5833333333333334 0.5023148148148148 0.5833333333333334 0.5 0.5810185185185185 0.5 0.5625 0.5023148148148148 0.5601851851851852 0.5231481481481481 0.5601851851851852 0.5254629629629629 0.5625 0.5300925925925926 0.5578703703703703 0.5300925925925926 0.5532407407407407 0.5324074074074074 0.5509259259259259 0.5324074074074074 0.5324074074074074 0.5277777777777778 0.5277777777777778 0.5046296296296297 0.5277777777777778 0.5023148148148148 0.5254629629629629 0.5023148148148148 0.5092592592592593 0.5046296296296297 0.5069444444444444 0.5300925925925926 0.5069444444444444 0.5324074074074074 0.5046296296296297 0.5324074074074074 0.4930555555555556 0.5347222222222222 0.49074074074074076 0.5462962962962963 0.49074074074074076 0.5486111111111112 0.48842592592592593 0.5671296296296297 0.49074074074074076 0.5694444444444444 0.4930555555555556 0.5694444444444444 0.5 0.5671296296296297 0.5023148148148148 0.5717592592592593 0.5069444444444444 0.5856481481481481 0.5069444444444444 0.5879629629629629 0.5092592592592593 0.6041666666666666 0.5092592592592593 0.6064814814814815 0.5069444444444444 0.6134259259259259 0.5069444444444444 0.6180555555555556 0.5046296296296297 0.6273148148148148 0.4930555555555556 0.6319444444444444 0.4930555555555556 0.6342592592592593 0.49074074074074076 0.6597222222222222 0.49074074074074076
7 0.5601851851851852 0.4375 0.5648148148148148 0.4398148148148148 0.5648148148148148 0.44907407407407407 0.5625 0.4537037037037037 0.5509259259259259 0.46296296296296297 0.5231481481481481 0.47685185185185186 0.5115740740740741 0.47685185185185186 0.5092592592592593 0.4791666666666667 0.47453703703703703 0.47685185185185186 0.4699074074074074 0.4837962962962963 0.4699074074074074 0.5023148148148148 0.4722222222222222 0.5046296296296297 0.47685185185185186 0.5069444444444444 0.4976851851851852 0.5069444444444444 0.4976851851851852 0.5138888888888888 0.5 0.5162037037037037 0.4976851851851852 0.5185185185185185 0.4976851851851852 0.5277777777777778 0.4930555555555556 0.5277777777777778 0.49074074074074076 0.5300925925925926 0.48842592592592593 0.5277777777777778 0.4722222222222222 0.5277777777777778 0.4675925925925926 0.5324074074074074 0.4699074074074074 0.5486111111111112 0.47685185185185186 0.5555555555555556 0.4976851851851852 0.5601851851851852 0.4976851851851852 0.5810185185185185 0.4675925925925926 0.5787037037037037 0.4583333333333333 0.5717592592592593 0.44675925925925924 0.5671296296296297 0.4351851851851852 0.5578703703703703 0.4351851851851852 0.5532407407407407 0.4305555555555556 0.5462962962962963 0.4305555555555556 0.5277777777777778 0.42824074074074076 0.5254629629629629 0.42592592592592593 0.5277777777777778 0.4050925925925926 0.5277777777777778 0.4027777777777778 0.5254629629629629 0.4027777777777778 0.5069444444444444 0.4050925925925926 0.5046296296296297 0.4305555555555556 0.5046296296296297 0.4351851851851852 0.49537037037037035 0.4351851851851852 0.47685185185185186 0.43287037037037035 0.47453703703703703 0.42824074074074076 0.47685185185185186 0.4097222222222222 0.47685185185185186 0.4074074074074074 0.47453703703703703 0.4074074074074074 0.45601851851851855 0.41203703703703703 0.4537037037037037 0.4236111111111111 0.4537037037037037 0.42592592592592593 0.45601851851851855 0.4305555555555556 0.45601851851851855 0.4375 0.4513888888888889 0.4375 0.44212962962962965 0.4444444444444444 0.4375 0.4652777777777778 0.4375 0.4675925925925926 0.4398148148148148 0.4722222222222222 0.4398148148148148 0.47453703703703703 0.44212962962962965 0.47453703703703703 0.44907407407407407 0.4722222222222222 0.4513888888888889 0.4791666666666667 0.45601851851851855 0.4837962962962963 0.4537037037037037 0.48842592592592593 0.45601851851851855 0.5092592592592593 0.45601851851851855 0.5115740740740741 0.4537037037037037 0.5231481481481481 0.4513888888888889 0.5254629629629629 0.44675925925925924 0.5347222222222222 0.4398148148148148 0.5393518518518519 0.4398148148148148 0.5416666666666666 0.4375 0.5578703703703703 0.4375
2 0.6412037037037037 0.4375 0.6435185185185185 0.4398148148148148 0.6620370370370371 0.4398148148148148 0.6620370370370371 0.4537037037037037 0.6643518518518519 0.45601851851851855 0.6689814814814815 0.4537037037037037 0.6736111111111112 0.45601851851851855 0.6990740740740741 0.45601851851851855 0.7013888888888888 0.4537037037037037 0.7129629629629629 0.4513888888888889 0.7152777777777778 0.44675925925925924 0.7245370370370371 0.4398148148148148 0.7546296296296297 0.4398148148148148 0.7569444444444444 0.44212962962962965 0.7569444444444444 0.4513888888888889 0.7615740740740741 0.4583333333333333 0.7662037037037037 0.45601851851851855 0.7731481481481481 0.45601851851851855 0.7754629629629629 0.4583333333333333 0.8101851851851852 0.4583333333333333 0.8125 0.46064814814814814 0.8310185185185185 0.4652777777777778 0.8402777777777778 0.4722222222222222 0.8472222222222222 0.47453703703703703 0.8564814814814815 0.4861111111111111 0.8564814814814815 0.49074074074074076 0.8287037037037037 0.49074074074074076 0.8171296296296297 0.49537037037037035 0.8148148148148148 0.49537037037037035 0.8078703703703703 0.4861111111111111 0.7986111111111112 0.48148148148148145 0.7824074074074074 0.48148148148148145 0.7800925925925926 0.4791666666666667 0.7638888888888888 0.48148148148148145 0.7592592592592593 0.49074074074074076 0.7407407407407407 0.48842592592592593 0.7384259259259259 0.49074074074074076 0.7291666666666666 0.49074074074074076 0.7199074074074074 0.49537037037037035 0.7175925925925926 0.4930555555555556 0.7175925925925926 0.48148148148148145 0.7152777777777778 0.4791666666666667 0.6666666666666666 0.4791666666666667 0.6620370370370371 0.48842592592592593 0.6342592592592593 0.48842592592592593 0.6319444444444444 0.49074074074074076 0.625 0.49074074074074076 0.625 0.4791666666666667 0.6226851851851852 0.47685185185185186 0.6111111111111112 0.47685185185185186 0.6087962962962963 0.47453703703703703 0.6064814814814815 0.47685185185185186 0.5902777777777778 0.47685185185185186 0.5879629629629629 0.47453703703703703 0.5740740740740741 0.48148148148148145 0.5671296296296297 0.48842592592592593 0.5532407407407407 0.48842592592592593 0.5509259259259259 0.4861111111111111 0.5462962962962963 0.48842592592592593 0.5324074074074074 0.48842592592592593 0.5347222222222222 0.47685185185185186 0.5439814814814815 0.4675925925925926 0.5625 0.4583333333333333 0.5717592592592593 0.4583333333333333 0.5740740740740741 0.45601851851851855 0.5949074074074074 0.45601851851851855 0.5972222222222222 0.4537037037037037 0.6018518518518519 0.4537037037037037 0.6041666666666666 0.45601851851851855 0.6157407407407407 0.45601851851851855 0.6226851851851852 0.4513888888888889 0.6226851851851852 0.4444444444444444 0.6273148148148148 0.4398148148148148 0.6388888888888888 0.4375
11 0 0.81275 0.004884546296296296 0.82025 0.026198935185185186 0.82025 0.04262877546296297 0.8185 0.0608348125 0.81975 0.08303730092592593 0.8175 0.10879218518518519 0.823 0.12300177546296297 0.82425 0.13721136805555556 0.8240000000000001 0.1429840138888889 0.825 0.15763765509259262 0.8245 0.16074600462962962 0.82275 0.1700710486111111 0.825 0.25532859722222223 0.8255 0.2619893425925926 0.82475 0.26687388888888885 0.82575 0.2824156296296296 0.825 0.2868561273148148 0.82325 0.2952930717592593 0.82475 0.30062166898148146 0.8235 0.309946712962963 0.825 0.3499111898148148 0.826 0.3601243333333333 0.826 0.3690053287037037 0.82475 0.37744227314814816 0.82625 0.4365008888888889 0.8265 0.4755772638888889 0.8255 0.49866785185185186 0.82625 0.5097690949074074 0.8255 0.5142095925925926 0.82625 0.5785968032407408 0.826 0.6345470694444444 0.82725 0.854795736111111 0.82725 0.8698934282407408 0.826 0.8801065717592592 0.82725 0.9018650092592593 0.826 0.9227353472222222 0.8210000000000001 0.9271758425925926 0.8185 0.9325044398148149 0.81775 0.939609236111111 0.8140000000000001 0.9422735347222222 0.81025 0.9476021319444444 0.8067500000000001 0.9529307291666667 0.80025 0.9569271759259259 0.789 0.957371224537037 0.77475 0.9538188287037037 0.74775 0.9369449375000001 0.6542500000000001 0.9333925393518518 0.64225 0.9316163402777777 0.62275 0.8858792175925926 0.36275 0.8814387222222222 0.34875 0.8712255763888889 0.33825 0.8658969814814815 0.33475 0.8525754884259259 0.33099999999999996 0.8454706921296297 0.32775 0.835701599537037 0.32575 0.8183836597222223 0.32399999999999995 0.751776199074074 0.3225 0.7486678518518518 0.32325000000000004 0.7229129652777778 0.32325000000000004 0.7206927175925926 0.32399999999999995 0.7087033749999999 0.3225 0.6906452037037036 0.32399999999999995 0.6563055069444445 0.3215 0.6327708703703704 0.32225 0.626998224537037 0.321 0.6007992893518519 0.32049999999999995 0.5803730023148148 0.32175000000000004 0.5617229120370371 0.32025000000000003 0.5408525763888888 0.321 0.5008880995370371 0.32 0.4853463587962963 0.32125 0.46536412037037034 0.319 0.4320603912037037 0.32 0.4014209583333333 0.31925 0.39653641203703704 0.32 0.38055062268518514 0.3185 0.3627886319444445 0.3185 0.35790408564814813 0.3195 0.3485790416666667 0.31825000000000003 0.32859680324074075 0.318 0.312166962962963 0.31975000000000003 0.30062166898148146 0.31775 0.27930728240740743 0.316 0.27575488425925926 0.31699999999999995 0.2650976898148148 0.31699999999999995 0.26110124305555554 0.31825000000000003 0.23134991203703703 0.31575 0.1962699814814815 0.316 0.19449378240740742 0.31775 0.18428063888888888 0.31875 0.1718472476851852 0.318 0.1647424513888889 0.31475000000000003 0.16119005324074073 0.31425 0.15763765509259262 0.311 0.15408525694444444 0.31075 0.14875665972222224 0.30800000000000005 0.12744227314814816 0.3055 0.09813499074074075 0.30425 0.08525754861111111 0.305 0.07149200694444445 0.30725 0.06749556018518518 0.31150000000000005 0.0630550625 0.31375 0.058614564814814814 0.321 0.030195381944444443 0.45249999999999996 0.02531083564814815 0.467 0.02220248611111111 0.49025 0.007104796296296296 0.54925 0.008436944444444445 0.558 0.004884546296296296 0.5652499999999999 0.002220247685185185 0.59675 0.001776199074074074 0.599 0 0.59925 0 0.81275
12 0.15045515046296296 0.31983125 0.005015541666666666 0.31983125 0.005015541666666666 0.80262875 0.15045515046296296 0.80262875 0.15045515046296296 0.31983125
13 0.603019537037037 0.40399999999999997 0.6132326828703704 0.403 0.6163410300925926 0.40125 0.6150088819444444 0.39349999999999996 0.6092362337962962 0.387 0.6056838356481481 0.385 0.5959147430555555 0.38299999999999995 0.5865896990740741 0.38299999999999995 0.5772646527777778 0.38525 0.5723801064814814 0.388 0.5688277083333333 0.39475000000000005 0.5683836597222223 0.3975 0.5706039074074074 0.40075 0.580817050925926 0.40375 0.603019537037037 0.40399999999999997
13 0.4009769097222222 0.40275 0.4098579050925926 0.40325 0.4222912962962963 0.4015 0.42984014120370373 0.39775 0.4316163402777778 0.3945 0.42984014120370373 0.38775000000000004 0.42761989351851853 0.3855 0.4222912962962963 0.38275000000000003 0.41252220138888884 0.381 0.4031971574074074 0.381 0.39387211342592593 0.38299999999999995 0.38676731712962964 0.387 0.38454706944444444 0.39075 0.38365896990740744 0.3945 0.38587921759259264 0.39899999999999997 0.3898756666666667 0.401 0.4009769097222222 0.40275
13 0.31261101157407406 0.45 0.3210479583333334 0.4485 0.32859680324074075 0.44575 0.3330373009259259 0.44225 0.333481349537037 0.437 0.32815275231481483 0.431 0.32149200694444446 0.4285 0.3037300185185185 0.428 0.2957371226851852 0.43024999999999997 0.2917406759259259 0.43275 0.28774422685185186 0.436 0.2864120787037037 0.43975000000000003 0.2859680277777778 0.44275 0.2895204259259259 0.44775 0.2992895208333333 0.45 0.31261101157407406 0.45
13 0.49378330324074077 0.45375000000000004 0.5039964467592593 0.45399999999999996 0.5106571944444445 0.453 0.5173179398148148 0.45025000000000004 0.5222024861111111 0.44375 0.5182060393518518 0.43425 0.5119893425925925 0.4315 0.5035523981481481 0.43 0.49111900462962965 0.431 0.4853463587962963 0.43275 0.48134991203703703 0.4355 0.4782415625 0.44025 0.4786856134259259 0.44575 0.4826820601851852 0.451 0.4875666064814815 0.453 0.49378330324074077 0.45375000000000004
13 0.6842806388888889 0.45475 0.6962699814814814 0.45475 0.7055950277777777 0.45275 0.7100355231481481 0.44925 0.7113676736111111 0.44549999999999995 0.7087033749999999 0.439 0.7024866782407407 0.43475 0.6962699814814814 0.43275 0.6891651875 0.43174999999999997 0.6745115462962963 0.43275 0.6691829490740742 0.435 0.6647424513888889 0.439 0.6647424513888889 0.44775 0.66740675 0.452 0.6705150972222222 0.45325 0.6842806388888889 0.45475
13 0.7939609236111111 0.509 0.8041740671296296 0.5075000000000001 0.809058613425926 0.505 0.812166962962963 0.4985 0.812166962962963 0.49424999999999997 0.8086145648148148 0.4895 0.8001776203703704 0.48475 0.793516875 0.48275 0.7864120787037037 0.482 0.7730905856481483 0.48275 0.7677619884259259 0.48574999999999996 0.7642095925925927 0.49025 0.7668738888888889 0.5045 0.7695381875 0.506 0.7788632337962963 0.508 0.7939609236111111 0.509
13 0.5785968032407408 0.504 0.5874777986111112 0.50575 0.6034635879629631 0.50575 0.6110124328703704 0.504 0.6158969814814815 0.5015 0.6185612777777778 0.4985 0.6181172291666667 0.49074999999999996 0.6136767314814814 0.484 0.6087921851851852 0.48175 0.5999111898148148 0.4805 0.581705150462963 0.48125 0.5763765532407408 0.48325 0.5732682060185185 0.48625 0.5706039074074074 0.49074999999999996 0.5710479583333333 0.49475 0.5732682060185185 0.4995 0.5785968032407408 0.504
13 0.416518650462963 0.50325 0.42317939583333336 0.50175 0.42673179398148153 0.49475 0.4262877453703704 0.48625 0.42539964583333334 0.48425 0.4151865 0.48000000000000004 0.4040852569444444 0.47800000000000004 0.38765541666666664 0.48075 0.38143872222222225 0.484 0.37744227314814816 0.4895 0.3787744236111111 0.49725 0.3863232685185185 0.5027499999999999 0.4031971574074074 0.504 0.416518650462963 0.50325
13 0.19271758333333333 0.501 0.19982237962962962 0.5025000000000001 0.21980461805555557 0.50225 0.2282415625 0.4995 0.23223801157407406 0.49200000000000005 0.23223801157407406 0.4865 0.2304618125 0.4825 0.22424511574074074 0.4785 0.21669627083333334 0.47650000000000003 0.20293072916666668 0.47650000000000003 0.19005328703703703 0.47950000000000004 0.18383659027777777 0.4845 0.18206039120370368 0.4875 0.18339253935185185 0.49525 0.18561278935185185 0.498 0.19271758333333333 0.501
13 0.2895204259259259 0.55725 0.3015097685185185 0.558 0.31305506250000004 0.55575 0.3197158078703704 0.5525 0.32548845370370366 0.547 0.32548845370370366 0.54175 0.32326820601851847 0.53725 0.31927175925925927 0.5337500000000001 0.3134991111111111 0.53125 0.29973356944444446 0.53025 0.28552397916666666 0.532 0.27930728240740743 0.53475 0.27575488425925926 0.538 0.2744227361111111 0.5395 0.27575488425925926 0.55025 0.28197158101851855 0.5545 0.2895204259259259 0.55725
13 0.4977797523148148 0.5585 0.5128774421296296 0.5575 0.5177619884259259 0.556 0.5222024861111111 0.54725 0.5222024861111111 0.5395 0.5133214930555555 0.5339999999999999 0.5022202476851851 0.5315 0.4951154537037037 0.5315 0.4809058611111111 0.53425 0.4738010648148148 0.53725 0.4711367662037037 0.54025 0.4702486689814815 0.54325 0.4724689166666667 0.54925 0.48134991203703703 0.55525 0.4977797523148148 0.5585
13 0.6913854351851852 0.5599999999999999 0.7029307291666667 0.5605 0.7126998217592593 0.55925 0.7180284189814815 0.5565 0.7206927175925926 0.551 0.7202486689814814 0.5435 0.7189165185185185 0.539 0.7144760208333333 0.53575 0.6931616342592593 0.5335 0.6820603912037037 0.53425 0.6714031967592592 0.5385 0.6687388981481481 0.54125 0.6687388981481481 0.54725 0.6714031967592592 0.55125 0.6847246898148148 0.5585 0.6913854351851852 0.5599999999999999
13 0.7859680277777777 0.61825 0.7944049722222223 0.62075 0.8072824166666668 0.62125 0.8139431620370371 0.6204999999999999 0.8197158078703703 0.61775 0.8241563055555555 0.6125 0.8268206041666667 0.60575 0.8210479583333333 0.59675 0.8152753101851852 0.592 0.8001776203703704 0.5885 0.7930728240740741 0.588 0.7864120787037037 0.5885 0.7806394305555556 0.59025 0.774422736111111 0.59475 0.7753108356481482 0.6022500000000001 0.7784191828703704 0.6055 0.7815275300925926 0.6145 0.7859680277777777 0.61825
13 0.5923623449074074 0.6162500000000001 0.6056838356481481 0.6167499999999999 0.6127886319444444 0.6152500000000001 0.6190053287037037 0.613 0.6247779745370371 0.6090000000000001 0.6278863240740741 0.603 0.6252220254629629 0.59675 0.6194493773148148 0.5910000000000001 0.6132326828703704 0.5882499999999999 0.5972468912037037 0.5865 0.581705150462963 0.58925 0.5781527523148148 0.58875 0.5710479583333333 0.5945 0.5710479583333333 0.6020000000000001 0.5746003541666667 0.60725 0.5821492013888888 0.61275 0.5923623449074074 0.6162500000000001
13 0.394760212962963 0.61425 0.41341030092592596 0.6125 0.41785079861111113 0.61075 0.4222912962962963 0.606 0.42406749537037036 0.601 0.42095914814814817 0.592 0.4151865 0.5885 0.4076376550925926 0.5862499999999999 0.3960923634259259 0.5855 0.38365896990740744 0.5875 0.3765541736111111 0.59 0.3712255763888889 0.5952500000000001 0.3721136759259259 0.60625 0.3765541736111111 0.61025 0.38321491898148147 0.613 0.394760212962963 0.61425
13 0.17895204166666667 0.6125 0.1940497337962963 0.613 0.2069271759259259 0.61175 0.21003552314814816 0.6104999999999999 0.21492007175925926 0.6012500000000001 0.21536412037037037 0.59475 0.21225577314814817 0.5895 0.206483125 0.5862499999999999 0.19493783333333334 0.5842499999999999 0.18605683796296296 0.5845 0.17362344675925925 0.5882499999999999 0.16429840046296298 0.5952500000000001 0.1651865 0.6052500000000001 0.16829484953703702 0.60875 0.17406749537037036 0.61125 0.17895204166666667 0.6125
13 0.27309058564814814 0.6725 0.2895204259259259 0.67325 0.2961811712962963 0.6719999999999999 0.30417406712962963 0.67 0.3108348125 0.664 0.31261101157407406 0.6579999999999999 0.3108348125 0.65125 0.3077264652777778 0.6477499999999999 0.3001776203703703 0.64425 0.2895204259259259 0.64275 0.27264653703703706 0.646 0.2642095925925926 0.65025 0.2602131435185185 0.65525 0.2597690949074074 0.66025 0.26287744212962966 0.6675 0.2677619884259259 0.67125 0.27309058564814814 0.6725
13 0.4809058611111111 0.6725 0.4968916527777778 0.6747500000000001 0.5079928958333334 0.6745 0.5155417407407408 0.67275 0.5230905856481481 0.6652499999999999 0.5235346365740741 0.6575000000000001 0.520870337962963 0.651 0.5164298402777777 0.6475000000000001 0.5079928958333334 0.64425 0.49333925462962963 0.6435000000000001 0.48134991203703703 0.64525 0.4729129652777778 0.65 0.4711367662037037 0.65375 0.4698046180555555 0.6605 0.4711367662037037 0.6647500000000001 0.4738010648148148 0.6685 0.4809058611111111 0.6725
13 0.7100355231481481 0.6787500000000001 0.7180284189814815 0.6777500000000001 0.729129662037037 0.6717500000000001 0.7322380115740741 0.667 0.7331261111111111 0.66125 0.7309058611111111 0.6515 0.727353462962963 0.647 0.7060390763888889 0.644 0.6944937824074074 0.6445 0.6891651875 0.646 0.6820603912037037 0.65025 0.6785079930555555 0.65625 0.6789520416666667 0.66575 0.6856127893518519 0.67525 0.7007104791666667 0.6787500000000001 0.7100355231481481 0.6787500000000001
13 0.5919182939814815 0.738 0.5985790416666666 0.74 0.6025754884259259 0.74 0.6198934282407408 0.7365 0.6274422731481482 0.73175 0.6314387222222222 0.7270000000000001 0.6327708703703704 0.7195 0.6301065717592592 0.71225 0.6194493773148148 0.7055 0.6065719351851853 0.7045 0.6021314398148149 0.7032499999999999 0.5932504444444445 0.70525 0.5848135 0.705 0.5812611018518519 0.707 0.5768206041666667 0.7075 0.5710479583333333 0.71375 0.5701598587962963 0.7172499999999999 0.5706039074074074 0.7262500000000001 0.5737122546296296 0.731 0.5848135 0.7372500000000001 0.5919182939814815 0.738
13 0.36545293055555556 0.73125 0.36944937731481486 0.73375 0.38010657175925927 0.7375 0.38676731712962964 0.73825 0.39698046296296297 0.7372500000000001 0.40719360648148145 0.7342500000000001 0.41252220138888884 0.73075 0.41785079861111113 0.72375 0.41740675 0.7135 0.41119005324074076 0.70625 0.4009769097222222 0.7027500000000001 0.38277087037037033 0.7034999999999999 0.36678508101851853 0.70225 0.3636767314814815 0.7030000000000001 0.3619005324074074 0.70625 0.3636767314814815 0.7102499999999999 0.3601243333333333 0.7170000000000001 0.3605683842592593 0.724 0.36545293055555556 0.73125