9 0.18981481481481483 0.5069444444444444 0.19212962962962962 0.5092592592592593 0.2037037037037037 0.5092592592592593 0.20601851851851852 0.5115740740740741 0.2175925925925926 0.5138888888888888 0.24074074074074073 0.5254629629629629 0.2569444444444444 0.5439814814814815 0.2569444444444444 0.5486111111111112 0.25925925925925924 0.5509259259259259 0.25925925925925924 0.5763888888888888 0.2638888888888889 0.5810185185185185 0.26851851851851855 0.5810185185185185 0.2708333333333333 0.5787037037037037 0.2986111111111111 0.5787037037037037 0.2986111111111111 0.6018518518518519 0.29398148148148145 0.6087962962962963 0.28935185185185186 0.6087962962962963 0.28703703703703703 0.6111111111111112 0.2824074074074074 0.6087962962962963 0.2638888888888889 0.6087962962962963 0.25925925925925924 0.6134259259259259 0.26157407407407407 0.6319444444444444 0.27314814814814814 0.6458333333333334 0.2916666666666667 0.6527777777777778 0.30092592592592593 0.6527777777777778 0.30324074074074076 0.6550925925925926 0.30092592592592593 0.6597222222222222 0.30092592592592593 0.6666666666666666 0.30324074074074076 0.6689814814814815 0.30092592592592593 0.6712962962962963 0.30092592592592593 0.6805555555555556 0.2916666666666667 0.6851851851851852 0.28935185185185186 0.6828703703703703 0.2708333333333333 0.6828703703703703 0.26851851851851855 0.6805555555555556 0.25 0.6782407407407407 0.24768518518518517 0.6759259259259259 0.2361111111111111 0.6736111111111112 0.2175925925925926 0.6620370370370371 0.20833333333333334 0.6527777777777778 0.2037037037037037 0.6435185185185185 0.2037037037037037 0.6365740740740741 0.2013888888888889 0.6342592592592593 0.2013888888888889 0.6157407407407407 0.19212962962962962 0.6087962962962963 0.18981481481481483 0.6111111111111112 0.1412037037037037 0.6111111111111112 0.1388888888888889 0.6087962962962963 0.11342592592592593 0.6064814814814815 0.08564814814814815 0.5949074074074074 0.06481481481481481 0.5763888888888888 0.06018518518518518 0.5671296296296297 0.06018518518518518 0.5509259259259259 0.06481481481481481 0.5416666666666666 0.0787037037037037 0.5277777777777778 0.09259259259259259 0.5185185185185185 0.09722222222222222 0.5185185185185185 0.11342592592592593 0.5115740740740741 0.12037037037037036 0.5115740740740741 0.12268518518518519 0.5092592592592593 0.13657407407407407 0.5092592592592593 0.1388888888888889 0.5069444444444444 0.1875 0.5069444444444444
1 0.3263888888888889 0.5787037037037037 0.3287037037037037 0.5810185185185185 0.3402777777777778 0.5810185185185185 0.3425925925925926 0.5833333333333334 0.35648148148148145 0.5856481481481481 0.37037037037037035 0.5925925925925926 0.375 0.5972222222222222 0.3912037037037037 0.6041666666666666 0.40046296296296297 0.6180555555555556 0.40046296296296297 0.6342592592592593 0.4027777777777778 0.6365740740740741 0.4027777777777778 0.6481481481481481 0.4050925925925926 0.6504629629629629 0.47453703703703703 0.6504629629629629 0.4791666666666667 0.6527777777777778 0.4837962962962963 0.6481481481481481 0.4837962962962963 0.6319444444444444 0.48842592592592593 0.6319444444444444 0.49074074074074076 0.6342592592592593 0.5208333333333334 0.6342592592592593 0.5300925925925926 0.6296296296296297 0.5347222222222222 0.6342592592592593 0.5347222222222222 0.6504629629629629 0.5370370370370371 0.6527777777777778 0.5416666666666666 0.6527777777777778 0.5439814814814815 0.6504629629629629 0.5833333333333334 0.6504629629629629 0.5856481481481481 0.6481481481481481 0.5925925925925926 0.6481481481481481 0.5995370370370371 0.6435185185185185 0.6041666666666666 0.6435185185185185 0.6134259259259259 0.6319444444444444 0.6226851851851852 0.6319444444444444 0.625 0.6342592592592593 0.6527777777777778 0.6342592592592593 0.6550925925925926 0.6319444444444444 0.6666666666666666 0.6319444444444444 0.6666666666666666 0.6435185185185185 0.6620370370370371 0.6527777777777778 0.6597222222222222 0.6527777777777778 0.6527777777777778 0.6620370370370371 0.6458333333333334 0.6666666666666666 0.6412037037037037 0.6666666666666666 0.6273148148148148 0.6759259259259259 0.6226851851851852 0.6759259259259259 0.6134259259259259 0.6805555555555556 0.6041666666666666 0.6805555555555556 0.6018518518518519 0.6828703703703703 0.5416666666666666 0.6828703703703703 0.5393518518518519 0.6805555555555556 0.5347222222222222 0.6851851851851852 0.5347222222222222 0.7106481481481481 0.5324074074074074 0.7129629629629629 0.5300925925925926 0.7245370370370371 0.5069444444444444 0.7453703703703703 0.4861111111111111 0.7546296296296297 0.4652777777777778 0.7569444444444444 0.46296296296296297 0.7592592592592593 0.4212962962962963 0.7592592592592593 0.41898148148148145 0.7569444444444444 0.4097222222222222 0.7569444444444444 0.4074074074074074 0.7546296296296297 0.40046296296296297 0.7546296296296297 0.38657407407407407 0.7476851851851852 0.3819444444444444 0.7476851851851852 0.36342592592592593 0.7361111111111112 0.3541666666666667 0.7245370370370371 0.34953703703703703 0.7129629629629629 0.34953703703703703 0.6851851851851852 0.3472222222222222 0.6828703703703703 0.33796296296296297 0.6828703703703703 0.33564814814814814 0.6851851851851852 0.3101851851851852 0.6851851851851852 0.3055555555555556 0.6805555555555556 0.3055555555555556 0.6620370370370371 0.3125 0.6527777777777778 0.3263888888888889 0.6527777777777778 0.3287037037037037 0.6504629629629629 0.3333333333333333 0.6527777777777778 0.3449074074074074 0.6527777777777778 0.34953703703703703 0.6481481481481481 0.34953703703703703 0.6296296296296297 0.3449074074074074 0.6226851851851852 0.33101851851851855 0.6134259259259259 0.3263888888888889 0.6134259259259259 0.32407407407407407 0.6111111111111112 0.3101851851851852 0.6111111111111112 0.3055555555555556 0.6064814814814815 0.3055555555555556 0.5972222222222222 0.30324074074074076 0.5949074074074074 0.3055555555555556 0.5810185185185185 0.3101851851851852 0.5810185185185185 0.3125 0.5787037037037037 0.32407407407407407 0.5787037037037037
3 0.45601851851851855 0.5023148148148148 0.4583333333333333 0.5046296296296297 0.4699074074074074 0.5046296296296297 0.4722222222222222 0.5069444444444444 0.48842592592592593 0.5092592592592593 0.5138888888888888 0.5231481481481481 0.5254629629629629 0.5347222222222222 0.5300925925925926 0.5439814814814815 0.5300925925925926 0.5555555555555556 0.5324074074074074 0.5578703703703703 0.5324074074074074 0.5671296296296297 0.5300925925925926 0.5717592592592593 0.5347222222222222 0.5763888888888888 0.6087962962962963 0.5763888888888888 0.6111111111111112 0.5740740740740741 0.6111111111111112 0.5555555555555556 0.6134259259259259 0.5532407407407407 0.6620370370370371 0.5555555555555556 0.6666666666666666 0.5601851851851852 0.6666666666666666 0.5740740740740741 0.6712962962962963 0.5787037037037037 0.6759259259259259 0.5763888888888888 0.7129629629629629 0.5763888888888888 0.7152777777777778 0.5740740740740741 0.7222222222222222 0.5740740740740741 0.7314814814814815 0.5694444444444444 0.7430555555555556 0.5555555555555556 0.7962962962962963 0.5555555555555556 0.7986111111111112 0.5578703703703703 0.7986111111111112 0.5671296296296297 0.7962962962962963 0.5717592592592593 0.7870370370370371 0.5833333333333334 0.7800925925925926 0.5856481481481481 0.7731481481481481 0.5925925925925926 0.7638888888888888 0.5972222222222222 0.7592592592592593 0.5972222222222222 0.7476851851851852 0.6041666666666666 0.7337962962962963 0.6041666666666666 0.7314814814814815 0.6064814814814815 0.6712962962962963 0.6064814814814815 0.6643518518518519 0.6111111111111112 0.6643518518518519 0.6273148148148148 0.6504629629629629 0.6296296296296297 0.6481481481481481 0.6319444444444444 0.6319444444444444 0.6319444444444444 0.6296296296296297 0.6296296296296297 0.6203703703703703 0.6296296296296297 0.6157407407407407 0.6273148148148148 0.6111111111111112 0.6226851851851852 0.6111111111111112 0.6111111111111112 0.6041666666666666 0.6064814814814815 0.5347222222222222 0.6064814814814815 0.5300925925925926 0.6111111111111112 0.5300925925925926 0.6273148148148148 0.5254629629629629 0.6296296296296297 0.5162037037037037 0.6296296296296297 0.5138888888888888 0.6319444444444444 0.4837962962962963 0.6296296296296297 0.4791666666666667 0.625 0.4791666666666667 0.6087962962962963 0.47453703703703703 0.6041666666666666 0.4699074074074074 0.6064814814814815 0.4212962962962963 0.6064814814814815 0.41898148148148145 0.6041666666666666 0.4074074074074074 0.6041666666666666 0.3888888888888889 0.5972222222222222 0.3819444444444444 0.5972222222222222 0.3773148148148148 0.5925925925925926 0.36574074074074076 0.5879629629629629 0.35185185185185186 0.5740740740740741 0.3472222222222222 0.5625 0.3472222222222222 0.5462962962962963 0.34953703703703703 0.5439814814814815 0.34953703703703703 0.5393518518518519 0.3587962962962963 0.5300925925925926 0.3587962962962963 0.5277777777777778 0.3680555555555556 0.5208333333333334 0.39814814814814814 0.5069444444444444 0.4212962962962963 0.5046296296296297 0.4236111111111111 0.5023148148148148 0.4537037037037037 0.5023148148148148
0 0.8865740740740741 0.5486111111111112 0.8888888888888888 0.5509259259259259 0.9305555555555556 0.5509259259259259 0.9328703703703703 0.5532407407407407 0.9375 0.5532407407407407 0.9444444444444444 0.5578703703703703 0.9444444444444444 0.5694444444444444 0.9467592592592593 0.5717592592592593 0.9560185185185185 0.5717592592592593 0.9583333333333334 0.5740740740740741 0.9675925925925926 0.5740740740740741 0.9699074074074074 0.5717592592592593 0.9861111111111112 0.5694444444444444 0.9976851851851852 0.5601851851851852 0.9976851851851852 0.6018518518518519 0.9861111111111112 0.6018518518518519 0.9837962962962963 0.6041666666666666 0.9745370370370371 0.6041666666666666 0.9722222222222222 0.6018518518518519 0.9421296296296297 0.6041666666666666 0.9398148148148148 0.6064814814814815 0.9398148148148148 0.6180555555555556 0.9421296296296297 0.6203703703703703 0.9398148148148148 0.625 0.9421296296296297 0.6273148148148148 0.9328703703703703 0.6504629629629629 0.9212962962962963 0.6597222222222222 0.9027777777777778 0.6689814814814815 0.8981481481481481 0.6689814814814815 0.8888888888888888 0.6736111111111112 0.8819444444444444 0.6736111111111112 0.8796296296296297 0.6759259259259259 0.8703703703703703 0.6759259259259259 0.8680555555555556 0.6782407407407407 0.8078703703703703 0.6782407407407407 0.8032407407407407 0.6828703703703703 0.8055555555555556 0.6851851851851852 0.8032407407407407 0.7129629629629629 0.7916666666666666 0.7291666666666666 0.7685185185185185 0.7430555555555556 0.7453703703703703 0.7476851851851852 0.7430555555555556 0.75 0.7337962962962963 0.75 0.7314814814814815 0.7523148148148148 0.7152777777777778 0.7523148148148148 0.7106481481481481 0.75 0.7037037037037037 0.7407407407407407 0.7013888888888888 0.7245370370370371 0.7060185185185185 0.7175925925925926 0.7152777777777778 0.7175925925925926 0.7337962962962963 0.7106481481481481 0.7453703703703703 0.6967592592592593 0.7453703703703703 0.6851851851851852 0.7361111111111112 0.6782407407407407 0.7152777777777778 0.6782407407407407 0.7106481481481481 0.6759259259259259 0.7060185185185185 0.6666666666666666 0.7060185185185185 0.6481481481481481 0.7129629629629629 0.6435185185185185 0.7175925925925926 0.6435185185185185 0.7199074074074074 0.6458333333333334 0.7407407407407407 0.6458333333333334 0.7453703703703703 0.6412037037037037 0.7453703703703703 0.6180555555555556 0.75 0.6064814814814815 0.7546296296296297 0.6018518518518519 0.7685185185185185 0.5995370370370371 0.7754629629629629 0.5925925925925926 0.7893518518518519 0.5856481481481481 0.7986111111111112 0.5763888888888888 0.8055555555555556 0.5763888888888888 0.8078703703703703 0.5740740740740741 0.8287037037037037 0.5740740740740741 0.8310185185185185 0.5717592592592593 0.8356481481481481 0.5740740740740741 0.8425925925925926 0.5740740740740741 0.8449074074074074 0.5717592592592593 0.8611111111111112 0.5717592592592593 0.8634259259259259 0.5740740740740741 0.8703703703703703 0.5740740740740741 0.8773148148148148 0.5671296296296297 0.875 0.5625 0.8773148148148148 0.5509259259259259 0.8842592592592593 0.5486111111111112
4 0.8611111111111112 0.41898148148148145 0.8634259259259259 0.4212962962962963 0.8796296296296297 0.4212962962962963 0.8819444444444444 0.4236111111111111 0.8888888888888888 0.4236111111111111 0.8912037037037037 0.42592592592592593 0.9027777777777778 0.42824074074074076 0.9236111111111112 0.4398148148148148 0.9375 0.45601851851851855 0.9375 0.46296296296296297 0.9398148148148148 0.4652777777777778 0.9398148148148148 0.4837962962962963 0.9375 0.48842592592592593 0.9421296296296297 0.49537037037037035 0.9976851851851852 0.4976851851851852 0.9976851851851852 0.5347222222222222 0.9884259259259259 0.5277777777777778 0.9768518518518519 0.5231481481481481 0.9583333333333334 0.5231481481481481 0.9560185185185185 0.5254629629629629 0.9467592592592593 0.5254629629629629 0.9421296296296297 0.5231481481481481 0.9375 0.5300925925925926 0.9375 0.5462962962962963 0.9351851851851852 0.5486111111111112 0.8935185185185185 0.5486111111111112 0.8912037037037037 0.5462962962962963 0.8773148148148148 0.5462962962962963 0.8703703703703703 0.5416666666666666 0.8703703703703703 0.5277777777777778 0.8657407407407407 0.5231481481481481 0.8055555555555556 0.5231481481481481 0.8009259259259259 0.5277777777777778 0.8032407407407407 0.5439814814814815 0.7939814814814815 0.5486111111111112 0.7523148148148148 0.5486111111111112 0.75 0.5462962962962963 0.7430555555555556 0.5462962962962963 0.7407407407407407 0.5439814814814815 0.7407407407407407 0.5277777777777778 0.7361111111111112 0.5231481481481481 0.7060185185185185 0.5231481481481481 0.7037037037037037 0.5254629629629629 0.6921296296296297 0.5254629629629629 0.6898148148148148 0.5277777777777778 0.6851851851851852 0.5277777777777778 0.6759259259259259 0.5324074074074074 0.6643518518518519 0.5486111111111112 0.6157407407407407 0.5486111111111112 0.6134259259259259 0.5462962962962963 0.6134259259259259 0.5347222222222222 0.6226851851851852 0.5208333333333334 0.6481481481481481 0.5046296296296297 0.6620370370370371 0.5023148148148148 0.6643518518518519 0.5 0.6736111111111112 0.5 0.6759259259259259 0.4976851851851852 0.7384259259259259 0.49537037037037035 0.7407407407407407 0.4930555555555556 0.7430555555555556 0.46064814814814814 0.75 0.44907407407407407 0.7638888888888888 0.4375 0.7777777777777778 0.4305555555555556 0.7824074074074074 0.4305555555555556 0.7916666666666666 0.42592592592592593 0.7986111111111112 0.42592592592592593 0.8009259259259259 0.4236111111111111 0.8101851851851852 0.4236111111111111 0.8125 0.4212962962962963 0.8587962962962963 0.41898148148148145
11 0 0.749 0.003108347222222222 0.7517499999999999 0.0039964467592592595 0.75475 0.0026642986111111108 0.76175 0.003552398148148148 0.7799999999999999 0.010213143518518519 0.78775 0.025754884259259262 0.7935 0.032859680555555555 0.79475 0.03596802777777778 0.7939999999999999 0.040852576388888895 0.7965000000000001 0.0532859675925926 0.799 0.06127886342592593 0.7995 0.09991118981481481 0.799 0.11944937731481481 0.7972499999999999 0.126110125 0.79875 0.14031971527777778 0.7985 0.14831261111111113 0.7967500000000001 0.15674955555555556 0.7985 0.18561278935185185 0.7979999999999999 0.19005328703703703 0.7967500000000001 0.19538188194444445 0.7975 0.19982237962962962 0.7967500000000001 0.22735346296296297 0.7972499999999999 0.23179396064814814 0.796 0.2384547060185185 0.7975 0.24555950231481483 0.796 0.25399644675925925 0.7969999999999999 0.2930728240740741 0.79625 0.29662522222222226 0.796 0.30062166898148146 0.79425 0.30950266435185186 0.7957500000000001 0.5190941388888889 0.7935 0.5475133217592593 0.79175 0.5515097685185185 0.79075 0.5719360578703704 0.792 0.6003552407407406 0.792 0.8143872106481481 0.7865 0.8348135 0.7869999999999999 0.8374777986111112 0.78625 0.8632326828703704 0.7865 0.8667850810185186 0.7855 0.8792184722222223 0.78525 0.8898756666666666 0.786 0.9880106574074075 0.7839999999999999 0.9946714027777778 0.7829999999999999 0.9973357013888888 0.7792500000000001 0.9968916527777778 0.76425 0.999555951388889 0.75925 0.999555951388889 0.1935 0.9968916527777778 0.18775 0.9951154537037037 0.17475000000000002 0.9964476018518519 0.17275 0.9951154537037037 0.16875 0.9964476018518519 0.16575 0.9951154537037037 0.1615 0.9964476018518519 0.1595 0.9960035532407407 0.14325 0.9928952037037037 0.14049999999999999 0.9960035532407407 0.13725 0.9946714027777778 0.1345 0.9955595023148148 0.10875 0.9942273541666666 0.1075 0.9928952037037037 0.11125 0.9897868564814815 0.11224999999999999 0.9844582592592593 0.112 0.9817939606481482 0.10475000000000001 0.9822380115740741 0.10025 0.978685613425926 0.09675 0.9742451157407408 0.09399999999999999 0.8516873888888888 0.09325 0.8428063935185185 0.0945 0.8383658958333333 0.093 0.831705150462963 0.0945 0.810390763888889 0.0945 0.8077264652777778 0.09525 0.7859680277777777 0.09425 0.7788632337962963 0.0945 0.7761989351851852 0.09574999999999999 0.772646537037037 0.0945 0.7584369444444445 0.09399999999999999 0.7198046180555556 0.095 0.7095914745370371 0.09399999999999999 0.7042628773148147 0.09574999999999999 0.6998223796296296 0.09275 0.6820603912037037 0.0945 0.6785079930555555 0.093 0.6651865 0.09375 0.6380994675925926 0.09175000000000001 0.6341030185185185 0.09399999999999999 0.6301065717592592 0.093 0.626998224537037 0.09399999999999999 0.6163410300925926 0.09425 0.6136767314814814 0.09350000000000001 0.5461811712962963 0.093 0.5430728240740741 0.09399999999999999 0.03596802777777778 0.10149999999999999 0.011989342592592591 0.10225 0.0039964467592592595 0.11224999999999999 0.005772645833333334 0.11675 0.003552398148148148 0.11925 0.0039964467592592595 0.12725 0.007548844907407408 0.13 0.0039964467592592595 0.133 0.003552398148148148 0.1485 0.0062166967592592595 0.15725 0.003108347222222222 0.16575 0.003108347222222222 0.16999999999999998 0.004884546296296296 0.17149999999999999 0.003552398148148148 0.17900000000000002 0.004884546296296296 0.18325 0.00888099537037037 0.1845 0.009325043981481483 0.18666675 0.004884546296296296 0.18875 0.0053285972222222215 0.19275 0 0.21125000000000002 0 0.749
12 1 0.088405 0 0.088405 0 0.19114 1 0.19114 1 0.088405
13 0.4076376550925926 0.264 0.4356127893518518 0.2645 0.4484902314814815 0.2585 0.45293072916666666 0.25325 0.4547069282407407 0.2445 0.45159857870370373 0.23575 0.44582593287037037 0.23049999999999998 0.43516873842592596 0.22624999999999998 0.41740675 0.22449999999999998 0.4036412083333334 0.2265 0.3903197152777778 0.233 0.38454706944444444 0.241 0.3854351689814815 0.2515 0.3885435162037037 0.2555 0.39742451157407405 0.2615 0.4076376550925926 0.264
13 0.6891651875 0.2625 0.6993783310185185 0.26425000000000004 0.706483125 0.263 0.7202486689814814 0.258 0.7282415624999999 0.25125000000000003 0.7304618125 0.24025 0.727353462962963 0.231 0.7131438726851852 0.22425 0.6958259328703704 0.222 0.6793960925925927 0.22475 0.666962699074074 0.23149999999999998 0.6625222013888888 0.23800000000000002 0.6611900532407406 0.2445 0.664298400462963 0.25225 0.6722912962962964 0.257 0.6891651875 0.2625
13 0.8259325046296296 0.34025 0.8383658958333333 0.34075 0.8512433402777778 0.3385 0.8592362337962962 0.33299999999999996 0.8658969814814815 0.3245 0.8667850810185186 0.31675000000000003 0.8650088819444444 0.31024999999999997 0.8556838356481481 0.30275 0.8454706921296297 0.2995 0.8285968032407408 0.29974999999999996 0.8139431620370371 0.3025 0.8015097685185185 0.3105 0.7988454699074075 0.31425 0.7979573703703703 0.32225 0.8019538194444444 0.32949999999999996 0.8134991111111112 0.33575000000000005 0.8259325046296296 0.34025
13 0.9511545300925925 0.41424999999999995 0.9631438726851852 0.41625 0.9809058611111111 0.41550000000000004 0.9902309050925925 0.41200000000000003 0.9973357013888888 0.40625 0.999555951388889 0.40575 0.999555951388889 0.386 0.9920071041666667 0.38 0.9871225578703703 0.37775 0.9729129652777778 0.3755 0.957371224537037 0.3765 0.9498223796296296 0.3785 0.9404973356481482 0.38275000000000003 0.9347246898148148 0.39025 0.9333925393518518 0.39849999999999997 0.9351687384259258 0.40475 0.9422735347222222 0.4115 0.9511545300925925 0.41424999999999995
13 0.5532859675925926 0.342 0.5643872106481482 0.34325 0.5839254004629629 0.33925000000000005 0.5896980462962963 0.3355 0.5928063935185185 0.3315 0.5954706921296297 0.325 0.5941385439814815 0.316 0.5888099467592592 0.30874999999999997 0.5781527523148148 0.303 0.5657193611111111 0.30124999999999996 0.5546181180555555 0.302 0.543516875 0.30450000000000005 0.5324156296296296 0.31024999999999997 0.5270870347222222 0.31475000000000003 0.5253108356481482 0.3185 0.5257548842592593 0.328 0.5328596805555555 0.335 0.5430728240740741 0.33949999999999997 0.5532859675925926 0.342
13 0.2717584375 0.34450000000000003 0.2824156296296296 0.34600000000000003 0.3001776203703703 0.345 0.30950266435185186 0.34175 0.3179396087962963 0.33575000000000005 0.3228241574074074 0.32825 0.3219360578703704 0.32075 0.31039076388888887 0.30874999999999997 0.3001776203703703 0.3055 0.2864120787037037 0.30375 0.2788632337962963 0.304 0.2624333935185185 0.30800000000000005 0.2544404976851852 0.31375 0.250888099537037 0.31925 0.250888099537037 0.328 0.2544404976851852 0.33599999999999997 0.2619893425925926 0.34125 0.2717584375 0.34450000000000003
13 0.13765541666666667 0.42324999999999996 0.15630550694444445 0.42624999999999996 0.1647424513888889 0.42525 0.1793960925925926 0.41925 0.18428063888888888 0.416 0.18916518750000003 0.40850000000000003 0.18827708796296297 0.40075 0.18339253935185185 0.39375 0.1749555949074074 0.388 0.1647424513888889 0.385 0.14342806481481482 0.3845 0.13365896990740742 0.387 0.123889875 0.3925 0.11856127777777778 0.40049999999999997 0.11856127777777778 0.40825 0.1212255763888889 0.41275 0.12833037268518518 0.4195 0.13765541666666667 0.42324999999999996
13 0.4205150972222222 0.423 0.4356127893518518 0.423 0.44182948379629633 0.42050000000000004 0.44937833101851854 0.4195 0.4604795740740741 0.411 0.4626998217592593 0.40175000000000005 0.458703375 0.39375 0.45293072916666666 0.388 0.4449378333333333 0.38375 0.4391651875 0.38225000000000003 0.4236234467592592 0.3815 0.4138543518518518 0.38325 0.39875665972222224 0.38999999999999996 0.39342806481481485 0.3975 0.39342806481481485 0.40575 0.3978685601851852 0.4125 0.4080817060185185 0.41925 0.4205150972222222 0.423
13 0.6922735347222222 0.4185 0.7007104791666667 0.4195 0.7135879212962963 0.41725 0.7264653634259259 0.41225 0.7309058611111111 0.408 0.7326820601851851 0.40025 0.7295737129629629 0.38875 0.7229129652777778 0.38325 0.706483125 0.37875000000000003 0.6913854351851852 0.37875000000000003 0.6767317939814815 0.3825 0.6705150972222222 0.38649999999999995 0.6638543518518518 0.39525 0.664298400462963 0.4035 0.668294849537037 0.4075 0.6753996458333333 0.4125 0.6922735347222222 0.4185
13 0.8241563055555555 0.49175 0.8401420949074074 0.49175 0.8490230902777779 0.49074999999999996 0.8641207824074074 0.4845 0.8694493773148148 0.47800000000000004 0.8694493773148148 0.46925 0.8658969814814815 0.46149999999999997 0.8565719351851853 0.45575 0.8450266435185185 0.45249999999999996 0.8383658958333333 0.452 0.8174955601851851 0.4555 0.8086145648148148 0.464 0.8059502662037038 0.47 0.8055062175925926 0.47875 0.8072824166666668 0.4845 0.810390763888889 0.48775 0.8241563055555555 0.49175
13 0.5595026643518518 0.49624999999999997 0.5746003541666667 0.49624999999999997 0.5852575486111111 0.49375 0.5910301944444444 0.49125 0.6003552407407406 0.4845 0.6025754884259259 0.4755 0.5999111898148148 0.46974999999999995 0.5892539953703704 0.46149999999999997 0.5781527523148148 0.45749999999999996 0.5639431620370371 0.4565 0.5506216689814815 0.45875 0.5364120787037037 0.46499999999999997 0.5319715810185185 0.4715 0.5319715810185185 0.481 0.5381882777777778 0.48850000000000005 0.5461811712962963 0.4925 0.5595026643518518 0.49624999999999997
13 0.2859680277777778 0.49974999999999997 0.29662522222222226 0.501 0.31039076388888887 0.49974999999999997 0.3219360578703704 0.49525 0.33259325 0.48775 0.3312611018518518 0.474 0.32859680324074075 0.4705 0.3237122546296296 0.466 0.3108348125 0.46099999999999997 0.290408525462963 0.4605 0.27220248611111114 0.464 0.2650976898148148 0.46925 0.26110124305555554 0.47600000000000003 0.26110124305555554 0.48425 0.2633214930555556 0.488 0.2748667847222222 0.49574999999999997 0.2859680277777778 0.49974999999999997
13 0.13632326851851853 0.573 0.15763765509259262 0.57875 0.16918294907407408 0.579 0.17406749537037036 0.578 0.19316163425925925 0.5785 0.19538188194444445 0.5775 0.19715808101851853 0.5652499999999999 0.19582593287037037 0.55425 0.18960923611111113 0.546 0.17850799305555556 0.54 0.17051509722222222 0.53775 0.15763765509259262 0.53625 0.14653641203703704 0.53725 0.13721136805555556 0.5395 0.12788632407407408 0.5475 0.12433392592592592 0.5535 0.12566607407407407 0.56075 0.13010657175925924 0.56825 0.13632326851851853 0.573
13 0.41429840046296296 0.5715 0.4320603912037037 0.57525 0.4387211365740741 0.57525 0.4547069282407407 0.573 0.4675843703703703 0.574 0.4738010648148148 0.5735 0.4764653634259259 0.5720000000000001 0.4786856134259259 0.56025 0.477353462962963 0.54725 0.4698046180555555 0.53975 0.45293072916666666 0.53225 0.44582593287037037 0.53275 0.4422735347222222 0.5317500000000001 0.4249555949074074 0.53325 0.4147424513888889 0.5365 0.4067495555555556 0.54125 0.4009769097222222 0.5465 0.39964475925925924 0.5495 0.39920071064814816 0.5569999999999999 0.4009769097222222 0.56075 0.4067495555555556 0.56675 0.41429840046296296 0.5715
13 0.7060390763888889 0.56875 0.7166962708333334 0.5665 0.7260213148148148 0.56175 0.7349023101851851 0.55125 0.7366785069444445 0.547 0.7317939606481482 0.539 0.7269094143518517 0.535 0.7189165185185185 0.53225 0.706483125 0.5307499999999999 0.6820603912037037 0.53275 0.6753996458333333 0.53725 0.6687388981481481 0.5465 0.6696269976851852 0.554 0.6749555949074074 0.5597500000000001 0.6891651875 0.5675 0.7060390763888889 0.56875
13 0.9498223796296296 0.56775 0.9680284189814815 0.56825 0.9813499120370369 0.566 0.9862344583333333 0.56425 0.9942273541666666 0.55875 0.999555951388889 0.5505 0.999555951388889 0.54125 0.9915630555555555 0.53275 0.9831261111111111 0.5287499999999999 0.9760213148148148 0.5275 0.9489342800925926 0.5285000000000001 0.9413854351851852 0.53275 0.939609236111111 0.53925 0.9387211365740741 0.55025 0.9467140324074074 0.5569999999999999 0.9480461805555556 0.56575 0.9498223796296296 0.56775
13 0.8241563055555555 0.64225 0.8374777986111112 0.6425 0.8494671412037037 0.6409999999999999 0.8587921851851852 0.638 0.8694493773148148 0.62975 0.8721136759259259 0.6234999999999999 0.8721136759259259 0.61725 0.8694493773148148 0.6097499999999999 0.8645648310185186 0.6075 0.853019537037037 0.606 0.8445825925925926 0.60575 0.8343694490740741 0.60725 0.8268206041666667 0.6092500000000001 0.8174955601851851 0.61375 0.810390763888889 0.619 0.8077264652777778 0.62275 0.8077264652777778 0.6335000000000001 0.8108348125 0.6385 0.8174955601851851 0.64125 0.8241563055555555 0.64225
13 0.5719360578703704 0.646 0.5848135 0.6435000000000001 0.5928063935185185 0.63975 0.6007992893518519 0.63225 0.6012433402777778 0.62425 0.5972468912037037 0.6162500000000001 0.5914742453703704 0.61175 0.581705150462963 0.60875 0.564831261574074 0.60875 0.5501776203703703 0.6115 0.542628775462963 0.61575 0.5390763773148148 0.61975 0.5381882777777778 0.6232500000000001 0.5381882777777778 0.62975 0.5466252222222222 0.63975 0.559946712962963 0.64525 0.5719360578703704 0.646
13 0.293516875 0.6487499999999999 0.31039076388888887 0.65 0.3241563055555556 0.6475000000000001 0.32815275231481483 0.64525 0.33570159953703704 0.6365000000000001 0.33658969907407404 0.6267499999999999 0.33214920138888887 0.618 0.32593250462962964 0.615 0.30728241666666667 0.611 0.29973356944444446 0.61075 0.2797513310185185 0.6164999999999999 0.2713143865740741 0.62175 0.26865008796296297 0.6269999999999999 0.26865008796296297 0.6332500000000001 0.27397868518518514 0.6417499999999999 0.27930728240740743 0.645 0.293516875 0.6487499999999999
13 0.4258436944444444 0.7202500000000001 0.4316163402777778 0.72125 0.45115453009259254 0.72125 0.4600355231481481 0.7200000000000001 0.4720248657407407 0.715 0.48046181250000003 0.7065 0.47912966203703705 0.7042499999999999 0.48046181250000003 0.69825 0.477353462962963 0.6887500000000001 0.4729129652777778 0.6892499999999999 0.45426287731481485 0.6857500000000001 0.43072824074074073 0.6857500000000001 0.42184724768518517 0.68675 0.41030195370370365 0.6859999999999999 0.40630550694444445 0.6875 0.4045293078703704 0.69125 0.4040852569444444 0.7045 0.40719360648148145 0.7104999999999999 0.41785079861111113 0.71775 0.4258436944444444 0.7202500000000001
13 0.7033747777777778 0.71625 0.7198046180555556 0.7142499999999999 0.7309058611111111 0.7095 0.7380106574074075 0.7045 0.7411190046296297 0.7005 0.7424511550925926 0.69225 0.7411190046296297 0.68825 0.7340142106481481 0.68325 0.7233570162037037 0.6817500000000001 0.7055950277777777 0.67675 0.6891651875 0.6799999999999999 0.6816163402777777 0.68375 0.6753996458333333 0.68725 0.6714031967592592 0.6950000000000001 0.6709591481481482 0.6995 0.6780639421296297 0.7085 0.690053287037037 0.7135 0.7033747777777778 0.71625