10 0.6666666666666666 0.4675925925925926 0.6712962962962963 0.4722222222222222 0.6712962962962963 0.48148148148148145 0.6689814814814815 0.4861111111111111 0.6643518518518519 0.48842592592592593 0.6550925925925926 0.48842592592592593 0.6412037037037037 0.4976851851851852 0.6412037037037037 0.5162037037037037 0.6527777777777778 0.5208333333333334 0.6689814814814815 0.5208333333333334 0.6712962962962963 0.5254629629629629 0.6712962962962963 0.5370370370370371 0.6689814814814815 0.5393518518518519 0.6458333333333334 0.5393518518518519 0.6412037037037037 0.5439814814814815 0.6412037037037037 0.5555555555555556 0.6203703703703703 0.5555555555555556 0.6180555555555556 0.5578703703703703 0.6041666666666666 0.5555555555555556 0.6041666666666666 0.5439814814814815 0.5995370370370371 0.5393518518518519 0.5763888888888888 0.5393518518518519 0.5740740740740741 0.5416666666666666 0.5717592592592593 0.5393518518518519 0.5671296296296297 0.5393518518518519 0.5648148148148148 0.5416666666666666 0.5486111111111112 0.5416666666666666 0.5462962962962963 0.5439814814814815 0.5462962962962963 0.5509259259259259 0.5416666666666666 0.5578703703703703 0.5115740740740741 0.5578703703703703 0.5092592592592593 0.5555555555555556 0.5092592592592593 0.5462962962962963 0.5023148148148148 0.5393518518518519 0.4976851851851852 0.5416666666666666 0.4675925925925926 0.5416666666666666 0.4652777777777778 0.5393518518518519 0.44675925925925924 0.5370370370370371 0.4305555555555556 0.5300925925925926 0.4212962962962963 0.5231481481481481 0.41435185185185186 0.5115740740740741 0.41435185185185186 0.4976851851851852 0.4166666666666667 0.4930555555555556 0.4351851851851852 0.47685185185185186 0.4398148148148148 0.47685185185185186 0.44907407407407407 0.4722222222222222 0.45601851851851855 0.4722222222222222 0.4583333333333333 0.4699074074074074 0.4675925925925926 0.4699074074074074 0.4699074074074074 0.4675925925925926 0.49074074074074076 0.4675925925925926 0.4930555555555556 0.4699074074074074 0.5046296296296297 0.4699074074074074 0.5069444444444444 0.4722222222222222 0.5185185185185185 0.47453703703703703 0.5370370370370371 0.4861111111111111 0.5439814814814815 0.4976851851851852 0.5439814814814815 0.5138888888888888 0.5509259259259259 0.5208333333333334 0.5972222222222222 0.5208333333333334 0.6018518518518519 0.5162037037037037 0.6018518518518519 0.4976851851851852 0.6111111111111112 0.4837962962962963 0.6342592592592593 0.4722222222222222 0.6412037037037037 0.4722222222222222 0.6527777777777778 0.4675925925925926 0.6643518518518519 0.4675925925925926
11 0.009325043981481483 0.366 0.014209592592592591 0.375 0.011545293981481483 0.38299999999999995 0.014209592592592591 0.38575000000000004 0.013321493055555555 0.38875 0.00888099537037037 0.38925000000000004 0.007548844907407408 0.3905 0.010213143518518519 0.41325 0.007548844907407408 0.42175 0.008436944444444445 0.425 0.01554174074074074 0.4235 0.017317939814814814 0.42624999999999996 0.01554174074074074 0.42974999999999997 0.011545293981481483 0.431 0.010213143518518519 0.43300000000000005 0.010213143518518519 0.4395 0.011989342592592591 0.44225 0.008436944444444445 0.44575 0.008436944444444445 0.44899999999999995 0.011545293981481483 0.453 0.01554174074074074 0.451 0.016429840277777778 0.4515 0.01909413888888889 0.45625 0.014653641203703703 0.4635 0.017761988425925926 0.46625 0.016429840277777778 0.4755 0.019982238425925926 0.484 0.01820603935185185 0.48825 0.02220248611111111 0.49025 0.021314386574074074 0.49175 0.023090585648148147 0.494 0.01687388888888889 0.5015 0.013321493055555555 0.50175 0.011989342592592591 0.5005000000000001 0.010657194444444443 0.50125 0.011989342592592591 0.5075000000000001 0.017317939814814814 0.50675 0.01909413888888889 0.51025 0.016429840277777778 0.515 0.011989342592592591 0.515 0.012433393518518519 0.52025 0.015097689814814816 0.52125 0.01820603935185185 0.6555 0.02797513425925926 0.6652499999999999 0.023978685185185183 0.66725 0.02220248611111111 0.671 0.023978685185185183 0.6775 0.01909413888888889 0.68075 0.018650087962962966 0.6825 0.023090585648148147 0.6857500000000001 0.027087034722222222 0.68675 0.03152753009259259 0.6862499999999999 0.03596802777777778 0.69 0.03419182870370371 0.69275 0.041740675925925924 0.693 0.04973356944444445 0.69675 0.0484014212962963 0.69925 0.04928952083333333 0.7065 0.047069270833333336 0.70925 0.045293071759259264 0.7102499999999999 0.039520425925925924 0.7095 0.0364120787037037 0.7115 0.032415629629629635 0.70925 0.032415629629629635 0.71175 0.030639430555555555 0.7135 0.028863233796296295 0.71325 0.030639430555555555 0.718 0.0266429837962963 0.72675 0.02841918287037037 0.735 0.032859680555555555 0.739 0.03774422685185185 0.73675 0.039520425925925924 0.7375 0.041296625 0.73575 0.047957370370370365 0.73625 0.054174067129629626 0.739 0.05239786805555555 0.74525 0.05506216666666667 0.7494999999999999 0.04973356944444445 0.75325 0.04662522222222222 0.75075 0.045737122685185184 0.7517499999999999 0.04928952083333333 0.7589999999999999 0.0532859675925926 0.76075 0.05728241666666666 0.76075 0.05994671296296296 0.75925 0.07326820601851852 0.76175 0.08570159953703704 0.76075 0.09236234490740741 0.7587499999999999 0.09547069212962962 0.7595 0.09857904166666666 0.7582500000000001 0.10879218518518519 0.75725 0.11500888194444443 0.753 0.11944937731481481 0.7545000000000001 0.12833037268518518 0.754 0.13676731712962964 0.7519999999999999 0.1385435162037037 0.74975 0.14253996527777776 0.7484999999999999 0.1505328587962963 0.7505000000000001 0.16696269907407407 0.751 0.17140319675925927 0.75225 0.18916518750000003 0.753 0.19538188194444445 0.7515000000000001 0.20603907638888888 0.75325 0.22690941435185186 0.7519999999999999 0.2353463587962963 0.7505000000000001 0.2482238009259259 0.7525 0.26598578935185185 0.7512500000000001 0.27575488425925926 0.7519999999999999 0.28063943055555557 0.75075 0.2895204259259259 0.75225 0.2939609236111111 0.7517499999999999 0.29662522222222226 0.7527499999999999 0.31927175925925927 0.7512500000000001 0.3272646527777778 0.7525 0.35035524074074076 0.7517499999999999 0.3712255763888889 0.7527499999999999 0.42406749537037036 0.751 0.43339253935185185 0.74975 0.44671403240740737 0.75025 0.4538188287037037 0.7515000000000001 0.4582593240740741 0.7505000000000001 0.4666962708333333 0.7512500000000001 0.5501776203703703 0.75 0.5697158078703703 0.7487499999999999 0.5879218472222222 0.7494999999999999 0.6087921851851852 0.7484999999999999 0.6443161643518519 0.749 0.6589698055555556 0.7487499999999999 0.666962699074074 0.7475 0.6705150972222222 0.7484999999999999 0.6736234467592593 0.7475 0.689609236111111 0.74775 0.6971580810185185 0.74625 0.6993783310185185 0.747 0.7206927175925926 0.74625 0.7300177615740742 0.745 0.7624333935185185 0.7454999999999999 0.7668738888888889 0.7442500000000001 0.7739786851851852 0.7454999999999999 0.8041740671296296 0.74525 0.8143872106481481 0.744 0.8174955601851851 0.74525 0.856127886574074 0.7414999999999999 0.8627886319444444 0.7375 0.8672291296296296 0.73775 0.876998224537037 0.72975 0.8841030185185185 0.7272500000000001 0.8876554166666666 0.7167500000000001 0.8867673171296296 0.71475 0.8912078148148148 0.71325 0.8929840138888889 0.70675 0.8903197152777778 0.7030000000000001 0.8925399652777778 0.70175 0.8916518657407407 0.697 0.8925399652777778 0.69475 0.893872113425926 0.69475 0.8943161643518519 0.68975 0.893872113425926 0.6875 0.8903197152777778 0.68525 0.8849911180555556 0.67825 0.8876554166666666 0.67525 0.8863232685185186 0.6735 0.8907637662037038 0.6719999999999999 0.8894316157407408 0.6665 0.8912078148148148 0.6575000000000001 0.8867673171296296 0.6505000000000001 0.8880994675925926 0.6487499999999999 0.8880994675925926 0.6335000000000001 0.8863232685185186 0.6275 0.8880994675925926 0.6215 0.8885435162037036 0.60575 0.8863232685185186 0.6012500000000001 0.8907637662037038 0.5882499999999999 0.8885435162037036 0.56975 0.8903197152777778 0.5675 0.8898756666666666 0.56375 0.8858792175925926 0.556 0.8885435162037036 0.5225 0.8845470694444444 0.40775 0.8827708703703704 0.405 0.8841030185185185 0.40175000000000005 0.8841030185185185 0.38 0.8818827708333333 0.37025 0.8836589699074074 0.366 0.8809946712962963 0.3095 0.8801065717592592 0.305 0.8765541736111111 0.3 0.8778863240740741 0.29675 0.8752220254629629 0.29025 0.875666074074074 0.28625 0.8712255763888889 0.28075 0.8681172291666667 0.2795 0.8698934282407408 0.276 0.8672291296296296 0.27275 0.8592362337962962 0.26425000000000004 0.8556838356481481 0.26225 0.8521314398148149 0.2615 0.8472468912037037 0.2625 0.8454706921296297 0.26 0.8348135 0.2595 0.8312611018518519 0.256 0.8246003541666667 0.25475000000000003 0.8112788634259259 0.25625000000000003 0.7952930717592592 0.2535 0.7917406759259259 0.25425 0.7650976898148149 0.25375000000000003 0.7415630555555555 0.258 0.7242451157407408 0.25525 0.7051509768518519 0.2555 0.7002664305555556 0.25475000000000003 0.6887211365740741 0.2555 0.6842806388888889 0.25675 0.6629662523148149 0.25475000000000003 0.5852575486111111 0.25575 0.5759325046296296 0.259 0.5701598587962963 0.259 0.5679396087962962 0.257 0.5639431620370371 0.256 0.5461811712962963 0.25825 0.5444049722222223 0.25925 0.542628775462963 0.25925 0.5399644768518519 0.257 0.4711367662037037 0.25825 0.4600355231481481 0.2575 0.456483125 0.2595 0.44937833101851854 0.26125 0.43516873842592596 0.262 0.4302841921296296 0.2615 0.42850799305555554 0.25825 0.42095914814814817 0.2585 0.416074599537037 0.26175 0.41119005324074076 0.26075000000000004 0.4045293078703704 0.26325 0.39564831250000004 0.2615 0.3885435162037037 0.263 0.38188277083333333 0.26175 0.36944937731481486 0.262 0.3650088819444445 0.26325 0.3441385439814815 0.26225 0.3419182939814815 0.2605 0.3348135 0.2625 0.3241563055555556 0.2625 0.32015985879629627 0.2635 0.31394316203703704 0.261 0.30950266435185186 0.26075000000000004 0.30195381944444444 0.26325 0.3001776203703703 0.26225 0.29662522222222226 0.26225 0.2930728240740741 0.264 0.28907637731481484 0.26325 0.2864120787037037 0.26125 0.27797513425925924 0.26225 0.2135879212962963 0.262 0.20959147453703703 0.26125 0.206483125 0.263 0.18872113657407408 0.262 0.18206039120370368 0.2645 0.17406749537037036 0.26325 0.1651865 0.265 0.1580817060185185 0.2635 0.15097690972222222 0.26375 0.13987566666666668 0.266 0.1332149189814815 0.2655 0.1309946712962963 0.2675 0.11900532870370371 0.268 0.11678508101851852 0.26925 0.10568383564814815 0.2675 0.10346358796296296 0.26825 0.0994671412037037 0.26725 0.08792184722222222 0.268 0.08392540046296296 0.266 0.0848135 0.26175 0.07682060416666667 0.26175 0.07149200694444445 0.26025 0.06127886342592593 0.2595 0.04440497222222222 0.2615 0.03330372916666667 0.26 0.011545293981481483 0.26075000000000004 0.00888099537037037 0.2635 0.004884546296296296 0.26475 0.0053285972222222215 0.335 0.007992895833333333 0.34525 0.010213143518518519 0.34800000000000003 0.009325043981481483 0.366
12 0 0.77537 0.1241651875 0.77537 0.1241651875 0.256135 0 0.256135 0 0.77537
13 0.36944937731481486 0.36000000000000004 0.38010657175925927 0.36074999999999996 0.38454706944444444 0.36000000000000004 0.39342806481481485 0.35725 0.39920071064814816 0.35325 0.4018650092592593 0.34525 0.39875665972222224 0.3385 0.39387211342592593 0.33425 0.38277087037037033 0.33125 0.3756660740740741 0.33075 0.36234458333333336 0.33299999999999996 0.355239787037037 0.3375 0.3521314398148148 0.342 0.3516873888888889 0.34875 0.355239787037037 0.3535 0.3592362337962963 0.35675 0.36944937731481486 0.36000000000000004
13 0.5612788634259259 0.35800000000000004 0.5777087037037036 0.35775 0.5901420949074074 0.34975 0.5923623449074074 0.34400000000000003 0.5892539953703704 0.335 0.5848135 0.332 0.5781527523148148 0.33025 0.5674955601851852 0.32825 0.5572824166666667 0.32949999999999996 0.5466252222222222 0.33425 0.543516875 0.33875 0.5430728240740741 0.34525 0.5466252222222222 0.35174999999999995 0.5537300185185186 0.356 0.5612788634259259 0.35800000000000004
13 0.6571936064814815 0.41000000000000003 0.6660745995370371 0.41074999999999995 0.6718472476851851 0.40975 0.6802841921296297 0.40700000000000003 0.6869449375000001 0.40275 0.6891651875 0.39349999999999996 0.6842806388888889 0.386 0.6789520416666667 0.38299999999999995 0.668294849537037 0.381 0.6509769097222221 0.38299999999999995 0.6456483125 0.3855 0.6420959143518518 0.389 0.6398756666666666 0.396 0.6434280648148147 0.40425 0.6478685601851851 0.40700000000000003 0.6571936064814815 0.41000000000000003
13 0.46314387268518514 0.41074999999999995 0.4702486689814815 0.41275 0.48134991203703703 0.413 0.4880106574074074 0.41175 0.4951154537037037 0.40775 0.49866785185185186 0.40275 0.499111900462963 0.3975 0.49378330324074077 0.38999999999999996 0.4880106574074074 0.38625000000000004 0.477353462962963 0.3845 0.4635879212962963 0.38525 0.4560390763888889 0.38875 0.45115453009259254 0.39375 0.4507104791666667 0.40225 0.45204262962962966 0.405 0.45515097685185185 0.408 0.46314387268518514 0.41074999999999995
13 0.29662522222222226 0.413 0.3068383657407407 0.40724999999999995 0.3090586134259259 0.40199999999999997 0.3077264652777778 0.39725 0.3001776203703703 0.3905 0.2930728240740741 0.3875 0.2784191828703704 0.38649999999999995 0.27220248611111114 0.388 0.2633214930555556 0.39225 0.2602131435185185 0.3965 0.26065719444444446 0.40599999999999997 0.27264653703703706 0.41375 0.2868561273148148 0.41475 0.29662522222222226 0.413
13 0.18783303703703705 0.46925 0.19982237962962962 0.46849999999999997 0.20603907638888888 0.467 0.2113676736111111 0.46425000000000005 0.21536412037037037 0.4585 0.21492007175925926 0.45025000000000004 0.2135879212962963 0.44775 0.20248667824074074 0.4425 0.1962699814814815 0.441 0.18206039120370368 0.4415 0.1749555949074074 0.4435 0.16696269907407407 0.4495 0.1656305509259259 0.45249999999999996 0.16651865046296296 0.45975 0.17584369444444445 0.4675 0.18783303703703705 0.46925
13 0.3872113680555555 0.4675 0.39387211342592593 0.466 0.4018650092592593 0.46149999999999997 0.40630550694444445 0.4565 0.4058614560185185 0.44975 0.4023090578703704 0.44575 0.39742451157407405 0.44199999999999995 0.38765541666666664 0.439 0.3743339259259259 0.43975000000000003 0.36811722916666667 0.44175000000000003 0.36234458333333336 0.44475000000000003 0.35834813425925927 0.45 0.3592362337962963 0.45975 0.36678508101851853 0.46499999999999997 0.37255772685185184 0.467 0.3872113680555555 0.4675
13 0.5670515092592593 0.46475 0.5746003541666667 0.46499999999999997 0.5839254004629629 0.46275 0.5928063935185185 0.45775 0.5954706921296297 0.45325 0.5932504444444445 0.44549999999999995 0.5883658958333333 0.44025 0.58259325 0.438 0.5728241574074074 0.43650000000000005 0.564831261574074 0.437 0.5550621666666666 0.4395 0.5501776203703703 0.44325000000000003 0.5479573703703703 0.44725 0.5475133217592593 0.45399999999999996 0.5492895208333333 0.45775 0.5608348125 0.4635 0.5670515092592593 0.46475
13 0.748223800925926 0.46075000000000005 0.7588809953703703 0.4625 0.7686500879629631 0.4625 0.7766429837962963 0.46025 0.7850799282407408 0.45425 0.7877442268518519 0.44899999999999995 0.7864120787037037 0.44125000000000003 0.7793072824074074 0.43575 0.772646537037037 0.434 0.7615452939814815 0.43324999999999997 0.7460035532407407 0.43575 0.7411190046296297 0.43849999999999995 0.7375666064814815 0.44325000000000003 0.7366785069444445 0.45 0.7384547060185185 0.453 0.7428952037037037 0.45825 0.748223800925926 0.46075000000000005
13 0.6678507986111112 0.51775 0.6714031967592592 0.51775 0.6829484907407407 0.514 0.6891651875 0.5095000000000001 0.6927175833333332 0.504 0.6931616342592593 0.50125 0.6904973356481482 0.496 0.6860568379629629 0.4925 0.6789520416666667 0.48975 0.6678507986111112 0.489 0.6545293078703703 0.491 0.6429840138888889 0.4985 0.6420959143518518 0.50575 0.643872113425926 0.5097499999999999 0.6518650092592593 0.51425 0.6678507986111112 0.51775
13 0.4706927175925926 0.519 0.4840142106481482 0.5195 0.49289520370370365 0.5175 0.4968916527777778 0.515 0.5026642986111112 0.5045 0.49822380092592594 0.49624999999999997 0.4875666064814815 0.4915 0.4729129652777778 0.49125 0.4613676736111111 0.4945 0.4547069282407407 0.49825 0.45337477777777774 0.505 0.45781527546296297 0.51225 0.46314387268518514 0.5165 0.4706927175925926 0.519
13 0.28907637731481484 0.522 0.29706927083333334 0.5215000000000001 0.30639431712962967 0.519 0.31172291203703706 0.51475 0.31394316203703704 0.5085 0.312166962962963 0.501 0.30639431712962967 0.49675 0.29662522222222226 0.494 0.2886323263888889 0.4935 0.27575488425925926 0.49550000000000005 0.270426287037037 0.49825 0.2655417407407408 0.50475 0.2650976898148148 0.50925 0.2677619884259259 0.51575 0.2766429837962963 0.52025 0.28907637731481484 0.522
13 0.18561278935185185 0.57625 0.1940497337962963 0.57725 0.20737122453703702 0.57575 0.21492007175925926 0.5722499999999999 0.21758437037037037 0.5695 0.21980461805555557 0.5645 0.2189165185185185 0.55825 0.2135879212962963 0.5525 0.2069271759259259 0.5495 0.19538188194444445 0.54825 0.18206039120370368 0.54975 0.1749555949074074 0.5529999999999999 0.17051509722222222 0.55825 0.1700710486111111 0.56375 0.1722912962962963 0.56925 0.17673179398148148 0.573 0.18561278935185185 0.57625
13 0.3730017754629629 0.5720000000000001 0.38143872222222225 0.573 0.39698046296296297 0.573 0.4009769097222222 0.57175 0.40941385416666665 0.56625 0.41207815277777776 0.56125 0.4107460046296296 0.55375 0.40719360648148145 0.5499999999999999 0.3960923634259259 0.5457500000000001 0.3849911180555555 0.54525 0.376110125 0.5465 0.3658969814814815 0.5505 0.36323268287037036 0.55425 0.3619005324074074 0.5569999999999999 0.36323268287037036 0.56375 0.36678508101851853 0.56825 0.3730017754629629 0.5720000000000001
13 0.562166962962963 0.56825 0.5737122546296296 0.5705 0.5812611018518519 0.5700000000000001 0.5883658958333333 0.5685 0.5959147430555555 0.564 0.5985790416666666 0.5605 0.5976909421296297 0.5545 0.5945825925925926 0.54975 0.5888099467592592 0.54525 0.5812611018518519 0.544 0.5652753101851852 0.545 0.5572824166666667 0.5475 0.5532859675925926 0.55075 0.5515097685185185 0.55375 0.5528419189814815 0.561 0.5546181180555555 0.564 0.562166962962963 0.56825
13 0.7682060393518518 0.56925 0.7753108356481482 0.5685 0.7824156296296296 0.56625 0.7904085254629629 0.5605 0.7917406759259259 0.5535 0.7877442268518519 0.54625 0.7828596805555555 0.54325 0.772646537037037 0.5395 0.7655417407407407 0.53975 0.7544404976851852 0.542 0.7468916527777778 0.54525 0.7420071041666667 0.55025 0.7415630555555555 0.5575 0.7446714027777778 0.56175 0.7584369444444445 0.5685 0.7682060393518518 0.56925
13 0.6714031967592592 0.6232500000000001 0.6762877453703703 0.6232500000000001 0.6860568379629629 0.621 0.6936056828703704 0.6164999999999999 0.6980461805555556 0.6097499999999999 0.6944937824074074 0.60175 0.6869449375000001 0.597 0.6762877453703703 0.5945 0.6687388981481481 0.5950000000000001 0.6598579050925926 0.597 0.6523090578703703 0.6015 0.6492007106481481 0.605 0.6478685601851851 0.6097499999999999 0.6505328587962963 0.6164999999999999 0.6580817060185185 0.62075 0.6714031967592592 0.6232500000000001
13 0.47690941435185186 0.6255000000000001 0.49111900462962965 0.6255000000000001 0.5053285972222222 0.61975 0.5079928958333334 0.614 0.5053285972222222 0.60425 0.5022202476851851 0.6012500000000001 0.4924511550925926 0.5982500000000001 0.48046181250000003 0.59775 0.4698046180555555 0.59975 0.46314387268518514 0.603 0.4591474236111111 0.60875 0.458703375 0.6134999999999999 0.4626998217592593 0.62025 0.4666962708333333 0.6225 0.47690941435185186 0.6255000000000001
13 0.28197158101851855 0.628 0.3037300185185185 0.6277499999999999 0.31261101157407406 0.6244999999999999 0.31705150925925923 0.6195 0.3179396087962963 0.6122500000000001 0.31616340972222223 0.60775 0.31039076388888887 0.60325 0.30328596759259263 0.601 0.2886323263888889 0.6005 0.27930728240740743 0.6024999999999999 0.2713143865740741 0.60775 0.2690941388888889 0.6122500000000001 0.26865008796296297 0.6162500000000001 0.27220248611111114 0.6232500000000001 0.2761989351851852 0.6265000000000001 0.28197158101851855 0.628
13 0.39431616435185185 0.68125 0.4040852569444444 0.6795 0.4098579050925926 0.6765 0.41563055092592593 0.67025 0.4151865 0.6652499999999999 0.41119005324074076 0.6577500000000001 0.40719360648148145 0.65525 0.39742451157407405 0.6525 0.38321491898148147 0.6525 0.373889875 0.6557499999999999 0.36944937731481486 0.65875 0.36634103009259256 0.6637500000000001 0.3658969814814815 0.66925 0.36944937731481486 0.67525 0.38055062268518514 0.68025 0.39431616435185185 0.68125
13 0.5781527523148148 0.678 0.5883658958333333 0.6775 0.5954706921296297 0.6755 0.603019537037037 0.67 0.6052397870370371 0.6659999999999999 0.6039076365740741 0.6575000000000001 0.6016873888888888 0.6542500000000001 0.5919182939814815 0.65075 0.581705150462963 0.64925 0.5710479583333333 0.65 0.5643872106481482 0.652 0.5590586134259259 0.6565 0.5568383657407407 0.66125 0.5563943171296296 0.6652499999999999 0.5595026643518518 0.6707500000000001 0.5674955601851852 0.6755 0.5781527523148148 0.678