4 0.6435185185185185 0.3958333333333333 0.6458333333333334 0.39814814814814814 0.6458333333333334 0.41435185185185186 0.6435185185185185 0.4166666666666667 0.6342592592592593 0.4166666666666667 0.6226851851851852 0.4212962962962963 0.6157407407407407 0.4305555555555556 0.6157407407407407 0.4444444444444444 0.6203703703703703 0.44907407407407407 0.6412037037037037 0.44907407407407407 0.6458333333333334 0.4537037037037037 0.6458333333333334 0.4652777777777778 0.6412037037037037 0.4699074074074074 0.6180555555555556 0.4699074074074074 0.6157407407407407 0.4722222222222222 0.6157407407407407 0.49537037037037035 0.6203703703703703 0.5023148148148148 0.6435185185185185 0.5023148148148148 0.6458333333333334 0.5046296296296297 0.6458333333333334 0.5208333333333334 0.6412037037037037 0.5208333333333334 0.6388888888888888 0.5231481481481481 0.6203703703703703 0.5231481481481481 0.6180555555555556 0.5254629629629629 0.6180555555555556 0.5416666666666666 0.6273148148148148 0.5509259259259259 0.6388888888888888 0.5532407407407407 0.6412037037037037 0.5555555555555556 0.6435185185185185 0.5532407407407407 0.6481481481481481 0.5578703703703703 0.6481481481481481 0.5625 0.6504629629629629 0.5648148148148148 0.6504629629629629 0.5717592592592593 0.6481481481481481 0.5740740740740741 0.6319444444444444 0.5740740740740741 0.6296296296296297 0.5717592592592593 0.6111111111111112 0.5694444444444444 0.5949074074074074 0.5601851851851852 0.5833333333333334 0.5486111111111112 0.5810185185185185 0.5370370370370371 0.5787037037037037 0.5347222222222222 0.5787037037037037 0.5254629629629629 0.5763888888888888 0.5231481481481481 0.5416666666666666 0.5231481481481481 0.5393518518518519 0.5208333333333334 0.5185185185185185 0.5185185185185185 0.49537037037037035 0.5069444444444444 0.4861111111111111 0.4930555555555556 0.4861111111111111 0.47685185185185186 0.49074074074074076 0.4699074074074074 0.5023148148148148 0.46064814814814814 0.5277777777777778 0.4513888888888889 0.5740740740740741 0.44907407407407407 0.5763888888888888 0.44675925925925924 0.5787037037037037 0.4236111111111111 0.5879629629629629 0.41203703703703703 0.5995370370370371 0.4050925925925926 0.6041666666666666 0.4050925925925926 0.6180555555555556 0.39814814814814814 0.6412037037037037 0.3958333333333333
11 0.11145648379629629 0.6555 0.11278863194444444 0.67125 0.11767317824074074 0.67975 0.1212255763888889 0.682 0.12078152777777777 0.6892499999999999 0.11811722916666667 0.6925 0.11722912962962963 0.701 0.11145648379629629 0.71575 0.11101243287037038 0.72425 0.11367673148148148 0.7372500000000001 0.11811722916666667 0.74575 0.12211367592592592 0.7484999999999999 0.14253996527777776 0.7494999999999999 0.16651865046296296 0.7484999999999999 0.22557726388888888 0.74925 0.2477797523148148 0.7482500000000001 0.3001776203703703 0.7484999999999999 0.31705150925925923 0.747 0.32904085185185183 0.7480000000000001 0.3454706921296296 0.7472500000000001 0.3485790416666667 0.746 0.35301953703703703 0.74675 0.7238010648148148 0.7442500000000001 0.9689165185185185 0.7405 0.9800177615740742 0.739 0.9880106574074075 0.74 0.9924511550925926 0.73625 0.9964476018518519 0.7274999999999999 0.9973357013888888 0.71383325 0.999555951388889 0.711 0.9968916527777778 0.7005 0.9911190046296297 0.6920000000000001 0.9920071041666667 0.6887500000000001 0.9888987569444445 0.68725 0.9853463587962963 0.6825 0.9897868564814815 0.6787500000000001 0.9866785069444445 0.67725 0.9817939606481482 0.67 0.9884547060185185 0.6565 0.9888987569444445 0.6445 0.9880106574074075 0.522 0.9897868564814815 0.49125 0.9880106574074075 0.35425 0.9893428055555555 0.29325 0.9880106574074075 0.287 0.9817939606481482 0.2755 0.9746891643518518 0.269 0.9618117222222222 0.262 0.9524866782407407 0.258 0.9325044398148149 0.254 0.8912078148148148 0.253 0.6403197152777778 0.25325 0.6127886319444444 0.25375000000000003 0.6092362337962962 0.2555 0.5936944930555555 0.2555 0.5870337476851852 0.2545 0.5799289513888889 0.2555 0.5657193611111111 0.25425 0.5390763773148148 0.255 0.5301953819444445 0.254 0.5270870347222222 0.25475000000000003 0.5044404976851852 0.25425 0.49111900462962965 0.2565 0.4875666064814815 0.25425 0.477353462962963 0.2535 0.4702486689814815 0.2555 0.45026643055555554 0.253 0.38676731712962964 0.2545 0.3787744236111111 0.253 0.35079928935185184 0.25475000000000003 0.3490230902777778 0.25375000000000003 0.3459147430555556 0.25425 0.3383658958333334 0.2525 0.23801065740740743 0.253 0.22957371296296294 0.254 0.2140319722222222 0.25225 0.20515097685185182 0.2535 0.16740675 0.25275000000000003 0.14742451157407407 0.25475000000000003 0.1265541736111111 0.26125 0.1092362337962963 0.27275 0.10390763657407406 0.27999999999999997 0.09991118981481481 0.291 0.10523978703703704 0.50225 0.10879218518518519 0.5595 0.10790408564814814 0.57375 0.11145648379629629 0.6555
12 0.9993117222222223 0.679595 0.09203818750000001 0.679595 0.09203818750000001 0.7405349999999999 0.9993117222222223 0.7405349999999999 0.9993117222222223 0.679595
13 0.6287744236111111 0.33575000000000005 0.6345470694444444 0.33825 0.643872113425926 0.33975 0.6607460046296296 0.33725 0.6656305509259259 0.33325 0.6696269976851852 0.32525000000000004 0.6687388981481481 0.31775 0.6611900532407406 0.31024999999999997 0.6509769097222221 0.30800000000000005 0.6367673171296296 0.30775 0.6327708703703704 0.3085 0.623001775462963 0.3145 0.6198934282407408 0.3175 0.6203374768518519 0.325 0.6225577268518518 0.33 0.6287744236111111 0.33575000000000005
13 0.7331261111111111 0.39149999999999996 0.7411190046296297 0.3925 0.7548845462962963 0.38975000000000004 0.7624333935185185 0.38375 0.7637655416666667 0.37625 0.7606571944444445 0.36975 0.7566607453703703 0.366 0.7477797523148149 0.36325 0.7402309050925925 0.36275 0.727353462962963 0.3645 0.7189165185185185 0.369 0.7158081712962963 0.37274999999999997 0.7158081712962963 0.38025 0.7184724699074074 0.385 0.7260213148148148 0.38925000000000004 0.7331261111111111 0.39149999999999996
13 0.5390763773148148 0.39225 0.5515097685185185 0.39275 0.5617229120370371 0.39199999999999996 0.5679396087962962 0.389 0.5732682060185185 0.3845 0.5746003541666667 0.37575000000000003 0.5728241574074074 0.37175 0.5692717592592592 0.36875 0.5608348125 0.36475 0.5550621666666666 0.364 0.539520425925926 0.3645 0.5310834814814815 0.3685 0.5266429837962963 0.373 0.5253108356481482 0.3775 0.5275310833333333 0.3835 0.5328596805555555 0.38925000000000004 0.5390763773148148 0.39225
13 0.35479573611111115 0.394 0.36944937731481486 0.39375 0.37833037268518516 0.38875 0.38188277083333333 0.38525 0.3841030185185185 0.3785 0.38055062268518514 0.36975 0.3721136759259259 0.3655 0.3658969814814815 0.36374999999999996 0.3592362337962963 0.36325 0.3450266435185185 0.3645 0.3370337476851852 0.369 0.333481349537037 0.37375 0.33436944907407407 0.382 0.3401420949074074 0.389 0.3445825925925926 0.39175 0.35479573611111115 0.394
13 0.24866785185185183 0.446 0.2575488449074074 0.44775 0.26998223842592595 0.448 0.28197158101851855 0.44375 0.2881882777777778 0.43674999999999997 0.2886323263888889 0.431 0.2873001782407407 0.427 0.2810834814814815 0.42124999999999996 0.2690941388888889 0.41875 0.2575488449074074 0.4185 0.24511545370370372 0.42124999999999996 0.2397868564814815 0.42525 0.2375666064814815 0.42875 0.23889875694444443 0.43625 0.2446714027777778 0.44375 0.24866785185185183 0.446
13 0.4431616342592593 0.446 0.45248667824074074 0.4475 0.4635879212962963 0.44725 0.4738010648148148 0.443 0.4786856134259259 0.4395 0.4809058611111111 0.4345 0.477353462962963 0.42525 0.4724689166666667 0.42175 0.46447602083333334 0.41925 0.44937833101851854 0.41825 0.44271758333333333 0.4195 0.43516873842592596 0.42375 0.4316163402777778 0.42824999999999996 0.4311722916666667 0.4335 0.4342806388888889 0.43925 0.4387211365740741 0.44375 0.4431616342592593 0.446
13 0.643872113425926 0.44625 0.6474245115740741 0.4465 0.6607460046296296 0.44325000000000003 0.6656305509259259 0.44025 0.6691829490740742 0.43575 0.6700710486111111 0.43125 0.6660745995370371 0.424 0.6607460046296296 0.42 0.6545293078703703 0.41825 0.6474245115740741 0.41750000000000004 0.6318827708333333 0.42075 0.6265541736111111 0.42274999999999996 0.6225577268518518 0.428 0.6221136759259259 0.434 0.6247779745370371 0.43825000000000003 0.6336589699074074 0.44375 0.643872113425926 0.44625
13 0.8432504444444445 0.44425 0.8512433402777778 0.44175000000000003 0.8583481342592593 0.43650000000000005 0.8596802847222222 0.4335 0.8587921851851852 0.42525 0.8556838356481481 0.42124999999999996 0.8485790416666666 0.41825 0.835701599537037 0.416 0.8259325046296296 0.41675 0.8139431620370371 0.422 0.8112788634259259 0.42575 0.810390763888889 0.43324999999999997 0.8143872106481481 0.439 0.8277087037037036 0.444 0.8432504444444445 0.44425
13 0.7406749560185185 0.498 0.7455595023148148 0.498 0.7566607453703703 0.49574999999999997 0.7628774421296297 0.491 0.7650976898148149 0.48425 0.7611012430555555 0.477 0.7544404976851852 0.47300000000000003 0.7446714027777778 0.4705 0.7380106574074075 0.47 0.7304618125 0.4705 0.7211367662037037 0.475 0.7162522199074074 0.47925 0.7149200717592592 0.48425 0.7158081712962963 0.49125 0.7202486689814814 0.49475 0.7309058611111111 0.4975 0.7406749560185185 0.498
13 0.5377442268518519 0.4975 0.5501776203703703 0.49974999999999997 0.5581705162037037 0.4995 0.5661634097222222 0.49725 0.5728241574074074 0.4925 0.5746003541666667 0.48850000000000005 0.5746003541666667 0.48075 0.5697158078703703 0.47575 0.5639431620370371 0.47275 0.5497335694444444 0.47225 0.5399644768518519 0.4735 0.5319715810185185 0.477 0.5270870347222222 0.48150000000000004 0.5266429837962963 0.486 0.5288632337962963 0.491 0.5328596805555555 0.49525 0.5377442268518519 0.4975
13 0.3645648310185185 0.5027499999999999 0.3721136759259259 0.502 0.3854351689814815 0.493 0.38676731712962964 0.4865 0.3849911180555555 0.48125 0.38010657175925927 0.47625 0.37477797453703704 0.47425 0.3636767314814815 0.47275 0.3516873888888889 0.47324999999999995 0.34103019444444443 0.47725 0.3370337476851852 0.48175 0.3361456481481482 0.488 0.34103019444444443 0.496 0.35301953703703703 0.50075 0.3645648310185185 0.5027499999999999
13 0.2584369444444445 0.5545 0.27220248611111114 0.55475 0.27930728240740743 0.5527500000000001 0.28774422685185186 0.5485 0.291296625 0.5445 0.290408525462963 0.5355 0.2873001782407407 0.532 0.2788632337962963 0.528 0.2650976898148148 0.527 0.25133214814814814 0.52825 0.24555950231481483 0.53125 0.24156305555555554 0.53625 0.24067495601851852 0.544 0.2442273541666667 0.5485 0.2482238009259259 0.5515 0.2584369444444445 0.5545
13 0.45248667824074074 0.5529999999999999 0.4626998217592593 0.5525 0.4738010648148148 0.5505 0.48046181250000003 0.54675 0.4822380115740741 0.5387500000000001 0.479573712962963 0.533 0.4738010648148148 0.52775 0.4666962708333333 0.5255 0.45204262962962966 0.525 0.44582593287037037 0.526 0.4391651875 0.52925 0.43383659027777777 0.53575 0.43383659027777777 0.54425 0.437833037037037 0.54875 0.4422735347222222 0.55125 0.45248667824074074 0.5529999999999999
13 0.6474245115740741 0.55225 0.6563055069444445 0.55175 0.6616341041666667 0.55025 0.66740675 0.54675 0.6714031967592592 0.54 0.6714031967592592 0.536 0.6687388981481481 0.531 0.6611900532407406 0.52625 0.6474245115740741 0.523 0.6287744236111111 0.528 0.6247779745370371 0.53275 0.624333925925926 0.538 0.6265541736111111 0.5457500000000001 0.6367673171296296 0.55025 0.6474245115740741 0.55225
13 0.8272646527777778 0.5515 0.8392539953703704 0.552 0.8499111898148148 0.5499999999999999 0.8556838356481481 0.5465 0.8601243333333334 0.53975 0.8601243333333334 0.53575 0.856127886574074 0.529 0.8499111898148148 0.52475 0.8388099467592594 0.5225 0.8312611018518519 0.522 0.8246003541666667 0.52275 0.8197158078703703 0.52425 0.8152753101851852 0.52725 0.8112788634259259 0.53275 0.8108348125 0.54325 0.8134991111111112 0.54675 0.8174955601851851 0.54875 0.8272646527777778 0.5515
13 0.7340142106481481 0.6045 0.75 0.6045 0.7584369444444445 0.6024999999999999 0.7664298402777777 0.5952500000000001 0.7673179398148149 0.58925 0.7642095925925927 0.5840000000000001 0.7584369444444445 0.5792499999999999 0.750444048611111 0.57675 0.7371225578703703 0.576 0.7269094143518517 0.578 0.7180284189814815 0.58275 0.7158081712962963 0.58675 0.7162522199074074 0.594 0.7202486689814814 0.59925 0.727353462962963 0.6027499999999999 0.7340142106481481 0.6045
13 0.5484014212962963 0.606 0.5595026643518518 0.60575 0.5706039074074074 0.6024999999999999 0.5772646527777778 0.5957499999999999 0.5772646527777778 0.5882499999999999 0.5746003541666667 0.5835 0.5706039074074074 0.58025 0.559946712962963 0.5775 0.5497335694444444 0.57675 0.5399644768518519 0.578 0.5324156296296296 0.58325 0.5293072824074074 0.5885 0.5288632337962963 0.5925 0.5315275300925926 0.6 0.539520425925926 0.60475 0.5484014212962963 0.606
13 0.3765541736111111 0.60675 0.38365896990740744 0.603 0.38765541666666664 0.59875 0.3885435162037037 0.5915 0.3872113680555555 0.58875 0.38277087037037033 0.58325 0.3734458263888889 0.57875 0.3587921851851852 0.5785 0.3485790416666667 0.5815 0.34280639351851855 0.5842499999999999 0.33792184722222224 0.5910000000000001 0.33747779861111116 0.59625 0.34147424537037036 0.6024999999999999 0.355239787037037 0.608 0.3765541736111111 0.60675
13 0.6349911180555556 0.657 0.6420959143518518 0.65875 0.6549733564814815 0.65875 0.6647424513888889 0.65625 0.6714031967592592 0.6517499999999999 0.6740674953703704 0.6455 0.6727353472222222 0.639 0.6687388981481481 0.6337499999999999 0.6611900532407406 0.6307499999999999 0.643872113425926 0.62875 0.6341030185185185 0.6307499999999999 0.6261101250000001 0.6365000000000001 0.6234458263888889 0.6402500000000001 0.6238898749999999 0.64625 0.6301065717592592 0.65375 0.6349911180555556 0.657
13 0.45026643055555554 0.6589999999999999 0.4613676736111111 0.66 0.46847246990740743 0.6589999999999999 0.477353462962963 0.65525 0.48179396064814817 0.6515 0.4835701597222222 0.64325 0.4809058611111111 0.6385 0.4755772638888889 0.6347499999999999 0.46625221990740745 0.63175 0.4591474236111111 0.6305 0.45248667824074074 0.6305 0.4462699814814815 0.63175 0.44182948379629633 0.6335000000000001 0.43516873842592596 0.6415 0.43472468981481477 0.6479999999999999 0.43738898842592594 0.652 0.4413854351851852 0.6555 0.45026643055555554 0.6589999999999999