4 0.6574074074074074 0.4375 0.6597222222222222 0.4398148148148148 0.6736111111111112 0.44212962962962965 0.6944444444444444 0.45601851851851855 0.6990740740740741 0.4652777777777778 0.6990740740740741 0.4861111111111111 0.7013888888888888 0.48842592592592593 0.7407407407407407 0.48842592592592593 0.7430555555555556 0.49074074074074076 0.7615740740740741 0.4930555555555556 0.7754629629629629 0.5 0.7893518518518519 0.5138888888888888 0.7916666666666666 0.5231481481481481 0.75 0.5231481481481481 0.7476851851851852 0.5185185185185185 0.7384259259259259 0.5115740740740741 0.7337962962962963 0.5092592592592593 0.7245370370370371 0.5092592592592593 0.7222222222222222 0.5069444444444444 0.7152777777777778 0.5069444444444444 0.7129629629629629 0.5092592592592593 0.7083333333333334 0.5069444444444444 0.7037037037037037 0.5092592592592593 0.6967592592592593 0.5231481481481481 0.6620370370370371 0.5231481481481481 0.6597222222222222 0.5208333333333334 0.6597222222222222 0.5115740740740741 0.6550925925925926 0.5069444444444444 0.6087962962962963 0.5069444444444444 0.6064814814814815 0.5092592592592593 0.6064814814814815 0.5208333333333334 0.5717592592592593 0.5208333333333334 0.5694444444444444 0.5185185185185185 0.5694444444444444 0.5092592592592593 0.5671296296296297 0.5069444444444444 0.5532407407407407 0.5069444444444444 0.5509259259259259 0.5046296296296297 0.5462962962962963 0.5046296296296297 0.5439814814814815 0.5069444444444444 0.5416666666666666 0.5046296296296297 0.5300925925925926 0.5069444444444444 0.5115740740740741 0.5231481481481481 0.5092592592592593 0.5208333333333334 0.4837962962962963 0.5231481481481481 0.48148148148148145 0.5162037037037037 0.4861111111111111 0.5069444444444444 0.4930555555555556 0.5 0.5069444444444444 0.4930555555555556 0.5208333333333334 0.49074074074074076 0.5231481481481481 0.48842592592592593 0.5439814814814815 0.48842592592592593 0.5462962962962963 0.4861111111111111 0.5555555555555556 0.48842592592592593 0.5578703703703703 0.4861111111111111 0.5671296296296297 0.4861111111111111 0.5717592592592593 0.48148148148148145 0.5717592592592593 0.4675925925925926 0.5763888888888888 0.4583333333333333 0.5856481481481481 0.44907407407407407 0.5995370370370371 0.44212962962962965 0.6134259259259259 0.4398148148148148 0.6157407407407407 0.4375 0.6296296296296297 0.4375 0.6319444444444444 0.4351851851851852 0.6365740740740741 0.4375 0.6550925925925926 0.4375
2 0.4837962962962963 0.5231481481481481 0.5162037037037037 0.5231481481481481 0.5254629629629629 0.5347222222222222 0.5347222222222222 0.5393518518518519 0.5439814814814815 0.5393518518518519 0.5462962962962963 0.5416666666666666 0.5671296296296297 0.5393518518518519 0.5694444444444444 0.5370370370370371 0.5694444444444444 0.5277777777777778 0.5717592592592593 0.5254629629629629 0.5810185185185185 0.5254629629629629 0.5833333333333334 0.5231481481481481 0.5879629629629629 0.5231481481481481 0.5902777777777778 0.5254629629629629 0.6064814814814815 0.5254629629629629 0.6064814814814815 0.5370370370370371 0.6111111111111112 0.5416666666666666 0.6597222222222222 0.5416666666666666 0.6620370370370371 0.5393518518518519 0.6620370370370371 0.5277777777777778 0.6643518518518519 0.5254629629629629 0.6990740740740741 0.5277777777777778 0.6990740740740741 0.5347222222222222 0.7083333333333334 0.5416666666666666 0.7337962962962963 0.5416666666666666 0.7430555555555556 0.5370370370370371 0.75 0.5277777777777778 0.7546296296296297 0.5277777777777778 0.7569444444444444 0.5254629629629629 0.7893518518518519 0.5254629629629629 0.7916666666666666 0.5277777777777778 0.7893518518518519 0.5370370370370371 0.7708333333333334 0.5532407407407407 0.7662037037037037 0.5532407407407407 0.7592592592592593 0.5578703703703703 0.7453703703703703 0.5578703703703703 0.7430555555555556 0.5601851851851852 0.7037037037037037 0.5601851851851852 0.6990740740740741 0.5648148148148148 0.6990740740740741 0.5740740740740741 0.6944444444444444 0.5763888888888888 0.6643518518518519 0.5763888888888888 0.6597222222222222 0.5740740740740741 0.6597222222222222 0.5648148148148148 0.6481481481481481 0.5601851851851852 0.6180555555555556 0.5601851851851852 0.6157407407407407 0.5625 0.6111111111111112 0.5601851851851852 0.6064814814814815 0.5648148148148148 0.6087962962962963 0.5740740740740741 0.6041666666666666 0.5763888888888888 0.5856481481481481 0.5763888888888888 0.5833333333333334 0.5740740740740741 0.5717592592592593 0.5740740740740741 0.5694444444444444 0.5717592592592593 0.5694444444444444 0.5625 0.5671296296296297 0.5601851851851852 0.5509259259259259 0.5601851851851852 0.5486111111111112 0.5578703703703703 0.5439814814814815 0.5601851851851852 0.5416666666666666 0.5578703703703703 0.5254629629629629 0.5578703703703703 0.5231481481481481 0.5555555555555556 0.5069444444444444 0.5532407407407407 0.4861111111111111 0.5370370370370371 0.4837962962962963 0.5254629629629629
9 0.4837962962962963 0.5439814814814815 0.4976851851851852 0.5509259259259259 0.4976851851851852 0.5532407407407407 0.5069444444444444 0.5601851851851852 0.5115740740740741 0.5717592592592593 0.5092592592592593 0.5740740740740741 0.5115740740740741 0.5787037037037037 0.5092592592592593 0.5810185185185185 0.5092592592592593 0.5879629629629629 0.5162037037037037 0.5949074074074074 0.5347222222222222 0.5949074074074074 0.5347222222222222 0.6111111111111112 0.5324074074074074 0.6134259259259259 0.5115740740740741 0.6134259259259259 0.5046296296296297 0.6203703703703703 0.5046296296296297 0.6319444444444444 0.5162037037037037 0.6435185185185185 0.5254629629629629 0.6435185185185185 0.5300925925925926 0.6481481481481481 0.5300925925925926 0.6643518518518519 0.5254629629629629 0.6666666666666666 0.5231481481481481 0.6643518518518519 0.5023148148148148 0.6620370370370371 0.4837962962962963 0.6527777777777778 0.4699074074074074 0.6365740740740741 0.4699074074074074 0.6157407407407407 0.4652777777777778 0.6111111111111112 0.45601851851851855 0.6111111111111112 0.4537037037037037 0.6087962962962963 0.4305555555555556 0.6087962962962963 0.42824074074074076 0.6064814814814815 0.41898148148148145 0.6064814814814815 0.41203703703703703 0.6018518518518519 0.4074074074074074 0.6018518518518519 0.39814814814814814 0.5972222222222222 0.3888888888888889 0.5879629629629629 0.38425925925925924 0.5787037037037037 0.38425925925925924 0.5694444444444444 0.3912037037037037 0.5578703703703703 0.4074074074074074 0.5462962962962963 0.41203703703703703 0.5462962962962963 0.4212962962962963 0.5416666666666666 0.4305555555555556 0.5416666666666666 0.43287037037037035 0.5393518518518519 0.46296296296296297 0.5393518518518519 0.4652777777777778 0.5416666666666666 0.48148148148148145 0.5439814814814815
3 0.19675925925925927 0.5763888888888888 0.2361111111111111 0.5763888888888888 0.2361111111111111 0.5879629629629629 0.23842592592592593 0.5902777777777778 0.24768518518518517 0.5902777777777778 0.25 0.5925925925925926 0.25925925925925924 0.5925925925925926 0.26157407407407407 0.5902777777777778 0.28703703703703703 0.5902777777777778 0.28935185185185186 0.5879629629629629 0.28935185185185186 0.5787037037037037 0.2916666666666667 0.5763888888888888 0.3287037037037037 0.5763888888888888 0.3287037037037037 0.5856481481481481 0.3333333333333333 0.5902777777777778 0.3680555555555556 0.5902777777777778 0.37037037037037035 0.5925925925925926 0.3819444444444444 0.5925925925925926 0.38425925925925924 0.5949074074074074 0.3888888888888889 0.5949074074074074 0.4074074074074074 0.6041666666666666 0.41435185185185186 0.6111111111111112 0.41898148148148145 0.6203703703703703 0.41898148148148145 0.625 0.4166666666666667 0.6273148148148148 0.38425925925925924 0.6273148148148148 0.3773148148148148 0.6180555555555556 0.3611111111111111 0.6111111111111112 0.3333333333333333 0.6111111111111112 0.3287037037037037 0.6180555555555556 0.3287037037037037 0.625 0.32407407407407407 0.6273148148148148 0.2916666666666667 0.6273148148148148 0.28935185185185186 0.625 0.28935185185185186 0.6134259259259259 0.28703703703703703 0.6111111111111112 0.24074074074074073 0.6111111111111112 0.2361111111111111 0.6157407407407407 0.2361111111111111 0.6319444444444444 0.2337962962962963 0.6365740740740741 0.21296296296296297 0.6527777777777778 0.1875 0.6620370370370371 0.15046296296296297 0.6643518518518519 0.14814814814814814 0.6620370370370371 0.12962962962962962 0.6597222222222222 0.1087962962962963 0.6481481481481481 0.09953703703703703 0.6365740740740741 0.09953703703703703 0.6226851851851852 0.10185185185185185 0.6180555555555556 0.11574074074074074 0.6041666666666666 0.14583333333333334 0.5925925925925926 0.19444444444444445 0.5902777777777778 0.19675925925925927 0.5879629629629629 0.19675925925925927 0.5787037037037037
1 0.41898148148148145 0.6273148148148148 0.41898148148148145 0.6365740740740741 0.4166666666666667 0.6412037037037037 0.4074074074074074 0.6504629629629629 0.3912037037037037 0.6597222222222222 0.3773148148148148 0.6620370370370371 0.375 0.6643518518518519 0.3587962962962963 0.6643518518518519 0.35648148148148145 0.6666666666666666 0.34953703703703703 0.6666666666666666 0.3472222222222222 0.6643518518518519 0.3425925925925926 0.6666666666666666 0.33101851851851855 0.6666666666666666 0.3263888888888889 0.6712962962962963 0.3263888888888889 0.6805555555555556 0.3287037037037037 0.6828703703703703 0.3263888888888889 0.6851851851851852 0.3263888888888889 0.6944444444444444 0.3287037037037037 0.6967592592592593 0.35185185185185186 0.6967592592592593 0.3541666666666667 0.6990740740740741 0.3541666666666667 0.7129629629629629 0.34953703703703703 0.7199074074074074 0.3287037037037037 0.7199074074074074 0.32407407407407407 0.7268518518518519 0.32407407407407407 0.7337962962962963 0.33101851851851855 0.7430555555555556 0.3541666666666667 0.7523148148148148 0.35185185185185186 0.7685185185185185 0.34953703703703703 0.7731481481481481 0.3449074074074074 0.7754629629629629 0.32407407407407407 0.7731481481481481 0.2986111111111111 0.7615740740740741 0.28703703703703703 0.75 0.28703703703703703 0.7453703703703703 0.2847222222222222 0.7430555555555556 0.2847222222222222 0.7222222222222222 0.2824074074074074 0.7199074074074074 0.24537037037037038 0.7199074074074074 0.24305555555555555 0.7175925925925926 0.22453703703703703 0.7152777777777778 0.20833333333333334 0.7083333333333334 0.19444444444444445 0.6944444444444444 0.19444444444444445 0.6898148148148148 0.19212962962962962 0.6875 0.19444444444444445 0.6712962962962963 0.20833333333333334 0.6574074074074074 0.2222222222222222 0.6504629629629629 0.22916666666666666 0.6504629629629629 0.23148148148148148 0.6481481481481481 0.24768518518518517 0.6458333333333334 0.25 0.6435185185185185 0.28935185185185186 0.6435185185185185 0.2916666666666667 0.6412037037037037 0.2916666666666667 0.6296296296296297 0.33101851851851855 0.6296296296296297 0.33101851851851855 0.6342592592592593 0.3287037037037037 0.6365740740740741 0.3287037037037037 0.6412037037037037 0.33101851851851855 0.6435185185185185 0.3680555555555556 0.6435185185185185 0.3773148148148148 0.6388888888888888 0.38425925925925924 0.6296296296296297 0.4166666666666667 0.6296296296296297
11 0.03507992824074074 0.35825 0.027087034722222222 0.366 0.01554174074074074 0.6789999999999999 0.012877442129629631 0.71275 0.013765541666666667 0.7274999999999999 0.01598578935185185 0.73125 0.013765541666666667 0.7332500000000001 0.011101243055555555 0.744 0.011101243055555555 0.76075 0.011545293981481483 0.7667499999999999 0.013321493055555555 0.76775 0.011989342592592591 0.769 0.017317939814814814 0.7707 0.018650087962962966 0.7805 0.023534636574074078 0.7832499999999999 0.024866784722222226 0.78625 0.03108348148148148 0.788 0.03108348148148148 0.7895000000000001 0.035523979166666664 0.79325 0.060390763888888886 0.80075 0.06438721064814815 0.8005 0.0706039074074074 0.80175 0.07415630555555557 0.8009999999999999 0.08658969907407409 0.80125 0.09502664351851851 0.8035000000000001 0.11190053240740741 0.8042499999999999 0.16829484953703702 0.8039999999999999 0.1727353472222222 0.80325 0.1993783310185185 0.8039999999999999 0.2113676736111111 0.80125 0.22202486574074076 0.802 0.22380106481481482 0.8035000000000001 0.2309058611111111 0.80175 0.23401421064814815 0.8035000000000001 0.24067495601851852 0.8039999999999999 0.25399644675925925 0.8037500000000001 0.26154529398148146 0.8015 0.26598578935185185 0.802 0.26865008796296297 0.80125 0.2859680277777778 0.8035000000000001 0.32548845370370366 0.8037500000000001 0.33792184722222224 0.80175 0.34058614583333335 0.8005 0.355239787037037 0.8035000000000001 0.3601243333333333 0.8027500000000001 0.3619005324074074 0.8037500000000001 0.5257548842592593 0.8035000000000001 0.5293072824074074 0.802 0.5381882777777778 0.8037500000000001 0.5501776203703703 0.8039999999999999 0.5532859675925926 0.8025 0.5577264652777778 0.80325 0.5732682060185185 0.8015 0.5781527523148148 0.8015 0.5812611018518519 0.8037500000000001 0.5994671412037037 0.8037500000000001 0.6025754884259259 0.8025 0.6150088819444444 0.80125 0.623001775462963 0.8035000000000001 0.6261101250000001 0.8027500000000001 0.6323268217592592 0.8039999999999999 0.6372113680555556 0.80325 0.6398756666666666 0.8042499999999999 0.6585257546296297 0.802 0.6887211365740741 0.8042499999999999 0.7029307291666667 0.8037500000000001 0.707815275462963 0.8025 0.7091474236111112 0.8037500000000001 0.7384547060185185 0.8039999999999999 0.7433392546296297 0.8025 0.7477797523148149 0.8037500000000001 0.7806394305555556 0.8042499999999999 0.7859680277777777 0.803 0.7904085254629629 0.8037500000000001 0.8077264652777778 0.8027500000000001 0.8148312615740742 0.80125 0.8174955601851851 0.802 0.8201598587962963 0.80025 0.8312611018518519 0.80075 0.8396980462962963 0.793 0.8454706921296297 0.7945 0.8476909421296297 0.79325 0.853019537037037 0.79325 0.8543516875 0.7905 0.8565719351851853 0.79075 0.8592362337962962 0.789 0.8636767314814814 0.7829999999999999 0.875666074074074 0.776 0.8747779745370371 0.772625 0.8778863240740741 0.7655000000000001 0.875666074074074 0.76 0.8761101250000001 0.7525 0.8796625231481481 0.749 0.8787744236111111 0.73775 0.876998224537037 0.73575 0.8787744236111111 0.7195 0.876998224537037 0.7072499999999999 0.876998224537037 0.6402500000000001 0.874333925925926 0.626 0.8761101250000001 0.6222500000000001 0.8725577268518518 0.6162500000000001 0.8765541736111111 0.6115 0.8765541736111111 0.6085 0.874333925925926 0.607 0.875666074074074 0.585 0.8734458263888889 0.57125 0.8747779745370371 0.56675 0.8712255763888889 0.54625 0.873001775462963 0.54225 0.8734458263888889 0.504 0.8707815277777777 0.491 0.8676731782407408 0.48874999999999996 0.8716696273148149 0.48475 0.8707815277777777 0.4635 0.8694493773148148 0.46125 0.8707815277777777 0.457 0.8703374768518519 0.42624999999999996 0.8676731782407408 0.41774999999999995 0.8698934282407408 0.41475 0.8641207824074074 0.408 0.8663410300925926 0.40399999999999997 0.8663410300925926 0.3975 0.8610124328703704 0.39199999999999996 0.8614564837962964 0.38375 0.8627886319444444 0.3825 0.8658969814814815 0.38275000000000003 0.8685612777777778 0.3695 0.8725577268518518 0.36825 0.874333925925926 0.36625 0.873001775462963 0.36024999999999996 0.874333925925926 0.35174999999999995 0.8707815277777777 0.33825 0.8658969814814815 0.33025 0.8592362337962962 0.32875000000000004 0.7317939606481482 0.32725000000000004 0.7238010648148148 0.32725000000000004 0.7171403194444445 0.32899999999999996 0.7140319722222223 0.328 0.6234458263888889 0.32725000000000004 0.28552397916666666 0.32749999999999996 0.27220248611111114 0.3265 0.25799289583333335 0.32749999999999996 0.24111900462962962 0.327 0.2309058611111111 0.3255 0.20204262962962963 0.327 0.18206039120370368 0.32625 0.1749555949074074 0.3285 0.16163410416666668 0.32625 0.06793960879629629 0.3255 0.06438721064814815 0.3245 0.05728241666666666 0.3245 0.03907637731481481 0.32575 0.035523979166666664 0.32675000000000004 0.032415629629629635 0.3305 0.029307282407407407 0.3305 0.027531083333333334 0.345 0.030639430555555555 0.34824999999999995 0.02797513425925926 0.3525 0.032415629629629635 0.35425 0.03507992824074074 0.35825
12 0.8880617222222222 0.32824875 0.0000022199074074074076 0.32824875 0.0000022199074074074076 0.38767125 0.8880617222222222 0.38767125 0.8880617222222222 0.32824875
13 0.3516873888888889 0.434 0.36323268287037036 0.435 0.37477797453703704 0.4345 0.37966252314814813 0.43324999999999997 0.3841030185185185 0.42925 0.38587921759259264 0.42575 0.3849911180555555 0.41825 0.3778863240740741 0.4115 0.3690053287037037 0.40825 0.35479573611111115 0.40700000000000003 0.3494671412037037 0.40850000000000003 0.34103019444444443 0.41375 0.33747779861111116 0.41900000000000004 0.33747779861111116 0.4235 0.34147424537037036 0.429 0.3454706921296296 0.4325 0.3516873888888889 0.434
13 0.5261989351851851 0.43275 0.5346358796296297 0.436 0.5404085254629629 0.43650000000000005 0.5488454699074075 0.43575 0.5608348125 0.43225 0.5661634097222222 0.4265 0.5670515092592593 0.42124999999999996 0.5634991111111111 0.41525 0.5563943171296296 0.41074999999999995 0.5492895208333333 0.409 0.539520425925926 0.40850000000000003 0.5319715810185185 0.41000000000000003 0.5213143865740741 0.415 0.5190941388888889 0.41825 0.519982238425926 0.42474999999999996 0.5222024861111111 0.42974999999999997 0.5261989351851851 0.43275
13 0.25799289583333335 0.48500000000000004 0.26820603935185183 0.4855 0.2846358796296296 0.48350000000000004 0.2895204259259259 0.48125 0.293516875 0.47725 0.2944049722222222 0.472 0.291296625 0.466 0.2859680277777778 0.46225 0.2766429837962963 0.45925 0.2650976898148148 0.45875 0.25888099537037035 0.45975 0.250888099537037 0.46299999999999997 0.24689165277777778 0.467 0.24555950231481483 0.47025 0.24644760185185183 0.4775 0.2495559513888889 0.4805 0.25799289583333335 0.48500000000000004
13 0.44937833101851854 0.48675 0.46092362268518516 0.48574999999999996 0.4666962708333333 0.48374999999999996 0.4733570162037037 0.47925 0.47602131481481486 0.474 0.4755772638888889 0.46974999999999995 0.4724689166666667 0.46575 0.46625221990740745 0.46225 0.45515097685185185 0.45949999999999996 0.4462699814814815 0.46 0.4356127893518518 0.46275 0.43072824074074073 0.467 0.4289520416666666 0.47100000000000003 0.42850799305555554 0.47425 0.4342806388888889 0.48175 0.4391651875 0.48475 0.44937833101851854 0.48675
13 0.6190053287037037 0.48350000000000004 0.6407637662037038 0.48500000000000004 0.6478685601851851 0.48425 0.6531971574074075 0.48175 0.6558614560185185 0.47775 0.6571936064814815 0.47125 0.6558614560185185 0.46675 0.6496447592592594 0.46225 0.6385435162037036 0.45975 0.6292184722222223 0.45949999999999996 0.6190053287037037 0.46125 0.6114564837962964 0.46649999999999997 0.6096802847222222 0.4705 0.6110124328703704 0.47650000000000003 0.6132326828703704 0.481 0.6190053287037037 0.48350000000000004
13 0.17539964583333334 0.53775 0.18516873842592593 0.536 0.19538188194444445 0.533 0.1993783310185185 0.52925 0.1989342800925926 0.51825 0.18783303703703705 0.51175 0.17850799305555556 0.50875 0.16651865046296296 0.51 0.16119005324074073 0.5115 0.1549733564814815 0.51475 0.1505328587962963 0.52025 0.15097690972222222 0.5295 0.15408525694444444 0.53275 0.1647424513888889 0.53725 0.17539964583333334 0.53775
13 0.36412078240740736 0.5375 0.3730017754629629 0.536 0.38055062268518514 0.53125 0.38365896990740744 0.5265 0.38321491898148147 0.51925 0.38010657175925927 0.51575 0.37033747685185187 0.51125 0.3645648310185185 0.51025 0.3592362337962963 0.51 0.3476909421296296 0.51175 0.34058614583333335 0.5155 0.3370337476851852 0.52025 0.33792184722222224 0.52975 0.3454706921296296 0.53575 0.3516873888888889 0.537 0.36412078240740736 0.5375
13 0.5368561273148148 0.537 0.5528419189814815 0.536 0.5577264652777778 0.5345 0.5652753101851852 0.5257499999999999 0.5652753101851852 0.52025 0.5617229120370371 0.51525 0.5510657199074074 0.51125 0.5368561273148148 0.5105 0.5293072824074074 0.51175 0.5230905856481481 0.51525 0.520426287037037 0.52025 0.519982238425926 0.526 0.5217584375 0.5295 0.5293072824074074 0.5345 0.5368561273148148 0.537
13 0.7118117222222222 0.53625 0.7180284189814815 0.538 0.7269094143518517 0.53825 0.7362344583333333 0.5367500000000001 0.7428952037037037 0.533 0.7477797523148149 0.52625 0.7477797523148149 0.52225 0.7420071041666667 0.51525 0.7309058611111111 0.51125 0.7229129652777778 0.511 0.7109236226851853 0.5135 0.7033747777777778 0.5187499999999999 0.7024866782407407 0.52075 0.7020426296296297 0.526 0.7051509768518519 0.5307499999999999 0.7091474236111112 0.53275 0.7118117222222222 0.53625
13 0.6203374768518519 0.5862499999999999 0.6309946712962963 0.5885 0.6420959143518518 0.5885 0.646980462962963 0.5875 0.6545293078703703 0.582 0.6571936064814815 0.57425 0.6500888101851852 0.5665 0.6434280648148147 0.56375 0.6367673171296296 0.56275 0.623001775462963 0.5635 0.6154529305555556 0.567 0.6132326828703704 0.5695 0.6105683842592592 0.57425 0.6110124328703704 0.57825 0.6158969814814815 0.5840000000000001 0.6203374768518519 0.5862499999999999
13 0.45204262962962966 0.5882499999999999 0.46092362268518516 0.5882499999999999 0.46714031944444445 0.58675 0.4715808171296296 0.58075 0.4729129652777778 0.574 0.4711367662037037 0.56775 0.46447602083333334 0.56325 0.45737122453703705 0.5615 0.44582593287037037 0.56125 0.43383659027777777 0.56475 0.4293960925925926 0.56775 0.4280639421296296 0.5700000000000001 0.42850799305555554 0.57825 0.43605683796296296 0.586 0.45204262962962966 0.5882499999999999
13 0.2544404976851852 0.58725 0.2788632337962963 0.58675 0.2859680277777778 0.58175 0.2886323263888889 0.571 0.2864120787037037 0.56725 0.27930728240740743 0.56275 0.26598578935185185 0.561 0.2584369444444445 0.56125 0.250888099537037 0.564 0.2428952037037037 0.5715 0.24200710416666665 0.57525 0.24378330324074074 0.5812499999999999 0.2477797523148148 0.58475 0.2544404976851852 0.58725
13 0.16429840046296298 0.64125 0.1731793958333333 0.6415 0.17850799305555556 0.6405000000000001 0.18472468981481482 0.6377499999999999 0.18916518750000003 0.6337499999999999 0.19049733564814814 0.62175 0.18738898842592594 0.618 0.17895204166666667 0.61475 0.17051509722222222 0.614 0.15586145601851853 0.6155 0.14875665972222224 0.619 0.14431616435185185 0.6244999999999999 0.14387211342592593 0.6267499999999999 0.14920071064814813 0.6347499999999999 0.1549733564814815 0.63825 0.16429840046296298 0.64125
13 0.35124334027777776 0.6415 0.3614564837962963 0.6409999999999999 0.3712255763888889 0.63825 0.37744227314814816 0.6325000000000001 0.37921847222222227 0.6277499999999999 0.37522202546296296 0.6185 0.36722912962962967 0.615 0.3610124328703704 0.614 0.3521314398148148 0.61425 0.3419182939814815 0.6167499999999999 0.333925400462963 0.62575 0.333925400462963 0.63025 0.3383658958333334 0.63625 0.3454706921296296 0.6402500000000001 0.35124334027777776 0.6415
13 0.562166962962963 0.637 0.5657193611111111 0.63175 0.5661634097222222 0.6265000000000001 0.5639431620370371 0.6215 0.5568383657407407 0.6162500000000001 0.5373001782407407 0.614 0.5261989351851851 0.6174999999999999 0.520426287037037 0.6230000000000001 0.5217584375 0.6332500000000001 0.5328596805555555 0.6417499999999999 0.5537300185185186 0.6407499999999999 0.562166962962963 0.637
13 0.7411190046296297 0.64125 0.7486678518518518 0.637 0.751776199074074 0.63025 0.75 0.6230000000000001 0.7477797523148149 0.61975 0.7415630555555555 0.61575 0.729129662037037 0.61475 0.7171403194444445 0.6152500000000001 0.7069271759259259 0.61875 0.7033747777777778 0.62275 0.7042628773148147 0.6339999999999999 0.7158081712962963 0.6409999999999999 0.7304618125 0.643 0.7411190046296297 0.64125
13 0.6443161643518519 0.6957500000000001 0.6536412083333333 0.69175 0.6571936064814815 0.6887500000000001 0.6589698055555556 0.6785000000000001 0.6545293078703703 0.6719999999999999 0.6465364120370369 0.66875 0.6341030185185185 0.66675 0.626998224537037 0.66725 0.6154529305555556 0.67125 0.6110124328703704 0.67675 0.6092362337962962 0.68225 0.6150088819444444 0.6894999999999999 0.6292184722222223 0.6962499999999999 0.6443161643518519 0.6957500000000001
13 0.4356127893518518 0.6935 0.44937833101851854 0.6964999999999999 0.456483125 0.6960000000000001 0.46314387268518514 0.6935 0.4698046180555555 0.6890000000000001 0.4720248657407407 0.6857500000000001 0.4724689166666667 0.67825 0.4675843703703703 0.6715000000000001 0.46314387268518514 0.66925 0.45293072916666666 0.6665 0.44538188194444445 0.6665 0.4356127893518518 0.66875 0.42673179398148153 0.6745 0.42451154629629634 0.67825 0.42539964583333334 0.6859999999999999 0.42850799305555554 0.6902499999999999 0.4356127893518518 0.6935
13 0.2477797523148148 0.69175 0.2575488449074074 0.694 0.26598578935185185 0.694 0.27708703472222224 0.6925 0.28019538194444443 0.691 0.2837477800925926 0.68325 0.2837477800925926 0.67575 0.2810834814814815 0.67125 0.2761989351851852 0.6689999999999999 0.2655417407407408 0.66725 0.24911190046296297 0.6685 0.24067495601851852 0.6717500000000001 0.23712255787037037 0.67675 0.23667850694444445 0.68225 0.2384547060185185 0.68525 0.24200710416666665 0.6892499999999999 0.2477797523148148 0.69175
13 0.35568383564814815 0.7487499999999999 0.36545293055555556 0.7482500000000001 0.37477797453703704 0.7442500000000001 0.37921847222222227 0.738 0.3787744236111111 0.73125 0.376110125 0.7272500000000001 0.36856127777777775 0.7232500000000001 0.3627886319444445 0.7214999999999999 0.3516873888888889 0.7207499999999999 0.3423623449074074 0.723 0.3361456481481482 0.726 0.333481349537037 0.72875 0.33259325 0.73825 0.3348135 0.742 0.34103019444444443 0.74575 0.35568383564814815 0.7487499999999999
13 0.5475133217592593 0.75 0.5537300185185186 0.7487499999999999 0.559946712962963 0.74575 0.5652753101851852 0.7410000000000001 0.5657193611111111 0.7340000000000001 0.5630550625 0.7272500000000001 0.559946712962963 0.7244999999999999 0.5501776203703703 0.7207499999999999 0.5355239791666667 0.7200000000000001 0.5257548842592593 0.723 0.520426287037037 0.7272500000000001 0.5177619884259259 0.7332500000000001 0.5177619884259259 0.7395 0.5222024861111111 0.745 0.539520425925926 0.74975 0.5475133217592593 0.75