4 0.5138888888888888 0.31712962962962965 0.5347222222222222 0.31712962962962965 0.5439814814814815 0.32175925925925924 0.5532407407407407 0.32175925925925924 0.5810185185185185 0.33564814814814814 0.5856481481481481 0.3402777777777778 0.5925925925925926 0.3541666666666667 0.5925925925925926 0.37962962962962965 0.5949074074074074 0.3819444444444444 0.6134259259259259 0.3819444444444444 0.6157407407407407 0.38425925925925924 0.6203703703703703 0.3819444444444444 0.625 0.38425925925925924 0.6550925925925926 0.38425925925925924 0.6643518518518519 0.3888888888888889 0.6712962962962963 0.3888888888888889 0.6782407407407407 0.39351851851851855 0.6875 0.3958333333333333 0.7037037037037037 0.41203703703703703 0.7037037037037037 0.4166666666666667 0.7060185185185185 0.41898148148148145 0.7060185185185185 0.43287037037037035 0.7013888888888888 0.44212962962962965 0.6851851851851852 0.45601851851851855 0.6620370370370371 0.4652777777777778 0.6412037037037037 0.4675925925925926 0.6388888888888888 0.4699074074074074 0.5925925925925926 0.4699074074074074 0.5879629629629629 0.47453703703703703 0.5879629629629629 0.49537037037037035 0.5856481481481481 0.4976851851851852 0.5856481481481481 0.5023148148148148 0.5717592592592593 0.5162037037037037 0.5601851851851852 0.5231481481481481 0.5462962962962963 0.5254629629629629 0.5439814814814815 0.5277777777777778 0.5138888888888888 0.5300925925925926 0.5115740740740741 0.5277777777777778 0.5162037037037037 0.5185185185185185 0.5185185185185185 0.5208333333333334 0.5208333333333334 0.5162037037037037 0.5277777777777778 0.5162037037037037 0.5300925925925926 0.5138888888888888 0.5300925925925926 0.5069444444444444 0.5347222222222222 0.5069444444444444 0.5439814814814815 0.5 0.5462962962962963 0.48842592592592593 0.5486111111111112 0.4861111111111111 0.5486111111111112 0.47453703703703703 0.5439814814814815 0.4699074074074074 0.5162037037037037 0.4699074074074074 0.5138888888888888 0.4675925925925926 0.5138888888888888 0.44675925925925924 0.5439814814814815 0.44675925925925924 0.5486111111111112 0.44212962962962965 0.5486111111111112 0.41203703703703703 0.5462962962962963 0.4074074074074074 0.5439814814814815 0.4050925925925926 0.5254629629629629 0.4050925925925926 0.5208333333333334 0.4074074074074074 0.5138888888888888 0.4027777777777778 0.5138888888888888 0.38425925925925924 0.5162037037037037 0.3819444444444444 0.5324074074074074 0.3819444444444444 0.5347222222222222 0.38425925925925924 0.5416666666666666 0.38425925925925924 0.5486111111111112 0.37962962962962965 0.5486111111111112 0.3587962962962963 0.5393518518518519 0.34953703703703703 0.5277777777777778 0.3449074074074074 0.5185185185185185 0.3449074074074074 0.5138888888888888 0.3402777777777778 0.5138888888888888 0.3194444444444444
2 0.39814814814814814 0.44907407407407407 0.4236111111111111 0.44907407407407407 0.42824074074074076 0.44675925925925924 0.43287037037037035 0.44212962962962965 0.4305555555555556 0.4398148148148148 0.4305555555555556 0.4212962962962963 0.4375 0.4097222222222222 0.44675925925925924 0.40046296296296297 0.4699074074074074 0.3888888888888889 0.4791666666666667 0.3888888888888889 0.48148148148148145 0.38657407407407407 0.5 0.38657407407407407 0.5046296296296297 0.38425925925925924 0.5092592592592593 0.3912037037037037 0.5069444444444444 0.3958333333333333 0.5069444444444444 0.4050925925925926 0.4976851851851852 0.4097222222222222 0.49074074074074076 0.4097222222222222 0.48148148148148145 0.41435185185185186 0.47453703703703703 0.4212962962962963 0.4722222222222222 0.42592592592592593 0.4722222222222222 0.44212962962962965 0.47685185185185186 0.44675925925925924 0.4861111111111111 0.44675925925925924 0.48842592592592593 0.44907407407407407 0.49074074074074076 0.44675925925925924 0.4976851851851852 0.44675925925925924 0.5 0.44907407407407407 0.5046296296296297 0.44907407407407407 0.5069444444444444 0.4537037037037037 0.5069444444444444 0.4699074074074074 0.5046296296296297 0.4722222222222222 0.5 0.4699074074074074 0.4791666666666667 0.4699074074074074 0.47453703703703703 0.47453703703703703 0.47453703703703703 0.5069444444444444 0.4791666666666667 0.5115740740740741 0.5046296296296297 0.5115740740740741 0.5069444444444444 0.5162037037037037 0.5069444444444444 0.5324074074074074 0.4791666666666667 0.5324074074074074 0.47453703703703703 0.5370370370370371 0.47453703703703703 0.5555555555555556 0.47685185185185186 0.5601851851851852 0.4861111111111111 0.5671296296296297 0.5069444444444444 0.5717592592592593 0.5115740740740741 0.5833333333333334 0.5115740740740741 0.5949074074074074 0.5092592592592593 0.5972222222222222 0.4861111111111111 0.5949074074074074 0.47453703703703703 0.5902777777777778 0.4675925925925926 0.5902777777777778 0.44907407407407407 0.5810185185185185 0.4351851851851852 0.5671296296296297 0.4351851851851852 0.5625 0.43287037037037035 0.5601851851851852 0.43287037037037035 0.5393518518518519 0.42824074074074076 0.5347222222222222 0.4027777777777778 0.5347222222222222 0.39814814814814814 0.5324074074074074 0.39814814814814814 0.5138888888888888 0.40046296296296297 0.5115740740740741 0.42824074074074076 0.5115740740740741 0.43287037037037035 0.5 0.43287037037037035 0.4930555555555556 0.4305555555555556 0.49074074074074076 0.4305555555555556 0.47453703703703703 0.42592592592592593 0.4699074074074074 0.39814814814814814 0.4699074074074074 0.3958333333333333 0.4675925925925926 0.3958333333333333 0.4537037037037037 0.39814814814814814 0.4513888888888889
11 0 0.776 0.0026642986111111108 0.77875 0.003552398148148148 0.78775 0.00666074537037037 0.7895000000000001 0.007104796296296296 0.79325 0.025754884259259262 0.7925 0.03596802777777778 0.79075 0.04040852546296296 0.7909999999999999 0.043072824074074076 0.7897500000000001 0.045737122685185184 0.79075 0.05728241666666666 0.7902499999999999 0.060390763888888886 0.7909999999999999 0.06349911111111112 0.7902499999999999 0.11678508101851852 0.79075 0.11944937731481481 0.7899999999999999 0.12788632407407408 0.7905 0.13010657175925924 0.79175 0.16074600462962962 0.7899999999999999 0.1647424513888889 0.79075 0.16873889814814816 0.7897500000000001 0.19271758333333333 0.7902499999999999 0.20426287731481482 0.7869999999999999 0.21003552314814816 0.7875 0.2140319722222222 0.7902499999999999 0.22291296527777776 0.79075 0.23401421064814815 0.7899999999999999 0.23667850694444445 0.78775 0.2397868564814815 0.78775 0.24111900462962962 0.7897500000000001 0.2428952037037037 0.7869999999999999 0.24600355324074072 0.7869999999999999 0.2482238009259259 0.78925 0.25799289583333335 0.7909999999999999 0.27575488425925926 0.7909999999999999 0.2784191828703704 0.7897500000000001 0.28996447685185184 0.78825 0.29218472453703703 0.7909999999999999 0.2961811712962963 0.7902499999999999 0.30417406712962963 0.79075 0.312166962962963 0.7885 0.32904085185185183 0.7887500000000001 0.3294849027777778 0.7897500000000001 0.333925400462963 0.79075 0.4706927175925926 0.7897500000000001 0.4738010648148148 0.7845 0.4826820601851852 0.7835 0.4875666064814815 0.78475 0.49422735416666663 0.7899999999999999 0.5293072824074074 0.7895000000000001 0.5319715810185185 0.7887500000000001 0.5439609236111111 0.7899999999999999 0.5497335694444444 0.79175 0.5577264652777778 0.7909999999999999 0.6967140324074074 0.79225 0.9862344583333333 0.7899999999999999 0.9915630555555555 0.78825 0.9937833032407407 0.781 0.999555951388889 0.77475 0.999555951388889 0.22974999999999998 0.9973357013888888 0.22724999999999998 0.9951154537037037 0.219 0.9911190046296297 0.217 0.9840142106481481 0.21575 0.9609236226851853 0.21300000000000002 0.9467140324074074 0.2125 0.7091474236111112 0.2135 0.7047069282407408 0.21475000000000002 0.6953818819444444 0.21325 0.6918294837962963 0.215 0.6856127893518519 0.21425 0.6749555949074074 0.21475000000000002 0.6687388981481481 0.21275 0.6540852569444445 0.2125 0.09058614583333334 0.214 0.08170515046296296 0.2155 0.06660746064814814 0.216 0.06349911111111112 0.217 0.05239786805555555 0.21525 0.03507992824074074 0.21675 0.027087034722222222 0.219 0.02220248611111111 0.21924999999999997 0.003108347222222222 0.2275 0 0.23275 0 0.776
12 0.997331261574074 0.7153799999999999 0.0008214930555555556 0.7153799999999999 0.0008214930555555556 0.794435 0.997331261574074 0.794435 0.997331261574074 0.7153799999999999
13 0.38010657175925927 0.3145 0.3889875671296296 0.3155 0.4049733564814815 0.315 0.41740675 0.31024999999999997 0.42317939583333336 0.30124999999999996 0.4236234467592592 0.293 0.42007104861111116 0.2865 0.41119005324074076 0.28175 0.4009769097222222 0.27999999999999997 0.38321491898148147 0.27975 0.376110125 0.28175 0.36944937731481486 0.2855 0.3650088819444445 0.29325 0.3650088819444445 0.3 0.36856127777777775 0.30625 0.3712255763888889 0.30925 0.38010657175925927 0.3145
13 0.6087921851851852 0.31325000000000003 0.6198934282407408 0.315 0.6318827708333333 0.315 0.6407637662037038 0.312 0.6456483125 0.3085 0.6514209583333334 0.3005 0.6518650092592593 0.2935 0.6474245115740741 0.2855 0.6403197152777778 0.28099999999999997 0.6323268217592592 0.279 0.6087921851851852 0.2805 0.5994671412037037 0.28500000000000003 0.5936944930555555 0.2905 0.5932504444444445 0.29750000000000004 0.5968028425925925 0.30524999999999997 0.6012433402777778 0.30975 0.6087921851851852 0.31325000000000003
13 0.7304618125 0.37825 0.7428952037037037 0.378 0.7539964467592593 0.3745 0.7624333935185185 0.368 0.7650976898148149 0.363 0.7642095925925927 0.35625 0.7593250439814815 0.35100000000000003 0.7513321481481482 0.3455 0.7415630555555555 0.34325 0.7340142106481481 0.34325 0.7166962708333334 0.34725 0.7095914745370371 0.3525 0.706483125 0.35725 0.7060390763888889 0.36275 0.7126998217592593 0.371 0.7202486689814814 0.37575000000000003 0.7304618125 0.37825
13 0.5031083472222222 0.37775 0.516873888888889 0.37875000000000003 0.5253108356481482 0.37725000000000003 0.5350799282407407 0.37175 0.5399644768518519 0.36574999999999996 0.5399644768518519 0.356 0.5364120787037037 0.3525 0.5266429837962963 0.34725 0.5155417407407408 0.345 0.5084369444444444 0.345 0.49067495601851846 0.3485 0.4853463587962963 0.35174999999999995 0.4809058611111111 0.35800000000000004 0.4809058611111111 0.366 0.4840142106481482 0.37074999999999997 0.49289520370370365 0.3755 0.5031083472222222 0.37775
13 0.27220248611111114 0.37949999999999995 0.2837477800925926 0.37975 0.29795737037037034 0.3785 0.30950266435185186 0.37 0.3112788634259259 0.36700000000000005 0.3112788634259259 0.36125 0.3090586134259259 0.35625 0.30195381944444444 0.35025 0.2930728240740741 0.34625 0.27930728240740743 0.3455 0.2650976898148148 0.34775 0.2571047962962963 0.35174999999999995 0.2531083472222222 0.35675 0.2522202476851852 0.363 0.2571047962962963 0.3715 0.2619893425925926 0.37675 0.27220248611111114 0.37949999999999995
13 0.16074600462962962 0.44325000000000003 0.1678507986111111 0.443 0.1727353472222222 0.444 0.18561278935185185 0.441 0.19715808101851853 0.43625 0.20026643055555554 0.4325 0.20026643055555554 0.42474999999999996 0.19849023148148148 0.42050000000000004 0.18872113657407408 0.41325 0.17895204166666667 0.41050000000000003 0.1603019537037037 0.41000000000000003 0.15097690972222222 0.41225 0.1429840138888889 0.418 0.14031971527777778 0.423 0.13987566666666668 0.429 0.14342806481481482 0.4355 0.15097690972222222 0.441 0.16074600462962962 0.44325000000000003
13 0.38321491898148147 0.4415 0.39342806481481485 0.443 0.4014209583333333 0.44275 0.4151865 0.43975000000000003 0.42007104861111116 0.437 0.42406749537037036 0.42925 0.4227353472222222 0.41825 0.4169626990740741 0.41424999999999995 0.4080817060185185 0.41050000000000003 0.4005328587962963 0.4095 0.3894316157407407 0.4095 0.3841030185185185 0.41050000000000003 0.3756660740740741 0.41424999999999995 0.3690053287037037 0.4215 0.36856127777777775 0.429 0.37078152777777773 0.43324999999999997 0.37833037268518516 0.4395 0.38321491898148147 0.4415
13 0.6096802847222222 0.44275 0.6163410300925926 0.44475000000000003 0.623001775462963 0.44525000000000003 0.6394316157407408 0.44275 0.646980462962963 0.439 0.6531971574074075 0.4315 0.6545293078703703 0.424 0.6514209583333334 0.41725 0.6407637662037038 0.41074999999999995 0.6278863240740741 0.408 0.6056838356481481 0.40850000000000003 0.5990230902777779 0.41050000000000003 0.5941385439814815 0.41750000000000004 0.5932504444444445 0.42525 0.5950266435185185 0.43975000000000003 0.5985790416666666 0.443 0.6096802847222222 0.44275
13 0.8419182939814815 0.44125000000000003 0.8556838356481481 0.4415 0.8654529305555556 0.43925 0.8738898749999999 0.43374999999999997 0.8778863240740741 0.42875 0.8783303726851851 0.42175 0.8747779745370371 0.41550000000000004 0.8716696273148149 0.41275 0.8623445833333334 0.40825 0.853019537037037 0.40724999999999995 0.8405861458333334 0.40724999999999995 0.8352575486111111 0.40825 0.8250444050925926 0.41350000000000003 0.8197158078703703 0.42050000000000004 0.8197158078703703 0.429 0.8241563055555555 0.43575 0.8308170509259258 0.439 0.8419182939814815 0.44125000000000003
13 0.7282415624999999 0.50475 0.7437833032407407 0.505 0.7544404976851852 0.502 0.7588809953703703 0.49875 0.7637655416666667 0.49175 0.7633214930555555 0.48374999999999996 0.7575488449074074 0.477 0.7548845462962963 0.47525 0.7380106574074075 0.4715 0.7295737129629629 0.47100000000000003 0.7193605694444444 0.47275 0.7069271759259259 0.48075 0.7047069282407408 0.48500000000000004 0.7042628773148147 0.49125 0.706483125 0.495 0.7166962708333334 0.5025000000000001 0.7282415624999999 0.50475
13 0.5266429837962963 0.5027499999999999 0.5333037291666667 0.49875 0.5381882777777778 0.4915 0.5377442268518519 0.484 0.5315275300925926 0.47725 0.5248667847222221 0.47450000000000003 0.516873888888889 0.47324999999999995 0.49378330324074077 0.47650000000000003 0.4866785069444444 0.48150000000000004 0.4844582592592592 0.4865 0.4853463587962963 0.49475 0.4902309050925926 0.5 0.5079928958333334 0.5055000000000001 0.5266429837962963 0.5027499999999999
13 0.27264653703703706 0.50625 0.28996447685185184 0.507 0.2992895208333333 0.5055000000000001 0.30417406712962963 0.50375 0.312166962962963 0.4985 0.31527531018518523 0.489 0.3112788634259259 0.48125 0.29706927083333334 0.47450000000000003 0.28063943055555557 0.47375 0.27353463657407406 0.47475 0.2650976898148148 0.4775 0.26110124305555554 0.48024999999999995 0.2571047962962963 0.48574999999999996 0.25666074537037037 0.49175 0.2584369444444445 0.49624999999999997 0.2624333935185185 0.50125 0.27264653703703706 0.50625
13 0.17140319675925927 0.57125 0.17895204166666667 0.571 0.19582593287037037 0.56575 0.20293072916666668 0.56075 0.20470692824074074 0.5575 0.2038188287037037 0.551 0.1989342800925926 0.5435 0.19005328703703703 0.539 0.18161634027777776 0.5375 0.16651865046296296 0.537 0.15452930787037036 0.53975 0.14920071064814813 0.543 0.14387211342592593 0.5495 0.14387211342592593 0.55725 0.15008881018518516 0.56425 0.1647424513888889 0.57025 0.17140319675925927 0.57125
13 0.39653641203703704 0.56875 0.4098579050925926 0.56775 0.41829484953703705 0.566 0.4249555949074074 0.56075 0.42673179398148153 0.55225 0.42184724768518517 0.5415 0.4129662523148148 0.54025 0.4076376550925926 0.53725 0.38676731712962964 0.53725 0.3769982245370371 0.54125 0.37078152777777773 0.54875 0.37166962731481484 0.55875 0.37921847222222227 0.5655 0.38365896990740744 0.56725 0.39653641203703704 0.56875
13 0.6203374768518519 0.5675 0.6389875671296296 0.5655 0.643872113425926 0.56425 0.6505328587962963 0.5575 0.6514209583333334 0.5499999999999999 0.6483126111111112 0.544 0.6416518657407407 0.53825 0.6323268217592592 0.53525 0.6185612777777778 0.5339999999999999 0.6083481342592593 0.5355 0.5976909421296297 0.54175 0.5932504444444445 0.5465 0.5941385439814815 0.55775 0.6012433402777778 0.564 0.6056838356481481 0.56575 0.6203374768518519 0.5675
13 0.8419182939814815 0.56725 0.8556838356481481 0.56725 0.8654529305555556 0.5645 0.8761101250000001 0.554 0.8761101250000001 0.54675 0.8703374768518519 0.53925 0.8650088819444444 0.5365 0.8574600347222222 0.53475 0.8481349907407407 0.5337500000000001 0.8321492013888888 0.53525 0.8223801064814815 0.54125 0.8188277083333333 0.5455 0.8170515092592593 0.5495 0.8174955601851851 0.55725 0.8299289513888889 0.56475 0.8419182939814815 0.56725
13 0.7264653634259259 0.62975 0.7380106574074075 0.63 0.7548845462962963 0.6265000000000001 0.7624333935185185 0.61875 0.7633214930555555 0.611 0.7597690949074075 0.60475 0.7548845462962963 0.60075 0.7433392546296297 0.59775 0.7309058611111111 0.597 0.7162522199074074 0.6005 0.706483125 0.606 0.7047069282407408 0.6092500000000001 0.7042628773148147 0.6164999999999999 0.7060390763888889 0.61975 0.7193605694444444 0.62825 0.7264653634259259 0.62975
13 0.5066607453703704 0.63 0.5222024861111111 0.6295000000000001 0.5324156296296296 0.62575 0.5373001782407407 0.6215 0.5404085254629629 0.6160000000000001 0.5404085254629629 0.6115 0.5364120787037037 0.6045 0.5310834814814815 0.6005 0.520870337962963 0.5985 0.5119893425925925 0.5982500000000001 0.49200710416666665 0.60175 0.4853463587962963 0.606 0.4831261111111111 0.61 0.4826820601851852 0.6145 0.4849023101851852 0.61975 0.4964476018518518 0.6277499999999999 0.5066607453703704 0.63
13 0.28285968055555555 0.63225 0.29706927083333334 0.63175 0.30639431712962967 0.62925 0.31305506250000004 0.625 0.31705150925925923 0.619 0.3174955601851852 0.6122500000000001 0.3143872106481482 0.60675 0.3068383657407407 0.6012500000000001 0.29662522222222226 0.59925 0.27220248611111114 0.6005 0.26287744212962966 0.606 0.2597690949074074 0.611 0.2597690949074074 0.61975 0.26287744212962966 0.625 0.27264653703703706 0.6305 0.28285968055555555 0.63225
13 0.39520426388888885 0.6935 0.4076376550925926 0.6935 0.41829484953703705 0.69075 0.42984014120370373 0.68225 0.4302841921296296 0.6747500000000001 0.42673179398148153 0.66975 0.42317939583333336 0.6659999999999999 0.4151865 0.66275 0.4014209583333333 0.6615 0.38676731712962964 0.66175 0.3787744236111111 0.66575 0.3721136759259259 0.67325 0.37166962731481484 0.6795 0.3765541736111111 0.6859999999999999 0.38321491898148147 0.69125 0.39520426388888885 0.6935
13 0.6301065717592592 0.69225 0.6403197152777778 0.6902499999999999 0.6514209583333334 0.68225 0.6527531087962963 0.675 0.6474245115740741 0.66575 0.6425399652777778 0.66325 0.6327708703703704 0.6605 0.6167850810185186 0.66 0.6087921851851852 0.661 0.5981349907407407 0.66625 0.5945825925925926 0.67125 0.5954706921296297 0.6825 0.6065719351851853 0.69 0.6167850810185186 0.69225 0.6301065717592592 0.69225