7 0.5462962962962963 0.46296296296296297 0.5462962962962963 0.47685185185185186 0.5439814814814815 0.48148148148148145 0.5416666666666666 0.4837962962962963 0.5277777777777778 0.4837962962962963 0.5231481481481481 0.4861111111111111 0.5162037037037037 0.4930555555555556 0.5162037037037037 0.5069444444444444 0.5138888888888888 0.5092592592592593 0.5185185185185185 0.5138888888888888 0.5439814814814815 0.5138888888888888 0.5462962962962963 0.5185185185185185 0.5462962962962963 0.5324074074074074 0.5439814814814815 0.5347222222222222 0.5231481481481481 0.5347222222222222 0.5185185185185185 0.5393518518518519 0.5185185185185185 0.5486111111111112 0.5162037037037037 0.5509259259259259 0.4837962962962963 0.5509259259259259 0.4791666666666667 0.5462962962962963 0.48148148148148145 0.5439814814814815 0.48148148148148145 0.5393518518518519 0.47685185185185186 0.5347222222222222 0.4652777777777778 0.5347222222222222 0.46296296296296297 0.5370370370370371 0.46064814814814814 0.5347222222222222 0.4583333333333333 0.5370370370370371 0.43287037037037035 0.5370370370370371 0.42824074074074076 0.5347222222222222 0.4236111111111111 0.5393518518518519 0.4236111111111111 0.5509259259259259 0.41898148148148145 0.5509259259259259 0.4166666666666667 0.5532407407407407 0.3888888888888889 0.5532407407407407 0.38657407407407407 0.5509259259259259 0.38657407407407407 0.5393518518518519 0.38425925925925924 0.5370370370370371 0.3425925925925926 0.5370370370370371 0.3402777777777778 0.5347222222222222 0.33101851851851855 0.5347222222222222 0.3287037037037037 0.5324074074074074 0.31712962962962965 0.5300925925925926 0.30324074074074076 0.5231481481481481 0.29398148148148145 0.5138888888888888 0.28935185185185186 0.5023148148148148 0.2916666666666667 0.5 0.32407407407407407 0.5 0.3263888888888889 0.5023148148148148 0.33101851851851855 0.5023148148148148 0.3425925925925926 0.5138888888888888 0.3472222222222222 0.5138888888888888 0.34953703703703703 0.5162037037037037 0.3819444444444444 0.5162037037037037 0.38425925925925924 0.5138888888888888 0.38425925925925924 0.5023148148148148 0.38657407407407407 0.5 0.4212962962962963 0.5 0.4236111111111111 0.5023148148148148 0.4236111111111111 0.5138888888888888 0.42592592592592593 0.5162037037037037 0.47453703703703703 0.5162037037037037 0.48148148148148145 0.5115740740740741 0.48148148148148145 0.49074074074074076 0.49537037037037035 0.47453703703703703 0.5092592592592593 0.4675925925925926 0.5162037037037037 0.4675925925925926 0.5277777777777778 0.46296296296296297 0.5439814814814815 0.46296296296296297
11 0 0.6932499999999999 0.004440497685185185 0.69475 0.017761988425925926 0.6955 0.060390763888888886 0.6955 0.06571936111111111 0.69375 0.07104795833333333 0.69425 0.07460035416666667 0.6925 0.08525754861111111 0.69225 0.09902309027777777 0.6892499999999999 0.10879218518518519 0.6887500000000001 0.11101243287037038 0.6855000000000001 0.12433392592592592 0.6859999999999999 0.1429840138888889 0.6845 0.15763765509259262 0.6862499999999999 0.16385435185185185 0.6855000000000001 0.18206039120370368 0.6862499999999999 0.18783303703703705 0.68525 0.2162522199074074 0.6880000000000001 0.2384547060185185 0.68775 0.24689165277777778 0.6865 0.26865008796296297 0.6875 0.28197158101851855 0.6865 0.2957371226851852 0.68775 0.3188277083333333 0.6880000000000001 0.33081705092592595 0.6865 0.3596802847222222 0.6869999999999999 0.3636767314814815 0.6862499999999999 0.3721136759259259 0.6875 0.38676731712962964 0.6875 0.39920071064814816 0.68525 0.4147424513888889 0.68675 0.43516873842592596 0.6869999999999999 0.45404085185185183 0.6855000000000001 0.46936056944444443 0.68775 0.477353462962963 0.68775 0.4809058611111111 0.68525 0.48978685648148146 0.6865 0.5119893425925925 0.6869999999999999 0.5284191828703704 0.6885 0.5328596805555555 0.68775 0.5470692708333333 0.6885 0.5515097685185185 0.68725 0.564831261574074 0.6869999999999999 0.5883658958333333 0.68975 0.606127886574074 0.68775 0.6301065717592592 0.6892499999999999 0.6336589699074074 0.6887500000000001 0.6376554166666666 0.68975 0.643872113425926 0.6887500000000001 0.6509769097222221 0.6892499999999999 0.6536412083333333 0.68825 0.6651865 0.6885 0.6714031967592592 0.68725 0.6785079930555555 0.68975 0.6829484907407407 0.6887500000000001 0.6922735347222222 0.6892499999999999 0.6953818819444444 0.68825 0.7100355231481481 0.6894999999999999 0.7135879212962963 0.69075 0.7206927175925926 0.6902499999999999 0.727353462962963 0.691 0.7300177615740742 0.6902499999999999 0.7340142106481481 0.6915 0.7388987569444445 0.6905 0.7411190046296297 0.69125 0.7642095925925927 0.69125 0.7793072824074074 0.6925 0.7855239791666667 0.69175 0.7899644768518519 0.6925 0.7930728240740741 0.691 0.7970692708333333 0.69175 0.8143872106481481 0.6890000000000001 0.8174955601851851 0.69 0.8343694490740741 0.6857500000000001 0.8445825925925926 0.6777500000000001 0.8525754884259259 0.67525 0.8610124328703704 0.66825 0.8650088819444444 0.6575000000000001 0.874333925925926 0.46725 0.8774422731481482 0.38875 0.875666074074074 0.3695 0.8783303726851851 0.35425 0.8778863240740741 0.32625 0.8792184722222223 0.319 0.8783303726851851 0.29525 0.8809946712962963 0.28975 0.8814387222222222 0.22 0.8787744236111111 0.21275 0.8734458263888889 0.2055 0.8556838356481481 0.193 0.8392539953703704 0.18799999999999997 0.8068383657407407 0.18350000000000002 0.7975133217592593 0.18475 0.7841918287037037 0.18425 0.7748667847222223 0.1855 0.7655417407407407 0.1845 0.7611012430555555 0.1855 0.7433392546296297 0.18475 0.728685613425926 0.18575 0.7238010648148148 0.18475 0.7029307291666667 0.18700000000000003 0.6962699814814814 0.18575 0.6474245115740741 0.18525000000000003 0.6372113680555556 0.18675 0.604795736111111 0.18575 0.5759325046296296 0.18775 0.5577264652777778 0.186 0.5444049722222223 0.18725 0.5057726458333334 0.18725 0.4875666064814815 0.186 0.4764653634259259 0.1875 0.45515097685185185 0.18775 0.44582593287037037 0.18675 0.4409413865740741 0.18799999999999997 0.4076376550925926 0.18799999999999997 0.4045293078703704 0.189 0.4009769097222222 0.18825 0.3730017754629629 0.18825 0.36989342824074073 0.189 0.3445825925925926 0.18799999999999997 0.31261101157407406 0.1895 0.3068383657407407 0.18799999999999997 0.3015097685185185 0.18925 0.28063943055555557 0.1885 0.26953818749999997 0.19 0.25133214814814814 0.18875 0.2446714027777778 0.1905 0.22380106481481482 0.1895 0.2202486689814815 0.1905 0.14653641203703704 0.191 0.11500888194444443 0.19375 0.10257548842592591 0.18825 0.0994671412037037 0.18525000000000003 0.07149200694444445 0.17875 0.06127886342592593 0.17750000000000002 0.051509768518518524 0.178 0.03996447685185185 0.17550000000000002 0.026198935185185186 0.175 0.0195381875 0.177 0.01554174074074074 0.177 0.011989342592592591 0.17550000000000002 0.004884546296296296 0.17675 0 0.178 0 0.6932499999999999
12 0.11677397916666667 0.18333375000000002 0.0000022199074074074076 0.18333375000000002 0.0000022199074074074076 0.6921012499999999 0.11677397916666667 0.6921012499999999 0.11677397916666667 0.18333375000000002
13 0.3516873888888889 0.2935 0.3614564837962963 0.294 0.37078152777777773 0.29200000000000004 0.3769982245370371 0.28850000000000003 0.38232682175925925 0.283 0.38321491898148147 0.2755 0.3809946712962963 0.27125 0.37833037268518516 0.26825 0.3690053287037037 0.264 0.3619005324074074 0.263 0.3454706921296296 0.26475 0.3348135 0.26875 0.33214920138888887 0.27375 0.3312611018518518 0.27975 0.333925400462963 0.2845 0.34369449305555555 0.29125 0.3516873888888889 0.2935
13 0.5466252222222222 0.2935 0.5541740671296297 0.29425 0.5639431620370371 0.2925 0.5723801064814814 0.288 0.5772646527777778 0.283 0.5781527523148148 0.27499999999999997 0.5754884537037037 0.269 0.5643872106481482 0.262 0.5568383657407407 0.261 0.5430728240740741 0.2635 0.5324156296296296 0.268 0.5275310833333333 0.2735 0.5270870347222222 0.27999999999999997 0.5297513310185186 0.28400000000000003 0.5359680277777777 0.289 0.5466252222222222 0.2935
13 0.6434280648148147 0.34875 0.6514209583333334 0.3485 0.6634103009259259 0.34600000000000003 0.6705150972222222 0.342 0.6749555949074074 0.33475 0.6749555949074074 0.33125 0.6700710486111111 0.32375000000000004 0.664298400462963 0.32075 0.6545293078703703 0.31775 0.646980462962963 0.31775 0.6323268217592592 0.32275 0.6238898749999999 0.33075 0.6225577268518518 0.33525 0.6247779745370371 0.3385 0.6341030185185185 0.34525 0.6434280648148147 0.34875
13 0.44937833101851854 0.34800000000000003 0.46314387268518514 0.3485 0.4675843703703703 0.34725 0.4751332152777778 0.34325 0.4786856134259259 0.339 0.479573712962963 0.33099999999999996 0.477353462962963 0.32575 0.4738010648148148 0.32275 0.4658081712962963 0.3195 0.45248667824074074 0.31875 0.44271758333333333 0.32075 0.43472468981481477 0.3245 0.4302841921296296 0.3305 0.4289520416666666 0.3355 0.4316163402777778 0.33975 0.4391651875 0.345 0.44937833101851854 0.34800000000000003
13 0.2548845462962963 0.34775 0.2624333935185185 0.34824999999999995 0.27397868518518514 0.34625 0.2824156296296296 0.34325 0.2864120787037037 0.3385 0.2873001782407407 0.33075 0.2841918287037037 0.32525000000000004 0.28197158101851855 0.32325000000000004 0.27264653703703706 0.31975000000000003 0.2575488449074074 0.31925 0.2477797523148148 0.321 0.24067495601851852 0.32475 0.23623445833333334 0.33099999999999996 0.23712255787037037 0.33825 0.24156305555555554 0.34275000000000005 0.24511545370370372 0.34525 0.2548845462962963 0.34775
13 0.15541740740740742 0.40025 0.15941385416666665 0.40225 0.17539964583333334 0.4015 0.18428063888888888 0.39825000000000005 0.18960923611111113 0.3945 0.1918294837962963 0.38999999999999996 0.19138543518518517 0.3835 0.18650088888888888 0.37825 0.17539964583333334 0.37325 0.16740675 0.37325 0.15097690972222222 0.37599999999999995 0.14520426388888888 0.379 0.14165186574074073 0.3835 0.14031971527777778 0.388 0.14387211342592593 0.39499999999999996 0.14831261111111113 0.39899999999999997 0.15541740740740742 0.40025
13 0.3521314398148148 0.403 0.3592362337962963 0.40399999999999997 0.36944937731481486 0.40275 0.37833037268518516 0.39825000000000005 0.38232682175925925 0.39425 0.3809946712962963 0.38299999999999995 0.37833037268518516 0.37975 0.36856127777777775 0.37474999999999997 0.36234458333333336 0.37375 0.3454706921296296 0.3765 0.33969804629629635 0.37925000000000003 0.3330373009259259 0.38525 0.33259325 0.39075 0.3348135 0.39425 0.3423623449074074 0.40025 0.3521314398148148 0.403
13 0.5466252222222222 0.403 0.5603907638888889 0.40249999999999997 0.5639431620370371 0.40125 0.5719360578703704 0.39625 0.5750444050925926 0.39149999999999996 0.5741563055555555 0.38525 0.5710479583333333 0.381 0.562166962962963 0.3765 0.5563943171296296 0.375 0.5444049722222223 0.37575000000000003 0.5359680277777777 0.37825 0.5270870347222222 0.38375 0.5248667847222221 0.38775000000000004 0.5248667847222221 0.39199999999999996 0.5310834814814815 0.39825000000000005 0.5359680277777777 0.40125 0.5466252222222222 0.403
13 0.7468916527777778 0.4035 0.7584369444444445 0.40199999999999997 0.7655417407407407 0.39899999999999997 0.771314386574074 0.394 0.772646537037037 0.389 0.772646537037037 0.38625000000000004 0.7682060393518518 0.379 0.7513321481481482 0.3735 0.7455595023148148 0.373 0.7380106574074075 0.3745 0.7300177615740742 0.378 0.7215808171296296 0.38375 0.7198046180555556 0.3875 0.7193605694444444 0.3905 0.7260213148148148 0.398 0.7322380115740741 0.40125 0.7468916527777778 0.4035
13 0.6367673171296296 0.45749999999999996 0.646980462962963 0.45825 0.6580817060185185 0.457 0.6660745995370371 0.453 0.6691829490740742 0.44975 0.6709591481481482 0.44275 0.66740675 0.436 0.6545293078703703 0.43075 0.6474245115740741 0.429 0.6301065717592592 0.43324999999999997 0.6216696273148149 0.4395 0.6203374768518519 0.44375 0.6221136759259259 0.4495 0.625666074074074 0.45275 0.6367673171296296 0.45749999999999996
13 0.4484902314814815 0.45825 0.456483125 0.45799999999999996 0.46714031944444445 0.4555 0.4746891643518519 0.45225000000000004 0.47779751388888886 0.448 0.4782415625 0.44225 0.4751332152777778 0.4355 0.46625221990740745 0.43075 0.4600355231481481 0.42925 0.45293072916666666 0.42925 0.44182948379629633 0.4315 0.43472468981481477 0.43475 0.4289520416666666 0.44025 0.42850799305555554 0.4465 0.4311722916666667 0.44975 0.43960923611111113 0.45575 0.4484902314814815 0.45825
13 0.25799289583333335 0.45675 0.27264653703703706 0.4555 0.28019538194444443 0.45325 0.28552397916666666 0.44925 0.2873001782407407 0.441 0.2846358796296296 0.43575 0.27797513425925924 0.431 0.27220248611111114 0.429 0.2584369444444445 0.4285 0.25177619907407406 0.43 0.24067495601851852 0.43524999999999997 0.2375666064814815 0.43975000000000003 0.23712255787037037 0.444 0.2397868564814815 0.44975 0.24600355324074072 0.45399999999999996 0.25799289583333335 0.45675
13 0.1718472476851852 0.5097499999999999 0.18117229166666668 0.50825 0.18650088888888888 0.50575 0.19049733564814814 0.50175 0.19094138657407406 0.4915 0.18650088888888888 0.486 0.18206039120370368 0.48300000000000004 0.16829484953703702 0.48175 0.15763765509259262 0.48300000000000004 0.14742451157407407 0.48724999999999996 0.1429840138888889 0.49175 0.14387211342592593 0.50175 0.14875665972222224 0.50575 0.16119005324074073 0.51 0.1718472476851852 0.5097499999999999
13 0.3490230902777778 0.51275 0.3587921851851852 0.51325 0.36944937731481486 0.51025 0.37744227314814816 0.50625 0.38188277083333333 0.5015 0.38188277083333333 0.494 0.37921847222222227 0.48825 0.36989342824074073 0.48350000000000004 0.3650088819444445 0.48275 0.35568383564814815 0.48300000000000004 0.3419182939814815 0.48574999999999996 0.33436944907407407 0.49125 0.33259325 0.49424999999999997 0.33214920138888887 0.50025 0.3348135 0.50575 0.3383658958333334 0.509 0.3490230902777778 0.51275
13 0.5235346365740741 0.5055000000000001 0.5297513310185186 0.5095000000000001 0.5359680277777777 0.51125 0.5506216689814815 0.512 0.5608348125 0.51025 0.5683836597222223 0.50575 0.5723801064814814 0.4995 0.5723801064814814 0.49574999999999997 0.5697158078703703 0.4905 0.5634991111111111 0.48625 0.5466252222222222 0.48325 0.5328596805555555 0.48574999999999996 0.5230905856481481 0.49125 0.5222024861111111 0.4935 0.5195381875 0.49475 0.520426287037037 0.50025 0.5235346365740741 0.5055000000000001
13 0.7384547060185185 0.5125000000000001 0.7446714027777778 0.513 0.7588809953703703 0.51025 0.7646536412037037 0.507 0.7682060393518518 0.502 0.7673179398148149 0.4945 0.7646536412037037 0.49125 0.7575488449074074 0.487 0.7446714027777778 0.484 0.7380106574074075 0.4845 0.7282415624999999 0.48724999999999996 0.7215808171296296 0.49074999999999996 0.7166962708333334 0.49624999999999997 0.7166962708333334 0.50125 0.7198046180555556 0.50625 0.7309058611111111 0.5115 0.7384547060185185 0.5125000000000001
13 0.6367673171296296 0.56575 0.6540852569444445 0.5655 0.6589698055555556 0.564 0.6656305509259259 0.5585 0.6678507986111112 0.55425 0.666518650462963 0.5475 0.6611900532407406 0.54225 0.6545293078703703 0.53925 0.6403197152777778 0.53825 0.6336589699074074 0.5395 0.6274422731481482 0.54175 0.6190053287037037 0.547 0.6181172291666667 0.554 0.6207815277777777 0.55925 0.6301065717592592 0.56475 0.6367673171296296 0.56575
13 0.44271758333333333 0.564 0.45204262962962966 0.5655 0.4613676736111111 0.56425 0.4715808171296296 0.55875 0.4751332152777778 0.5499999999999999 0.46625221990740745 0.53975 0.4569271759259259 0.53775 0.43960923611111113 0.539 0.43339253935185185 0.54175 0.42984014120370373 0.54625 0.4280639421296296 0.55025 0.4293960925925926 0.55675 0.4356127893518518 0.5615 0.44271758333333333 0.564
13 0.2562166967592593 0.564 0.26865008796296297 0.56325 0.2775310833333333 0.561 0.2859680277777778 0.55375 0.2864120787037037 0.54775 0.28285968055555555 0.542 0.27797513425925924 0.5385 0.2690941388888889 0.53575 0.25532859722222223 0.536 0.24866785185185183 0.53775 0.2402309050925926 0.54225 0.2375666064814815 0.546 0.2375666064814815 0.5535 0.2402309050925926 0.55775 0.2446714027777778 0.56075 0.2562166967592593 0.564
13 0.3516873888888889 0.618 0.3636767314814815 0.6174999999999999 0.36944937731481486 0.6164999999999999 0.37833037268518516 0.61 0.38055062268518514 0.6034999999999999 0.37966252314814813 0.5985 0.3756660740740741 0.594 0.36634103009259256 0.59 0.35834813425925927 0.58925 0.3423623449074074 0.5910000000000001 0.3348135 0.5942500000000001 0.33214920138888887 0.59875 0.3312611018518518 0.60625 0.3370337476851852 0.61325 0.3419182939814815 0.6162500000000001 0.3516873888888889 0.618
13 0.5417406759259259 0.62 0.5532859675925926 0.61975 0.5603907638888889 0.61775 0.5639431620370371 0.6155 0.5688277083333333 0.60875 0.5692717592592592 0.6022500000000001 0.5643872106481482 0.5950000000000001 0.5568383657407407 0.5915 0.5492895208333333 0.59025 0.5324156296296296 0.59275 0.5239786851851852 0.59725 0.5213143865740741 0.60075 0.520870337962963 0.60575 0.5239786851851852 0.61275 0.5328596805555555 0.618 0.5417406759259259 0.62