9 0.4212962962962963 0.4699074074074074 0.4236111111111111 0.4722222222222222 0.4351851851851852 0.4722222222222222 0.4375 0.47453703703703703 0.44212962962962965 0.47453703703703703 0.47453703703703703 0.49074074074074076 0.5 0.47685185185185186 0.5138888888888888 0.47453703703703703 0.5162037037037037 0.4722222222222222 0.5277777777777778 0.4722222222222222 0.5300925925925926 0.4699074074074074 0.5555555555555556 0.4722222222222222 0.5578703703703703 0.47453703703703703 0.5648148148148148 0.47453703703703703 0.5763888888888888 0.4791666666666667 0.5902777777777778 0.49074074074074076 0.5949074074074074 0.5 0.5925925925925926 0.5138888888888888 0.5810185185185185 0.5254629629629629 0.5671296296296297 0.5324074074074074 0.5625 0.5324074074074074 0.5601851851851852 0.5347222222222222 0.5462962962962963 0.5347222222222222 0.5439814814814815 0.5370370370370371 0.5115740740740741 0.5347222222222222 0.5092592592592593 0.5324074074074074 0.4976851851851852 0.5300925925925926 0.4930555555555556 0.5254629629629629 0.48842592592592593 0.5254629629629629 0.47685185185185186 0.5185185185185185 0.4675925925925926 0.5185185185185185 0.46064814814814814 0.5254629629629629 0.44675925925925924 0.5231481481481481 0.44212962962962965 0.5185185185185185 0.4351851851851852 0.5162037037037037 0.4351851851851852 0.5115740740740741 0.44907407407407407 0.5046296296296297 0.4513888888888889 0.5023148148148148 0.44907407407407407 0.5 0.4398148148148148 0.4976851851851852 0.4305555555555556 0.49074074074074076 0.42592592592592593 0.49074074074074076 0.4236111111111111 0.48842592592592593 0.3888888888888889 0.49074074074074076 0.3726851851851852 0.48148148148148145 0.3773148148148148 0.47685185185185186 0.3819444444444444 0.47685185185185186 0.38425925925925924 0.47453703703703703 0.41898148148148145 0.4699074074074074
11 0.10746003472222222 0.54625 0.11278863194444444 0.71775 0.11412078240740742 0.725 0.11722912962962963 0.7295 0.1212255763888889 0.732 0.12966252314814813 0.7344999999999999 0.1327708703703704 0.7340000000000001 0.14342806481481482 0.73625 0.1749555949074074 0.7354999999999999 0.18872113657407408 0.7342500000000001 0.19582593287037037 0.73125 0.20959147453703703 0.72975 0.22735346296296297 0.72475 0.24689165277777778 0.7277499999999999 0.2864120787037037 0.7295 0.29884546990740746 0.7277499999999999 0.3277087037037037 0.72875 0.35834813425925927 0.7277499999999999 0.37033747685185187 0.72825 0.38380683796296294 0.7272500000000001 0.3903197152777778 0.728 0.440053287037037 0.7274999999999999 0.4484902314814815 0.7265 0.46714031944444445 0.7277499999999999 0.5093250439814815 0.7262500000000001 0.5230905856481481 0.7274999999999999 0.6056838356481481 0.72525 0.6123445833333334 0.7262500000000001 0.625666074074074 0.72525 0.6483126111111112 0.7262500000000001 0.6811722916666667 0.724 0.7242451157407408 0.72575 0.7823046180555556 0.7235 0.8041740671296296 0.7244999999999999 0.8063943171296296 0.72375 0.8552397870370371 0.72275 0.8627886319444444 0.7214999999999999 0.8774422731481482 0.7170000000000001 0.8845470694444444 0.7135 0.8974245115740741 0.7034999999999999 0.9023090578703703 0.694 0.9036412083333333 0.6869999999999999 0.9023090578703703 0.6498332499999999 0.9040852569444445 0.638 0.9040852569444445 0.6269999999999999 0.9023090578703703 0.6232500000000001 0.9036412083333333 0.6012500000000001 0.9009769097222221 0.5957499999999999 0.9031971574074075 0.57575 0.9014209583333334 0.5662 0.9027531087962963 0.55375 0.9023090578703703 0.307 0.8996447592592594 0.30025 0.8943161643518519 0.29325 0.8845470694444444 0.2855 0.8667850810185186 0.27925 0.8623445833333334 0.27875 0.8587921851851852 0.277 0.8525754884259259 0.27649999999999997 0.8321492013888888 0.27825 0.6989342800925926 0.278 0.689609236111111 0.28025 0.6785079930555555 0.28025 0.6718472476851851 0.279 0.643872113425926 0.28025 0.6296625231481481 0.279 0.6265541736111111 0.28025 0.6190053287037037 0.28099999999999997 0.6021314398148149 0.27975 0.5039964467592593 0.279 0.47690941435185186 0.28250000000000003 0.46403197222222226 0.27999999999999997 0.4067495555555556 0.28025 0.18250443981481482 0.276 0.1776198935185185 0.27725 0.14742451157407407 0.27475 0.1309946712962963 0.27649999999999997 0.11101243287037038 0.277 0.09857904166666666 0.28075 0.09591474305555556 0.28575 0.09547069212962962 0.297 0.10257548842592591 0.38299999999999995 0.1047957361111111 0.509 0.10746003472222222 0.54625
12 0.2106527523148148 0.26273875 0.10262433333333333 0.26273875 0.10262433333333333 0.73893125 0.2106527523148148 0.73893125 0.2106527523148148 0.26273875
13 0.4422735347222222 0.3715 0.45026643055555554 0.37050000000000005 0.4595914745370371 0.3665 0.4635879212962963 0.3625 0.46492007175925926 0.35800000000000004 0.4626998217592593 0.35100000000000003 0.4462699814814815 0.34425 0.4320603912037037 0.34474999999999995 0.42406749537037036 0.34824999999999995 0.42007104861111116 0.3535 0.42095914814814817 0.363 0.4249555949074074 0.36675 0.43516873842592596 0.371 0.4422735347222222 0.3715
13 0.6216696273148149 0.37 0.6332149189814814 0.36675 0.6385435162037036 0.3595 0.6385435162037036 0.35500000000000004 0.6349911180555556 0.34950000000000003 0.6274422731481482 0.34450000000000003 0.623001775462963 0.34325 0.6096802847222222 0.34349999999999997 0.5994671412037037 0.347 0.5945825925925926 0.35225 0.5954706921296297 0.3625 0.6025754884259259 0.36774999999999997 0.6119005324074074 0.37 0.6216696273148149 0.37
13 0.5222024861111111 0.4195 0.5359680277777777 0.42050000000000004 0.5461811712962963 0.41675 0.5501776203703703 0.41325 0.5523978680555556 0.408 0.5506216689814815 0.40125 0.5457371226851851 0.39699999999999996 0.5364120787037037 0.394 0.5222024861111111 0.39375 0.5119893425925925 0.3975 0.5079928958333334 0.40199999999999997 0.5071047962962963 0.40625 0.5088809953703703 0.41125 0.5133214930555555 0.41525 0.5222024861111111 0.4195
13 0.35568383564814815 0.42124999999999996 0.3690053287037037 0.42 0.37833037268518516 0.4115 0.37833037268518516 0.40575 0.376110125 0.40075 0.3690053287037037 0.396 0.36234458333333336 0.39375 0.3490230902777778 0.39475000000000005 0.3423623449074074 0.3965 0.3352575486111111 0.40075 0.333481349537037 0.405 0.333925400462963 0.411 0.33969804629629635 0.41675 0.3450266435185185 0.4195 0.35568383564814815 0.42124999999999996
13 0.6989342800925926 0.4195 0.7038188287037037 0.41975 0.7135879212962963 0.41825 0.7251332152777777 0.4115 0.725577263888889 0.401 0.7206927175925926 0.39575 0.7144760208333333 0.3925 0.7020426296296297 0.39199999999999996 0.690053287037037 0.39325 0.6851687384259258 0.39575 0.6807282407407407 0.40175000000000005 0.6811722916666667 0.40724999999999995 0.6856127893518519 0.413 0.6922735347222222 0.41750000000000004 0.6989342800925926 0.4195
13 0.27353463657407406 0.46950000000000003 0.2815275300925926 0.46825 0.2895204259259259 0.46449999999999997 0.29218472453703703 0.462 0.293516875 0.4565 0.291296625 0.4515 0.2886323263888889 0.44875000000000004 0.27930728240740743 0.44475000000000003 0.27220248611111114 0.44375 0.25799289583333335 0.44549999999999995 0.25133214814814814 0.4495 0.2477797523148148 0.45449999999999996 0.2482238009259259 0.46075000000000005 0.25399644675925925 0.46575 0.26110124305555554 0.46875 0.27353463657407406 0.46950000000000003
13 0.4391651875 0.47 0.4547069282407407 0.46775000000000005 0.4658081712962963 0.46075000000000005 0.4666962708333333 0.45575 0.46403197222222226 0.44875000000000004 0.45293072916666666 0.44375 0.4391651875 0.4435 0.43294849074074077 0.445 0.42406749537037036 0.44899999999999995 0.4222912962962963 0.45249999999999996 0.42184724768518517 0.46025 0.4249555949074074 0.464 0.4289520416666666 0.467 0.4391651875 0.47
13 0.6079040856481482 0.46775000000000005 0.6234458263888889 0.46799999999999997 0.6283303726851851 0.467 0.6349911180555556 0.4635 0.6389875671296296 0.4565 0.6385435162037036 0.45249999999999996 0.6341030185185185 0.447 0.6261101250000001 0.44325000000000003 0.6123445833333334 0.4425 0.6056838356481481 0.44375 0.6012433402777778 0.44575 0.5968028425925925 0.44975 0.5950266435185185 0.45249999999999996 0.5963587916666667 0.45975 0.6003552407407406 0.46375 0.6079040856481482 0.46775000000000005
13 0.6989342800925926 0.516 0.7131438726851852 0.515 0.725577263888889 0.508 0.727353462962963 0.50325 0.7260213148148148 0.498 0.7193605694444444 0.493 0.7131438726851852 0.491 0.7011545300925925 0.49025 0.689609236111111 0.49200000000000005 0.6851687384259258 0.4945 0.6825044398148149 0.4985 0.6816163402777777 0.5015 0.6847246898148148 0.50925 0.6891651875 0.51275 0.6989342800925926 0.516
13 0.5324156296296296 0.51775 0.5444049722222223 0.51625 0.5510657199074074 0.51175 0.5563943171296296 0.505 0.5555062175925927 0.50175 0.5510657199074074 0.49725 0.5430728240740741 0.49224999999999997 0.5359680277777777 0.49125 0.5257548842592593 0.49125 0.5164298402777777 0.4945 0.5106571944444445 0.49825 0.5093250439814815 0.5015 0.5097690949074074 0.50725 0.5150976898148149 0.512 0.5217584375 0.51575 0.5324156296296296 0.51775
13 0.36944937731481486 0.51775 0.38010657175925927 0.51225 0.38232682175925925 0.50725 0.3809946712962963 0.50125 0.3769982245370371 0.497 0.36944937731481486 0.49325 0.36234458333333336 0.49175 0.3490230902777778 0.493 0.34103019444444443 0.497 0.33747779861111116 0.50175 0.3370337476851852 0.50825 0.3401420949074074 0.5125000000000001 0.3454706921296296 0.516 0.36944937731481486 0.51775
13 0.7961811712962963 0.4675 0.8068383657407407 0.46449999999999997 0.8126110115740741 0.45975 0.8143872106481481 0.45599999999999996 0.8139431620370371 0.44925 0.8072824166666668 0.4425 0.7966252222222222 0.4395 0.7890763773148147 0.43925 0.7779751342592592 0.44175000000000003 0.7717584375000001 0.44525000000000003 0.7682060393518518 0.45025000000000004 0.7686500879629631 0.46025 0.7722024861111111 0.46425000000000005 0.7761989351851852 0.46525 0.7961811712962963 0.4675
13 0.7944049722222223 0.564 0.8068383657407407 0.56125 0.8148312615740742 0.55375 0.8148312615740742 0.5475 0.8108348125 0.5425 0.8068383657407407 0.5395 0.7966252222222222 0.537 0.7886323263888889 0.537 0.7775310833333333 0.5387500000000001 0.772646537037037 0.5415 0.7695381875 0.54675 0.7690941388888889 0.55075 0.7722024861111111 0.5595 0.7828596805555555 0.56325 0.7944049722222223 0.564
13 0.6096802847222222 0.5635 0.6238898749999999 0.5645 0.6332149189814814 0.56125 0.6376554166666666 0.5575 0.6398756666666666 0.55375 0.6389875671296296 0.547 0.6336589699074074 0.542 0.6265541736111111 0.5395 0.6141207824074074 0.53925 0.6065719351851853 0.5409999999999999 0.6016873888888888 0.5435 0.5976909421296297 0.5475 0.5972468912037037 0.552 0.5999111898148148 0.55875 0.6043516875 0.56175 0.6096802847222222 0.5635
13 0.4595914745370371 0.56475 0.4675843703703703 0.5605 0.46936056944444443 0.5549999999999999 0.46802841898148145 0.54675 0.4626998217592593 0.54325 0.45337477777777774 0.54025 0.4391651875 0.5407500000000001 0.43516873842592596 0.542 0.4293960925925926 0.54525 0.4258436944444444 0.55025 0.4271758425925926 0.55775 0.4365008888888889 0.56425 0.44893428009259256 0.5655 0.4595914745370371 0.56475
13 0.2624333935185185 0.566 0.27087033796296295 0.56725 0.28285968055555555 0.56675 0.28907637731481484 0.5645 0.2930728240740741 0.56125 0.2961811712962963 0.554 0.2952930717592593 0.5499999999999999 0.2908525763888889 0.54525 0.2837477800925926 0.54225 0.26953818749999997 0.54175 0.2624333935185185 0.5425 0.2548845462962963 0.5457500000000001 0.250888099537037 0.55125 0.250888099537037 0.5569999999999999 0.2531083472222222 0.5599999999999999 0.2575488449074074 0.564 0.2624333935185185 0.566
13 0.36944937731481486 0.615 0.3730017754629629 0.61425 0.38188277083333333 0.6085 0.38454706944444444 0.60325 0.38454706944444444 0.59925 0.38055062268518514 0.5932499999999999 0.37477797453703704 0.5905 0.36634103009259256 0.58875 0.35612788657407407 0.589 0.3450266435185185 0.59175 0.3392539953703704 0.598 0.33880994675925924 0.603 0.34147424537037036 0.60875 0.3499111898148148 0.61425 0.36944937731481486 0.615
13 0.5319715810185185 0.61325 0.5399644768518519 0.61325 0.5466252222222222 0.611 0.5537300185185186 0.606 0.5555062175925927 0.6027499999999999 0.5541740671296297 0.5954999999999999 0.5497335694444444 0.59075 0.5439609236111111 0.5882499999999999 0.5377442268518519 0.58725 0.5253108356481482 0.5875 0.5177619884259259 0.59025 0.5133214930555555 0.59375 0.5111012430555556 0.6012500000000001 0.5128774421296296 0.6055 0.5190941388888889 0.6104999999999999 0.5319715810185185 0.61325
13 0.7069271759259259 0.613 0.7131438726851852 0.612 0.7229129652777778 0.60875 0.7269094143518517 0.60625 0.728685613425926 0.6024999999999999 0.7277975138888889 0.596 0.7246891643518518 0.592 0.7166962708333334 0.5865 0.7060390763888889 0.58575 0.6927175833333332 0.58725 0.6887211365740741 0.5885 0.6842806388888889 0.5935 0.6856127893518519 0.6045 0.688277087962963 0.607 0.6993783310185185 0.6125 0.7069271759259259 0.613
13 0.6167850810185186 0.6607500000000001 0.6265541736111111 0.6607500000000001 0.6363232685185186 0.6579999999999999 0.6429840138888889 0.65125 0.6425399652777778 0.6447499999999999 0.6389875671296296 0.6405000000000001 0.6332149189814814 0.63675 0.623001775462963 0.6339999999999999 0.6101243333333334 0.6347499999999999 0.6043516875 0.638 0.5999111898148148 0.6435000000000001 0.5994671412037037 0.6505000000000001 0.6021314398148149 0.6555 0.606127886574074 0.6579999999999999 0.6167850810185186 0.6607500000000001
13 0.44538188194444445 0.6625 0.4591474236111111 0.6619999999999999 0.4666962708333333 0.65875 0.4702486689814815 0.6549999999999999 0.4711367662037037 0.65025 0.46936056944444443 0.64375 0.4658081712962963 0.6405000000000001 0.458703375 0.6377499999999999 0.45337477777777774 0.63675 0.4387211365740741 0.6377499999999999 0.4311722916666667 0.6415 0.42761989351851853 0.64625 0.42850799305555554 0.6542500000000001 0.4320603912037037 0.65925 0.4356127893518518 0.66125 0.44538188194444445 0.6625