4 0.5532407407407407 0.2986111111111111 0.5694444444444444 0.3125 0.5717592592592593 0.31712962962962965 0.5717592592592593 0.3263888888888889 0.5740740740740741 0.3287037037037037 0.5740740740740741 0.3425925925925926 0.5763888888888888 0.3449074074074074 0.5925925925925926 0.3449074074074074 0.5949074074074074 0.3472222222222222 0.5972222222222222 0.3449074074074074 0.6064814814814815 0.3449074074074074 0.6087962962962963 0.3472222222222222 0.6273148148148148 0.3472222222222222 0.6296296296296297 0.34953703703703703 0.6435185185185185 0.35185185185185186 0.6620370370370371 0.36342592592592593 0.6666666666666666 0.37037037037037035 0.6689814814814815 0.375 0.6689814814814815 0.3912037037037037 0.6643518518518519 0.40046296296296297 0.6574074074074074 0.4074074074074074 0.6458333333333334 0.41203703703703703 0.6412037037037037 0.4166666666666667 0.6342592592592593 0.4166666666666667 0.6226851851851852 0.4212962962962963 0.6087962962962963 0.4212962962962963 0.6064814814814815 0.4236111111111111 0.5740740740740741 0.4236111111111111 0.5694444444444444 0.4305555555555556 0.5694444444444444 0.44212962962962965 0.5671296296296297 0.4444444444444444 0.5671296296296297 0.44907407407407407 0.5601851851851852 0.4583333333333333 0.5393518518518519 0.4699074074074074 0.5208333333333334 0.4722222222222222 0.5185185185185185 0.47453703703703703 0.5023148148148148 0.47453703703703703 0.5 0.4722222222222222 0.5 0.4652777777777778 0.5023148148148148 0.46296296296296297 0.5023148148148148 0.4583333333333333 0.5185185185185185 0.45601851851851855 0.5254629629629629 0.4513888888888889 0.5324074074074074 0.44212962962962965 0.5324074074074074 0.42592592592592593 0.5254629629629629 0.4212962962962963 0.5138888888888888 0.4212962962962963 0.5115740740740741 0.4236111111111111 0.5046296296296297 0.4212962962962963 0.5023148148148148 0.41898148148148145 0.5023148148148148 0.4074074074074074 0.5069444444444444 0.40046296296296297 0.5300925925925926 0.40046296296296297 0.5324074074074074 0.39814814814814814 0.5324074074074074 0.39351851851851855 0.5347222222222222 0.3912037037037037 0.5347222222222222 0.3726851851851852 0.5300925925925926 0.3680555555555556 0.5069444444444444 0.3680555555555556 0.5046296296296297 0.36574074074074076 0.5046296296296297 0.34953703703703703 0.5138888888888888 0.3449074074074074 0.5324074074074074 0.3449074074074074 0.5347222222222222 0.3425925925925926 0.5370370370370371 0.3263888888888889 0.5231481481481481 0.31712962962962965 0.5069444444444444 0.3125 0.5046296296296297 0.30787037037037035 0.5046296296296297 0.2916666666666667 0.5162037037037037 0.28703703703703703 0.5185185185185185 0.28935185185185186 0.5277777777777778 0.28935185185185186 0.5509259259259259 0.2986111111111111
2 0.5 0.3472222222222222 0.5 0.36342592592592593 0.4976851851851852 0.3680555555555556 0.4791666666666667 0.3726851851851852 0.4699074074074074 0.38425925925925924 0.4699074074074074 0.39814814814814814 0.4722222222222222 0.40046296296296297 0.4976851851851852 0.40046296296296297 0.5 0.4027777777777778 0.5 0.4212962962962963 0.4976851851851852 0.4236111111111111 0.4930555555555556 0.42592592592592593 0.48842592592592593 0.4236111111111111 0.4861111111111111 0.42592592592592593 0.47453703703703703 0.4236111111111111 0.4699074074074074 0.42824074074074076 0.4699074074074074 0.4537037037037037 0.47453703703703703 0.4583333333333333 0.49537037037037035 0.4583333333333333 0.4976851851851852 0.46064814814814814 0.4976851851851852 0.47685185185185186 0.47453703703703703 0.47685185185185186 0.4699074074074074 0.48148148148148145 0.4699074074074074 0.4976851851851852 0.48148148148148145 0.5092592592592593 0.4930555555555556 0.5115740740740741 0.5 0.5162037037037037 0.5 0.5254629629629629 0.49537037037037035 0.5300925925925926 0.48148148148148145 0.5300925925925926 0.4791666666666667 0.5277777777777778 0.4722222222222222 0.5277777777777778 0.4699074074074074 0.5254629629629629 0.4583333333333333 0.5231481481481481 0.4537037037037037 0.5185185185185185 0.44675925925925924 0.5162037037037037 0.4351851851851852 0.5046296296296297 0.4351851851851852 0.5 0.43287037037037035 0.4976851851851852 0.43287037037037035 0.48148148148148145 0.42824074074074076 0.47685185185185186 0.4050925925925926 0.47685185185185186 0.4027777777777778 0.4722222222222222 0.4027777777777778 0.46296296296296297 0.4074074074074074 0.45601851851851855 0.41203703703703703 0.45601851851851855 0.41435185185185186 0.4583333333333333 0.42824074074074076 0.4583333333333333 0.4305555555555556 0.45601851851851855 0.43287037037037035 0.4513888888888889 0.43287037037037035 0.42592592592592593 0.4305555555555556 0.4236111111111111 0.4050925925925926 0.4236111111111111 0.4027777777777778 0.4212962962962963 0.4027777777777778 0.4027777777777778 0.4050925925925926 0.40046296296296297 0.4305555555555556 0.40046296296296297 0.43287037037037035 0.39814814814814814 0.43287037037037035 0.3773148148148148 0.4398148148148148 0.36574074074074076 0.44907407407407407 0.3587962962962963 0.4699074074074074 0.34953703703703703 0.4976851851851852 0.3472222222222222
6 0.5023148148148148 0.5115740740740741 0.5370370370370371 0.5162037037037037 0.5555555555555556 0.5254629629629629 0.5671296296296297 0.5370370370370371 0.5694444444444444 0.5532407407407407 0.5740740740740741 0.5648148148148148 0.6180555555555556 0.5648148148148148 0.625 0.5601851851851852 0.625 0.5439814814814815 0.6273148148148148 0.5416666666666666 0.6273148148148148 0.5370370370370371 0.6319444444444444 0.5300925925925926 0.6412037037037037 0.5231481481481481 0.6643518518518519 0.5138888888888888 0.6805555555555556 0.5138888888888888 0.6828703703703703 0.5115740740740741 0.6898148148148148 0.5115740740740741 0.6990740740740741 0.5162037037037037 0.6990740740740741 0.5254629629629629 0.6967592592592593 0.5300925925925926 0.6759259259259259 0.5370370370370371 0.6666666666666666 0.5486111111111112 0.6666666666666666 0.5625 0.6689814814814815 0.5648148148148148 0.6898148148148148 0.5648148148148148 0.6944444444444444 0.5671296296296297 0.6967592592592593 0.5694444444444444 0.6967592592592593 0.5833333333333334 0.6944444444444444 0.5856481481481481 0.6643518518518519 0.5856481481481481 0.6620370370370371 0.5879629629629629 0.6643518518518519 0.5925925925925926 0.6643518518518519 0.6111111111111112 0.6597222222222222 0.6180555555555556 0.6458333333333334 0.6296296296296297 0.6226851851851852 0.6388888888888888 0.6134259259259259 0.6388888888888888 0.6111111111111112 0.6412037037037037 0.5879629629629629 0.6412037037037037 0.5856481481481481 0.6388888888888888 0.5763888888888888 0.6388888888888888 0.5740740740740741 0.6365740740740741 0.5601851851851852 0.6342592592592593 0.5416666666666666 0.6226851851851852 0.5324074074074074 0.6087962962962963 0.5324074074074074 0.5879629629629629 0.5300925925925926 0.5856481481481481 0.5046296296296297 0.5856481481481481 0.5023148148148148 0.5810185185185185 0.5023148148148148 0.5671296296296297 0.5046296296296297 0.5648148148148148 0.5277777777777778 0.5648148148148148 0.5324074074074074 0.5601851851851852 0.5324074074074074 0.5462962962962963 0.5254629629629629 0.5370370370370371 0.5138888888888888 0.5347222222222222 0.5046296296296297 0.5300925925925926 0.5023148148148148 0.5138888888888888
11 0.043516875 0.3485 0.04751332175925926 0.59925 0.05017762037037037 0.6265000000000001 0.0532859675925926 0.62975 0.05728241666666666 0.631 0.05994671296296296 0.63925 0.058170516203703705 0.651 0.05550621759259259 0.654 0.05550621759259259 0.6649999999999999 0.05106571990740741 0.6715000000000001 0.05106571990740741 0.67841675 0.04928952083333333 0.68125 0.04618117129629629 0.6825 0.0484014212962963 0.6925 0.054174067129629626 0.697 0.05728241666666666 0.70525 0.07326820601851852 0.707 0.0896980462962963 0.7060000000000001 0.09547069212962962 0.7065 0.10124334027777777 0.705 0.10879218518518519 0.70625 0.1727353472222222 0.7065 0.18561278935185185 0.705 0.20737122453703702 0.705 0.2113676736111111 0.7042499999999999 0.291296625 0.7045 0.6718472476851851 0.70175 0.6789520416666667 0.701 0.7899644768518519 0.701 0.8028419189814815 0.69975 0.8046181180555556 0.697 0.8086145648148148 0.69475 0.8134991111111112 0.6945 0.8188277083333333 0.6960000000000001 0.8210479583333333 0.7005 0.8312611018518519 0.7 0.83259325 0.69875 0.8889875671296296 0.6985 0.8907637662037038 0.7002499999999999 0.8992007106481481 0.6990000000000001 0.9280639421296297 0.6995 0.9302841921296297 0.6972499999999999 0.9404973356481482 0.693 0.9427175833333332 0.693 0.9444937824074074 0.682375 0.9480461805555556 0.6789999999999999 0.956483125 0.681 0.957815275462963 0.6695 0.9529307291666667 0.66 0.956483125 0.6577500000000001 0.957815275462963 0.6545000000000001 0.9325044398148149 0.6262500000000001 0.9387211365740741 0.6230000000000001 0.9391651875 0.62 0.9422735347222222 0.6167499999999999 0.9413854351851852 0.60075 0.9427175833333332 0.59175 0.9413854351851852 0.58725 0.9431616342592593 0.5805 0.9431616342592593 0.56075 0.9418294837962963 0.5495 0.9444937824074074 0.54 0.9440497337962962 0.50125 0.9427175833333332 0.49875 0.9462699814814814 0.47674999999999995 0.9458259328703704 0.4625 0.9444937824074074 0.46125 0.9453818819444444 0.44525000000000003 0.9436056828703704 0.44225 0.9462699814814814 0.42250000000000004 0.9449378333333334 0.41050000000000003 0.9462699814814814 0.40875 0.9453818819444444 0.40016675 0.9467140324074074 0.39375 0.9449378333333334 0.3685 0.9476021319444444 0.33875 0.9458259328703704 0.32625 0.9484902314814815 0.30874999999999997 0.9453818819444444 0.2995 0.9471580810185185 0.29750000000000004 0.9462699814814814 0.29375 0.9498223796296296 0.2845 0.9498223796296296 0.279 0.9476021319444444 0.27575 0.9498223796296296 0.255 0.9484902314814815 0.2385 0.9458259328703704 0.232 0.9298401412037037 0.21650000000000003 0.9245115462962963 0.2135 0.9156305509259259 0.21 0.9111900532407406 0.20950000000000002 0.9040852569444445 0.20600000000000002 0.8805506226851852 0.20375 0.8707815277777777 0.2045 0.8237122546296297 0.20274999999999999 0.8174955601851851 0.20299999999999999 0.8134991111111112 0.20425000000000001 0.7770870347222222 0.20199999999999999 0.543516875 0.20024999999999998 0.48889875694444446 0.2015 0.4809058611111111 0.20075 0.4444937824074074 0.20124999999999998 0.42317939583333336 0.2005 0.4129662523148148 0.20124999999999998 0.3903197152777778 0.19975 0.38765541666666664 0.20075 0.3658969814814815 0.2015 0.3627886319444445 0.19975 0.3521314398148148 0.199 0.27087033796296295 0.19924999999999998 0.2282415625 0.198 0.21181172222222222 0.199 0.20071047916666665 0.198 0.12921847222222224 0.19749999999999998 0.11412078240740742 0.199 0.09147424537037037 0.19924999999999998 0.07326820601851852 0.20274999999999999 0.058170516203703705 0.21025000000000002 0.04973356944444445 0.21650000000000003 0.043072824074074076 0.22675 0.043072824074074076 0.23074999999999998 0.040852576388888895 0.233 0.03996447685185185 0.2375 0.03996447685185185 0.27225 0.04218472453703704 0.298 0.041296625 0.32399999999999995 0.043516875 0.3485
12 0.9719849027777777 0.63914625 0.020128775462962965 0.63914625 0.020128775462962965 0.7090737500000001 0.9719849027777777 0.7090737500000001 0.9719849027777777 0.63914625
13 0.38676731712962964 0.2855 0.3978685601851852 0.28925 0.41119005324074076 0.289 0.42140319675925925 0.28525 0.4271758425925926 0.279 0.4289520416666666 0.26975 0.4249555949074074 0.26275 0.41785079861111113 0.258 0.41119005324074076 0.256 0.4049733564814815 0.25575 0.38676731712962964 0.2575 0.38143872222222225 0.26025 0.37833037268518516 0.264 0.3765541736111111 0.26875 0.3778863240740741 0.276 0.38055062268518514 0.28075 0.38676731712962964 0.2855
13 0.6043516875 0.289 0.6132326828703704 0.28675 0.6194493773148148 0.283 0.6234458263888889 0.27649999999999997 0.6225577268518518 0.26875 0.6194493773148148 0.264 0.6092362337962962 0.2585 0.5941385439814815 0.2585 0.5821492013888888 0.26025 0.5768206041666667 0.26325 0.5737122546296296 0.2675 0.5746003541666667 0.27975 0.581705150462963 0.2855 0.5914742453703704 0.28825 0.6043516875 0.289
13 0.6842806388888889 0.3425 0.6887211365740741 0.34349999999999997 0.7047069282407408 0.34349999999999997 0.7100355231481481 0.342 0.7158081712962963 0.33825 0.7193605694444444 0.33225000000000005 0.7193605694444444 0.328 0.7166962708333334 0.323 0.7095914745370371 0.3175 0.6984902314814815 0.315 0.6865008888888888 0.31575 0.6762877453703703 0.319 0.6714031967592592 0.3235 0.6709591481481482 0.33099999999999996 0.6727353472222222 0.3355 0.6749555949074074 0.3385 0.6842806388888889 0.3425
13 0.4955595023148148 0.34175 0.5053285972222222 0.3425 0.5177619884259259 0.33925000000000005 0.5222024861111111 0.33649999999999997 0.5270870347222222 0.33075 0.5279751342592592 0.32425 0.5257548842592593 0.321 0.516873888888889 0.3165 0.5048845462962963 0.31349999999999995 0.4866785069444444 0.31575 0.48046181250000003 0.31875 0.477353462962963 0.3225 0.47690941435185186 0.32925 0.48134991203703703 0.337 0.4853463587962963 0.33949999999999997 0.4955595023148148 0.34175
13 0.290408525462963 0.34125 0.29973356944444446 0.34325 0.31261101157407406 0.34299999999999997 0.3210479583333334 0.341 0.32593250462962964 0.33775 0.3294849027777778 0.33225000000000005 0.3303730023148148 0.3245 0.3237122546296296 0.31675000000000003 0.3174955601851852 0.31375 0.3068383657407407 0.31150000000000005 0.293516875 0.3125 0.2859680277777778 0.31675000000000003 0.28063943055555557 0.322 0.27930728240740743 0.3245 0.28019538194444443 0.33175 0.28285968055555555 0.33599999999999997 0.290408525462963 0.34125
13 0.19671403240740742 0.398 0.20293072916666668 0.40125 0.21980461805555557 0.3975 0.2282415625 0.39175 0.23134991203703703 0.387 0.23134991203703703 0.37975 0.22690941435185186 0.37400000000000005 0.21936056944444446 0.37 0.2038188287037037 0.3675 0.1962699814814815 0.368 0.18294849074074074 0.37325 0.1798401412037037 0.37825 0.17895204166666667 0.3835 0.18383659027777777 0.393 0.19227353472222222 0.3975 0.19671403240740742 0.398
13 0.39387211342592593 0.39825000000000005 0.4009769097222222 0.39899999999999997 0.4147424513888889 0.3965 0.4236234467592592 0.391 0.4262877453703704 0.3875 0.4258436944444444 0.37925000000000003 0.42317939583333336 0.37474999999999997 0.41563055092592593 0.37074999999999997 0.4014209583333333 0.368 0.39387211342592593 0.3685 0.38676731712962964 0.37074999999999997 0.3787744236111111 0.37775 0.3778863240740741 0.3835 0.38010657175925927 0.38999999999999996 0.38365896990740744 0.394 0.39387211342592593 0.39825000000000005
13 0.5968028425925925 0.39875 0.6025754884259259 0.39875 0.6150088819444444 0.39699999999999996 0.6203374768518519 0.39499999999999996 0.6252220254629629 0.38775000000000004 0.6252220254629629 0.385 0.6234458263888889 0.38025 0.6176731782407408 0.37400000000000005 0.6056838356481481 0.37074999999999997 0.5976909421296297 0.37050000000000005 0.580817050925926 0.37074999999999997 0.5759325046296296 0.37375 0.5759325046296296 0.38775000000000004 0.5790408518518518 0.39325 0.583481349537037 0.39625 0.5968028425925925 0.39875
13 0.7793072824074074 0.39925 0.7864120787037037 0.40025 0.7988454699074075 0.40025 0.809058613425926 0.3975 0.8143872106481481 0.39349999999999996 0.8161634097222221 0.3885 0.8157193611111111 0.38025 0.8072824166666668 0.37274999999999997 0.7970692708333333 0.37 0.7890763773148147 0.3695 0.7833037291666666 0.37025 0.7730905856481483 0.3735 0.7682060393518518 0.377 0.7655417407407407 0.38325 0.7650976898148149 0.38725 0.7677619884259259 0.39325 0.7753108356481482 0.39825000000000005 0.7793072824074074 0.39925
13 0.6918294837962963 0.45425 0.7002664305555556 0.45425 0.7100355231481481 0.45249999999999996 0.7158081712962963 0.448 0.7180284189814815 0.44375 0.7180284189814815 0.43625 0.7144760208333333 0.43075 0.7095914745370371 0.42725 0.6998223796296296 0.425 0.6856127893518519 0.42474999999999996 0.6793960925925927 0.42624999999999996 0.6749555949074074 0.42875 0.6691829490740742 0.436 0.6696269976851852 0.44549999999999995 0.6736234467592593 0.45 0.6785079930555555 0.45225000000000004 0.6918294837962963 0.45425
13 0.5022202476851851 0.4535 0.516873888888889 0.45 0.5230905856481481 0.446 0.5248667847222221 0.4405 0.5235346365740741 0.4335 0.5213143865740741 0.43024999999999997 0.5119893425925925 0.4255 0.4977797523148148 0.42525 0.4884547060185185 0.42725 0.4809058611111111 0.43174999999999997 0.47912966203703705 0.43524999999999997 0.479573712962963 0.44375 0.4822380115740741 0.44675000000000004 0.4915630555555556 0.45175000000000004 0.5022202476851851 0.4535
13 0.3001776203703703 0.4565 0.31927175925925927 0.45249999999999996 0.3237122546296296 0.45 0.32815275231481483 0.4495 0.33214920138888887 0.43825000000000003 0.3272646527777778 0.43075 0.3179396087962963 0.42525 0.29662522222222226 0.42425 0.2859680277777778 0.42824999999999996 0.28197158101851855 0.43225 0.28063943055555557 0.4355 0.28197158101851855 0.4465 0.28996447685185184 0.453 0.3001776203703703 0.4565
13 0.20293072916666668 0.51125 0.22291296527777776 0.5085 0.22557726388888888 0.5055000000000001 0.2304618125 0.50475 0.23401421064814815 0.49475 0.23357015972222223 0.49125 0.23001776157407405 0.4855 0.2211367662037037 0.48024999999999995 0.21003552314814816 0.4785 0.1918294837962963 0.48000000000000004 0.18428063888888888 0.48425 0.18072824074074076 0.49025 0.18028419212962965 0.4945 0.18339253935185185 0.5015 0.19271758333333333 0.50875 0.20293072916666668 0.51125
13 0.39342806481481485 0.5075000000000001 0.4045293078703704 0.50875 0.41740675 0.5065 0.42406749537037036 0.5035 0.42673179398148153 0.49774999999999997 0.4258436944444444 0.4895 0.42317939583333336 0.48574999999999996 0.4147424513888889 0.4805 0.4009769097222222 0.47950000000000004 0.3903197152777778 0.4805 0.38321491898148147 0.48425 0.37966252314814813 0.48825 0.3787744236111111 0.495 0.38143872222222225 0.50025 0.38454706944444444 0.504 0.39342806481481485 0.5075000000000001
13 0.6021314398148149 0.5085 0.6119005324074074 0.506 0.6198934282407408 0.5 0.6212255763888889 0.491 0.6185612777777778 0.48675 0.6141207824074074 0.48300000000000004 0.6056838356481481 0.47975 0.5976909421296297 0.479 0.581705150462963 0.481 0.5777087037037036 0.48325 0.5728241574074074 0.48924999999999996 0.5737122546296296 0.5 0.5781527523148148 0.50525 0.5888099467592592 0.5075000000000001 0.6021314398148149 0.5085
13 0.792628775462963 0.5097499999999999 0.7966252222222222 0.50925 0.8072824166666668 0.50525 0.8139431620370371 0.49924999999999997 0.8148312615740742 0.49074999999999996 0.8130550624999999 0.48775 0.8072824166666668 0.4825 0.7966252222222222 0.47925 0.7788632337962963 0.479 0.7753108356481482 0.47975 0.7686500879629631 0.48300000000000004 0.7637655416666667 0.489 0.7633214930555555 0.4945 0.7673179398148149 0.5027499999999999 0.7757548842592592 0.508 0.792628775462963 0.5097499999999999
13 0.7087033749999999 0.56225 0.7175843703703704 0.556 0.7220248657407408 0.5475 0.7211367662037037 0.54125 0.7118117222222222 0.5317500000000001 0.7029307291666667 0.52825 0.6949378333333334 0.53275 0.6780639421296297 0.5375 0.6718472476851851 0.54325 0.6696269976851852 0.54825 0.6714031967592592 0.55925 0.6856127893518519 0.561 0.6998223796296296 0.5652499999999999 0.7087033749999999 0.56225
13 0.5164298402777777 0.558 0.522646537037037 0.554 0.5244227361111111 0.551 0.5253108356481482 0.5457500000000001 0.522646537037037 0.54 0.5133214930555555 0.53575 0.5039964467592593 0.5339999999999999 0.49378330324074077 0.5345 0.4844582592592592 0.5365 0.479573712962963 0.53925 0.47602131481481486 0.5445 0.4764653634259259 0.55075 0.4831261111111111 0.55775 0.49822380092592594 0.5619999999999999 0.5164298402777777 0.558
13 0.3028419189814815 0.564 0.3206039074074074 0.5635 0.32460035416666666 0.55875 0.32992895138888884 0.55575 0.3330373009259259 0.5515 0.333925400462963 0.5465 0.32859680324074075 0.53975 0.3237122546296296 0.5365 0.31705150925925923 0.5345 0.30639431712962967 0.533 0.2930728240740741 0.535 0.2846358796296296 0.53975 0.28197158101851855 0.54325 0.2815275300925926 0.5505 0.28507992824074074 0.55625 0.293516875 0.56175 0.3028419189814815 0.564
13 0.39964475925925924 0.6167499999999999 0.41119005324074076 0.6167499999999999 0.41740675 0.61475 0.4258436944444444 0.6097499999999999 0.4302841921296296 0.6027499999999999 0.4293960925925926 0.59875 0.42539964583333334 0.5935 0.41829484953703705 0.58975 0.4080817060185185 0.58775 0.39964475925925924 0.5875 0.38587921759259264 0.59075 0.37833037268518516 0.5985 0.37833037268518516 0.605 0.38232682175925925 0.61 0.3912078148148148 0.615 0.39964475925925924 0.6167499999999999
13 0.5865896990740741 0.615 0.5968028425925925 0.6160000000000001 0.6056838356481481 0.615 0.6105683842592592 0.61325 0.6185612777777778 0.60775 0.6207815277777777 0.603 0.6207815277777777 0.596 0.6163410300925926 0.5912499999999999 0.6123445833333334 0.5895 0.5954706921296297 0.5885 0.5848135 0.589 0.5750444050925926 0.593 0.5732682060185185 0.5964999999999999 0.5728241574074074 0.603 0.5759325046296296 0.6092500000000001 0.5812611018518519 0.6134999999999999 0.5865896990740741 0.615