0 0.07175925925925926 0.5439814814814815 0.0763888888888889 0.5416666666666666 0.12037037037037036 0.5439814814814815 0.13194444444444445 0.5578703703703703 0.1412037037037037 0.5625 0.17824074074074073 0.5625 0.18055555555555555 0.5601851851851852 0.18055555555555555 0.5486111111111112 0.18518518518518517 0.5439814814814815 0.22685185185185186 0.5439814814814815 0.23148148148148148 0.5462962962962963 0.23148148148148148 0.5601851851851852 0.2337962962962963 0.5625 0.2824074074074074 0.5625 0.2847222222222222 0.5648148148148148 0.2916666666666667 0.5648148148148148 0.29398148148148145 0.5671296296296297 0.3055555555555556 0.5694444444444444 0.32407407407407407 0.5787037037037037 0.33564814814814814 0.5902777777777778 0.33564814814814814 0.5972222222222222 0.33796296296296297 0.5995370370370371 0.33796296296296297 0.6134259259259259 0.33564814814814814 0.6157407407407407 0.33564814814814814 0.6203703703703703 0.3402777777777778 0.625 0.3472222222222222 0.625 0.34953703703703703 0.6226851851851852 0.3680555555555556 0.6226851851851852 0.3680555555555556 0.6365740740740741 0.36342592592592593 0.6481481481481481 0.33796296296296297 0.6481481481481481 0.33564814814814814 0.6504629629629629 0.33564814814814814 0.6666666666666666 0.33796296296296297 0.6712962962962963 0.3425925925925926 0.6759259259259259 0.36574074074074076 0.6851851851851852 0.36574074074074076 0.7106481481481481 0.3449074074074074 0.7106481481481481 0.3425925925925926 0.7083333333333334 0.33564814814814814 0.7083333333333334 0.3333333333333333 0.7060185185185185 0.32175925925925924 0.7037037037037037 0.31712962962962965 0.6990740740740741 0.3055555555555556 0.6944444444444444 0.29398148148148145 0.6828703703703703 0.2916666666666667 0.6782407407407407 0.2916666666666667 0.6643518518518519 0.28935185185185186 0.6620370370370371 0.2916666666666667 0.6597222222222222 0.2916666666666667 0.6504629629629629 0.28935185185185186 0.6481481481481481 0.2361111111111111 0.6481481481481481 0.2337962962962963 0.6458333333333334 0.22453703703703703 0.6458333333333334 0.2222222222222222 0.6435185185185185 0.21064814814814814 0.6412037037037037 0.2013888888888889 0.6342592592592593 0.19675925925925927 0.6342592592592593 0.18055555555555555 0.6157407407407407 0.18055555555555555 0.6111111111111112 0.17824074074074073 0.6087962962962963 0.18055555555555555 0.5879629629629629 0.17824074074074073 0.5856481481481481 0.16435185185185186 0.5856481481481481 0.16203703703703703 0.5833333333333334 0.1597222222222222 0.5856481481481481 0.1412037037037037 0.5856481481481481 0.1388888888888889 0.5833333333333334 0.125 0.5833333333333334 0.12268518518518519 0.5810185185185185 0.12037037037037036 0.5833333333333334 0.11805555555555555 0.5810185185185185 0.10416666666666667 0.5787037037037037 0.08333333333333333 0.5671296296296297 0.0763888888888889 0.5601851851851852 0.07175925925925926 0.5509259259259259 0.07175925925925926 0.5462962962962963
7 0.5162037037037037 0.41898148148148145 0.5208333333333334 0.41898148148148145 0.5231481481481481 0.4166666666666667 0.5300925925925926 0.4166666666666667 0.5324074074074074 0.41898148148148145 0.5578703703703703 0.41898148148148145 0.5578703703703703 0.43287037037037035 0.5601851851851852 0.4351851851851852 0.5949074074074074 0.4351851851851852 0.5972222222222222 0.4375 0.6203703703703703 0.4375 0.6226851851851852 0.4351851851851852 0.6226851851851852 0.4212962962962963 0.6273148148148148 0.4166666666666667 0.6643518518518519 0.41898148148148145 0.6666666666666666 0.4212962962962963 0.6643518518518519 0.42592592592592593 0.6643518518518519 0.4351851851851852 0.6666666666666666 0.4375 0.6967592592592593 0.4375 0.7013888888888888 0.4398148148148148 0.7013888888888888 0.4444444444444444 0.6967592592592593 0.44675925925925924 0.6967592592592593 0.45601851851851855 0.6921296296296297 0.46064814814814814 0.6689814814814815 0.46064814814814814 0.6643518518518519 0.4652777777777778 0.6643518518518519 0.4837962962962963 0.6759259259259259 0.4930555555555556 0.6990740740740741 0.5 0.6990740740740741 0.5162037037037037 0.6967592592592593 0.5185185185185185 0.6828703703703703 0.5208333333333334 0.6805555555555556 0.5185185185185185 0.6574074074074074 0.5138888888888888 0.6504629629629629 0.5092592592592593 0.6458333333333334 0.5092592592592593 0.6412037037037037 0.5046296296296297 0.6365740740740741 0.5046296296296297 0.6319444444444444 0.4976851851851852 0.6226851851851852 0.49074074074074076 0.6226851851851852 0.4699074074074074 0.6180555555555556 0.4583333333333333 0.5601851851851852 0.4583333333333333 0.5555555555555556 0.46296296296296297 0.5555555555555556 0.4699074074074074 0.5532407407407407 0.4722222222222222 0.5555555555555556 0.47453703703703703 0.5532407407407407 0.47685185185185186 0.5162037037037037 0.47685185185185186 0.5138888888888888 0.47453703703703703 0.5162037037037037 0.4675925925925926 0.5115740740740741 0.4583333333333333 0.4861111111111111 0.4583333333333333 0.4837962962962963 0.45601851851851855 0.48148148148148145 0.4583333333333333 0.4675925925925926 0.4583333333333333 0.4583333333333333 0.46296296296296297 0.44675925925925924 0.47685185185185186 0.4074074074074074 0.47685185185185186 0.4097222222222222 0.4652777777777778 0.41435185185185186 0.4583333333333333 0.4166666666666667 0.4583333333333333 0.42592592592592593 0.44907407407407407 0.4398148148148148 0.44212962962962965 0.44675925925925924 0.44212962962962965 0.4583333333333333 0.4375 0.4861111111111111 0.4375 0.48842592592592593 0.4351851851851852 0.4930555555555556 0.4375 0.5115740740740741 0.4375 0.5162037037037037 0.43287037037037035 0.5162037037037037 0.4212962962962963
1 0.5879629629629629 0.25462962962962965 0.5879629629629629 0.27314814814814814 0.5833333333333334 0.2777777777777778 0.5578703703703703 0.28935185185185186 0.5578703703703703 0.3125 0.5601851851851852 0.3148148148148148 0.5856481481481481 0.3148148148148148 0.5856481481481481 0.33564814814814814 0.5810185185185185 0.3402777777777778 0.5740740740740741 0.3402777777777778 0.5717592592592593 0.33796296296296297 0.5694444444444444 0.3402777777777778 0.5648148148148148 0.33796296296296297 0.5555555555555556 0.33796296296296297 0.5532407407407407 0.3402777777777778 0.5532407407407407 0.37037037037037035 0.5601851851851852 0.375 0.6064814814814815 0.375 0.6087962962962963 0.3773148148148148 0.625 0.37962962962962965 0.6319444444444444 0.38425925925925924 0.6388888888888888 0.38425925925925924 0.6574074074074074 0.39814814814814814 0.6620370370370371 0.4027777777777778 0.6620370370370371 0.4074074074074074 0.6643518518518519 0.4097222222222222 0.6620370370370371 0.41435185185185186 0.6458333333333334 0.41435185185185186 0.6435185185185185 0.4166666666666667 0.6388888888888888 0.4166666666666667 0.6365740740740741 0.41435185185185186 0.6203703703703703 0.41435185185185186 0.6180555555555556 0.41203703703703703 0.6203703703703703 0.4097222222222222 0.6157407407407407 0.4050925925925926 0.6111111111111112 0.4050925925925926 0.5995370370370371 0.39814814814814814 0.5555555555555556 0.39814814814814814 0.5532407407407407 0.40046296296296297 0.5555555555555556 0.41435185185185186 0.5416666666666666 0.41435185185185186 0.5393518518518519 0.4166666666666667 0.5162037037037037 0.41435185185185186 0.5092592592592593 0.4074074074074074 0.5046296296296297 0.39814814814814814 0.4976851851851852 0.39814814814814814 0.49537037037037035 0.40046296296296297 0.49074074074074076 0.39814814814814814 0.47685185185185186 0.40046296296296297 0.47453703703703703 0.39814814814814814 0.4537037037037037 0.39814814814814814 0.4513888888888889 0.3958333333333333 0.43287037037037035 0.3912037037037037 0.41435185185185186 0.37962962962962965 0.4050925925925926 0.36342592592592593 0.4050925925925926 0.3449074074074074 0.4097222222222222 0.33796296296296297 0.4236111111111111 0.3263888888888889 0.4398148148148148 0.3194444444444444 0.4583333333333333 0.31712962962962965 0.46064814814814814 0.3148148148148148 0.5115740740740741 0.3148148148148148 0.5138888888888888 0.3125 0.5138888888888888 0.2986111111111111 0.5162037037037037 0.2962962962962963 0.5138888888888888 0.2847222222222222 0.5324074074074074 0.2638888888888889 0.5370370370370371 0.2638888888888889 0.5462962962962963 0.25925925925925924 0.5532407407407407 0.25925925925925924 0.5601851851851852 0.25462962962962965 0.5856481481481481 0.25462962962962965
8 0.31712962962962965 0.41898148148148145 0.3194444444444444 0.4212962962962963 0.33796296296296297 0.4212962962962963 0.3402777777777778 0.4236111111111111 0.3402777777777778 0.4351851851851852 0.3425925925925926 0.4375 0.3912037037037037 0.4375 0.4050925925925926 0.4212962962962963 0.4166666666666667 0.4212962962962963 0.41898148148148145 0.41898148148148145 0.4398148148148148 0.41898148148148145 0.4444444444444444 0.4212962962962963 0.4444444444444444 0.43287037037037035 0.4351851851851852 0.44212962962962965 0.4074074074074074 0.4583333333333333 0.3888888888888889 0.46064814814814814 0.38657407407407407 0.46296296296296297 0.34953703703703703 0.46296296296296297 0.3449074074074074 0.46064814814814814 0.3402777777777778 0.4652777777777778 0.3402777777777778 0.4791666666666667 0.33796296296296297 0.48148148148148145 0.33564814814814814 0.4930555555555556 0.3194444444444444 0.5069444444444444 0.30092592592592593 0.5162037037037037 0.29398148148148145 0.5162037037037037 0.2824074074074074 0.5208333333333334 0.2337962962962963 0.5208333333333334 0.22916666666666666 0.5254629629629629 0.22916666666666666 0.5347222222222222 0.22685185185185186 0.5393518518518519 0.2222222222222222 0.5416666666666666 0.2175925925925926 0.5416666666666666 0.2152777777777778 0.5393518518518519 0.18518518518518517 0.5393518518518519 0.17824074074074073 0.5347222222222222 0.18055555555555555 0.5231481481481481 0.1736111111111111 0.5185185185185185 0.14583333333333334 0.5185185185185185 0.14351851851851852 0.5208333333333334 0.1388888888888889 0.5208333333333334 0.12962962962962962 0.5254629629629629 0.125 0.5300925925925926 0.12268518518518519 0.5370370370370371 0.11805555555555555 0.5370370370370371 0.1087962962962963 0.5416666666666666 0.10648148148148148 0.5393518518518519 0.10416666666666667 0.5416666666666666 0.09953703703703703 0.5393518518518519 0.09722222222222222 0.5416666666666666 0.07407407407407407 0.5416666666666666 0.06944444444444445 0.5370370370370371 0.06944444444444445 0.5300925925925926 0.08101851851851852 0.5162037037037037 0.09259259259259259 0.5092592592592593 0.09722222222222222 0.5092592592592593 0.11574074074074074 0.5 0.13194444444444445 0.5 0.13425925925925927 0.4976851851851852 0.13657407407407407 0.5 0.1388888888888889 0.4976851851851852 0.17824074074074073 0.4976851851851852 0.18055555555555555 0.49537037037037035 0.18055555555555555 0.4791666666666667 0.18287037037037038 0.47685185185185186 0.18287037037037038 0.4699074074074074 0.2013888888888889 0.44907407407407407 0.21296296296296297 0.44675925925925924 0.2199074074074074 0.44212962962962965 0.24074074074074073 0.4398148148148148 0.24305555555555555 0.4375 0.29398148148148145 0.4375 0.2962962962962963 0.4351851851851852 0.2962962962962963 0.4212962962962963 0.3148148148148148 0.4212962962962963
10 0.5324074074074074 0.4791666666666667 0.5347222222222222 0.48148148148148145 0.5509259259259259 0.48148148148148145 0.5532407407407407 0.4837962962962963 0.5532407407407407 0.49537037037037035 0.5578703703703703 0.5 0.5833333333333334 0.5 0.5856481481481481 0.5023148148148148 0.5856481481481481 0.5208333333333334 0.5555555555555556 0.5208333333333334 0.5532407407407407 0.5231481481481481 0.5532407407407407 0.5462962962962963 0.5601851851851852 0.5532407407407407 0.5694444444444444 0.5578703703703703 0.5810185185185185 0.5601851851851852 0.5879629629629629 0.5694444444444444 0.5879629629629629 0.5810185185185185 0.5555555555555556 0.5787037037037037 0.5486111111111112 0.5740740740740741 0.5324074074074074 0.5694444444444444 0.5231481481481481 0.5601851851851852 0.5138888888888888 0.5462962962962963 0.5138888888888888 0.5254629629629629 0.5092592592592593 0.5208333333333334 0.4513888888888889 0.5208333333333334 0.4444444444444444 0.5277777777777778 0.4444444444444444 0.5347222222222222 0.44675925925925924 0.5370370370370371 0.4444444444444444 0.5416666666666666 0.4444444444444444 0.5509259259259259 0.4305555555555556 0.5648148148148148 0.4305555555555556 0.5671296296296297 0.4027777777777778 0.5787037037037037 0.37962962962962965 0.5810185185185185 0.3773148148148148 0.5833333333333334 0.3611111111111111 0.5833333333333334 0.3587962962962963 0.5810185185185185 0.33564814814814814 0.5787037037037037 0.3125 0.5694444444444444 0.2986111111111111 0.5555555555555556 0.29398148148148145 0.5462962962962963 0.2962962962962963 0.5300925925925926 0.30787037037037035 0.5162037037037037 0.3194444444444444 0.5092592592592593 0.32407407407407407 0.5092592592592593 0.33796296296296297 0.5023148148148148 0.35185185185185186 0.5023148148148148 0.3541666666666667 0.5 0.4027777777777778 0.5 0.4050925925925926 0.4976851851851852 0.4050925925925926 0.4837962962962963 0.41435185185185186 0.4791666666666667 0.4351851851851852 0.4791666666666667 0.4375 0.48148148148148145 0.4444444444444444 0.48148148148148145 0.44675925925925924 0.4837962962962963 0.4444444444444444 0.49537037037037035 0.4513888888888889 0.5 0.5092592592592593 0.5 0.5138888888888888 0.49537037037037035 0.5138888888888888 0.4837962962962963 0.5162037037037037 0.48148148148148145 0.5254629629629629 0.48148148148148145 0.5300925925925926 0.4791666666666667
6 0.49537037037037035 0.5601851851851852 0.4976851851851852 0.5625 0.5092592592592593 0.5625 0.5115740740740741 0.5648148148148148 0.5231481481481481 0.5671296296296297 0.5416666666666666 0.5763888888888888 0.5532407407407407 0.5902777777777778 0.5532407407407407 0.5949074074074074 0.5555555555555556 0.5972222222222222 0.5555555555555556 0.6180555555555556 0.5578703703703703 0.6203703703703703 0.5856481481481481 0.6203703703703703 0.5879629629629629 0.6226851851851852 0.5879629629629629 0.6319444444444444 0.5902777777777778 0.6342592592592593 0.5879629629629629 0.6435185185185185 0.5717592592592593 0.6435185185185185 0.5694444444444444 0.6458333333333334 0.5601851851851852 0.6435185185185185 0.5555555555555556 0.6481481481481481 0.5555555555555556 0.6666666666666666 0.5648148148148148 0.6759259259259259 0.5879629629629629 0.6828703703703703 0.5902777777777778 0.6990740740740741 0.5925925925925926 0.7013888888888888 0.5925925925925926 0.7060185185185185 0.5902777777777778 0.7083333333333334 0.5763888888888888 0.7083333333333334 0.5648148148148148 0.7037037037037037 0.5555555555555556 0.7037037037037037 0.5277777777777778 0.6898148148148148 0.5162037037037037 0.6736111111111112 0.5162037037037037 0.6504629629629629 0.5069444444444444 0.6435185185185185 0.5 0.6435185185185185 0.4976851851851852 0.6458333333333334 0.4861111111111111 0.6458333333333334 0.4837962962962963 0.6435185185185185 0.48148148148148145 0.6458333333333334 0.4513888888888889 0.6458333333333334 0.44675925925925924 0.6504629629629629 0.44675925925925924 0.6712962962962963 0.44212962962962965 0.6805555555555556 0.4305555555555556 0.6921296296296297 0.41435185185185186 0.7013888888888888 0.3912037037037037 0.7060185185185185 0.3888888888888889 0.7083333333333334 0.37037037037037035 0.7083333333333334 0.3680555555555556 0.7060185185185185 0.37037037037037035 0.6875 0.3773148148148148 0.6828703703703703 0.3958333333333333 0.6805555555555556 0.4027777777777778 0.6759259259259259 0.4050925925925926 0.6712962962962963 0.4050925925925926 0.6550925925925926 0.4074074074074074 0.6527777777777778 0.4027777777777778 0.6435185185185185 0.3958333333333333 0.6435185185185185 0.39351851851851855 0.6412037037037037 0.3912037037037037 0.6435185185185185 0.37962962962962965 0.6435185185185185 0.3773148148148148 0.6458333333333334 0.375 0.6435185185185185 0.37037037037037035 0.6435185185185185 0.37037037037037035 0.6273148148148148 0.375 0.6226851851851852 0.39814814814814814 0.6226851851851852 0.4027777777777778 0.625 0.4074074074074074 0.6203703703703703 0.4050925925925926 0.6180555555555556 0.4050925925925926 0.6018518518518519 0.4074074074074074 0.5995370370370371 0.4074074074074074 0.5949074074074074 0.4212962962962963 0.5763888888888888 0.4398148148148148 0.5671296296296297 0.4537037037037037 0.5648148148148148 0.45601851851851855 0.5625 0.4652777777777778 0.5625 0.4675925925925926 0.5601851851851852 0.4930555555555556 0.5601851851851852
5 0.5949074074074074 0.2523148148148148 0.6111111111111112 0.2523148148148148 0.6134259259259259 0.25462962962962965 0.6203703703703703 0.25462962962962965 0.6296296296296297 0.25925925925925924 0.6365740740740741 0.25925925925925924 0.6481481481481481 0.2662037037037037 0.6574074074074074 0.27546296296296297 0.6597222222222222 0.2824074074074074 0.6643518518518519 0.28703703703703703 0.6643518518518519 0.30787037037037035 0.6689814814814815 0.3125 0.7222222222222222 0.3125 0.7546296296296297 0.32407407407407407 0.7615740740740741 0.3287037037037037 0.7731481481481481 0.3425925925925926 0.7731481481481481 0.35185185185185186 0.7754629629629629 0.3541666666666667 0.7731481481481481 0.3680555555555556 0.7800925925925926 0.375 0.7962962962962963 0.375 0.8009259259259259 0.3726851851851852 0.8032407407407407 0.375 0.8333333333333334 0.375 0.8356481481481481 0.3773148148148148 0.8425925925925926 0.3773148148148148 0.8449074074074074 0.37962962962962965 0.8564814814814815 0.3819444444444444 0.8726851851851852 0.3912037037037037 0.8796296296296297 0.39814814814814814 0.8842592592592593 0.4074074074074074 0.8842592592592593 0.4212962962962963 0.8796296296296297 0.4305555555555556 0.8680555555555556 0.44212962962962965 0.8402777777777778 0.4537037037037037 0.8310185185185185 0.4537037037037037 0.8194444444444444 0.4583333333333333 0.7847222222222222 0.4583333333333333 0.7824074074074074 0.45601851851851855 0.7638888888888888 0.4537037037037037 0.7476851851851852 0.44675925925925924 0.7407407407407407 0.44212962962962965 0.7291666666666666 0.42824074074074076 0.7291666666666666 0.4212962962962963 0.7268518518518519 0.41898148148148145 0.7291666666666666 0.41435185185185186 0.7291666666666666 0.40046296296296297 0.7268518518518519 0.39814814814814814 0.6805555555555556 0.39814814814814814 0.6782407407407407 0.3958333333333333 0.6574074074074074 0.39351851851851855 0.6435185185185185 0.38425925925925924 0.6319444444444444 0.37962962962962965 0.6273148148148148 0.375 0.6203703703703703 0.3611111111111111 0.6203703703703703 0.35185185185185186 0.6226851851851852 0.34953703703703703 0.6226851851851852 0.3402777777777778 0.6203703703703703 0.33796296296296297 0.5925925925925926 0.33796296296296297 0.5902777777777778 0.33564814814814814 0.5902777777777778 0.3194444444444444 0.5949074074074074 0.3125 0.6180555555555556 0.3125 0.6203703703703703 0.3101851851851852 0.6203703703703703 0.29398148148148145 0.6180555555555556 0.28935185185185186 0.6087962962962963 0.2824074074074074 0.5902777777777778 0.2800925925925926 0.5879629629629629 0.27546296296296297 0.5949074074074074 0.25462962962962965
11 0 0.7342500000000001 0.002220247685185185 0.7347499999999999 0.011989342592592591 0.74225 0.01554174074074074 0.74225 0.02531083564814815 0.74525 0.04662522222222222 0.7480000000000001 0.11589698148148148 0.7487499999999999 0.13543516898148147 0.7475 0.1989342800925926 0.7472500000000001 0.2135879212962963 0.7484999999999999 0.22513321527777777 0.7465 0.26687388888888885 0.7472500000000001 0.2713143865740741 0.74625 0.2868561273148148 0.74625 0.291296625 0.747 0.3619005324074074 0.747 0.36634103009259256 0.74775 0.38454706944444444 0.746 0.4054174074074074 0.747 0.6127886319444444 0.7454999999999999 0.623001775462963 0.7442500000000001 0.7375666064814815 0.7435 0.7624333935185185 0.7424999999999999 0.771314386574074 0.7412500000000001 0.7873001782407407 0.7417499999999999 0.7988454699074075 0.7435 0.9147424513888889 0.7412500000000001 0.937833037037037 0.7384999999999999 0.9493783310185185 0.736 0.9666962708333334 0.72825 0.9684724699074074 0.72575 0.9769094143518517 0.7207499999999999 0.9822380115740741 0.71325 0.9862344583333333 0.6962499999999999 0.9835701597222223 0.6932499999999999 0.9866785069444445 0.6892499999999999 0.9849023101851851 0.6845 0.9880106574074075 0.67825 0.9875666064814815 0.67375 0.9835701597222223 0.6715000000000001 0.9862344583333333 0.66975 0.9875666064814815 0.663 0.9875666064814815 0.65875 0.9849023101851851 0.657 0.9875666064814815 0.65075 0.9875666064814815 0.644 0.9831261111111111 0.643 0.9817939606481482 0.64 0.9831261111111111 0.6385 0.9826820601851851 0.63 0.9849023101851851 0.6269999999999999 0.9835701597222223 0.62275 0.9866785069444445 0.61975 0.9813499120370369 0.51825 0.9813499120370369 0.49125 0.9795737129629629 0.48825 0.9809058611111111 0.47625 0.9800177615740742 0.47 0.9769094143518517 0.46425000000000005 0.977353462962963 0.45599999999999996 0.9751332152777777 0.45025000000000004 0.978685613425926 0.44075 0.977353462962963 0.41350000000000003 0.9742451157407408 0.40875 0.9764653634259259 0.401 0.9746891643518518 0.39199999999999996 0.9760213148148148 0.387 0.9724689166666667 0.385 0.9702486689814814 0.3815 0.9746891643518518 0.37050000000000005 0.9742451157407408 0.34075 0.9738010648148148 0.33925000000000005 0.9698046180555556 0.33725 0.9684724699074074 0.323 0.9711367662037037 0.31375 0.9693605694444444 0.30375 0.9649200717592592 0.294 0.9689165185185185 0.29025 0.9702486689814814 0.27825 0.9680284189814815 0.27375 0.9631438726851852 0.269 0.9595914745370371 0.26075000000000004 0.9595914745370371 0.25758325 0.975577263888889 0.2275 0.9751332152777777 0.22 0.9777975138888889 0.20725 0.9751332152777777 0.19225 0.9729129652777778 0.189 0.9666962708333334 0.185 0.9351687384259258 0.18375 0.9178507986111112 0.184 0.9125222013888888 0.18575 0.9080817060185185 0.1845 0.8907637662037038 0.184 0.8667850810185186 0.18525000000000003 0.8592362337962962 0.184 0.8268206041666667 0.184 0.8081705162037037 0.18525000000000003 0.8028419189814815 0.1845 0.7406749560185185 0.184 0.7353463587962963 0.185 0.7162522199074074 0.1845 0.7069271759259259 0.18525000000000003 0.6398756666666666 0.18375 0.6372113680555556 0.18525000000000003 0.6274422731481482 0.1865 0.6150088819444444 0.1855 0.6092362337962962 0.18325 0.604795736111111 0.18325 0.5839254004629629 0.18425 0.5794849027777778 0.18350000000000002 0.543516875 0.184 0.5399644768518519 0.185 0.5288632337962963 0.18475 0.5261989351851851 0.18700000000000003 0.5217584375 0.18725 0.5150976898148149 0.1865 0.5124333935185186 0.18425 0.4968916527777778 0.18350000000000002 0.4498223796296297 0.1845 0.43294849074074077 0.18375 0.4205150972222222 0.1845 0.4040852569444444 0.18350000000000002 0.3872113680555555 0.18475 0.37522202546296296 0.18325 0.05284191898148148 0.18375 0.011989342592592591 0.1845 0.002220247685185185 0.186 0 0.18700000000000003 0 0.7342500000000001
12 0.9649800185185186 0.18585 0.010757104166666667 0.18585 0.010757104166666667 0.24619 0.9649800185185186 0.24619 0.9649800185185186 0.18585
6 0.3650088819444445 0.312 0.3787744236111111 0.31150000000000005 0.3912078148148148 0.30775 0.3960923634259259 0.30375 0.39698046296296297 0.29625 0.39564831250000004 0.29275 0.39165186574074073 0.28875 0.38055062268518514 0.28250000000000003 0.3690053287037037 0.28175 0.35612788657407407 0.28400000000000003 0.3481349907407407 0.289 0.3450266435185185 0.294 0.3450266435185185 0.30100000000000005 0.35124334027777776 0.30824999999999997 0.35657193518518515 0.31075 0.3650088819444445 0.312
13 0.5883658958333333 0.312 0.5945825925925926 0.3095 0.6070159861111111 0.30725 0.6110124328703704 0.30075 0.6114564837962964 0.29675 0.6074600347222222 0.2895 0.5981349907407407 0.2845 0.5910301944444444 0.28250000000000003 0.5852575486111111 0.28225 0.5710479583333333 0.28525 0.5630550625 0.29075 0.562166962962963 0.2995 0.5634991111111111 0.3035 0.5714920069444445 0.30925 0.5883658958333333 0.312
13 0.36545293055555556 0.312 0.3787744236111111 0.31150000000000005 0.3898756666666667 0.30824999999999997 0.39520426388888885 0.305 0.39698046296296297 0.30075 0.39564831250000004 0.29275 0.3872113680555555 0.28575 0.37966252314814813 0.28225 0.36856127777777775 0.28175 0.35568383564814815 0.28425 0.3476909421296296 0.28925 0.3450266435185185 0.29375 0.3454706921296296 0.30174999999999996 0.35079928935185184 0.30800000000000005 0.35568383564814815 0.3105 0.36545293055555556 0.312
13 0.24733570138888888 0.372 0.25799289583333335 0.3745 0.27264653703703706 0.37400000000000005 0.2815275300925926 0.37074999999999997 0.2873001782407407 0.3665 0.28996447685185184 0.361 0.28996447685185184 0.35575 0.2841918287037037 0.34824999999999995 0.27397868518518514 0.34349999999999997 0.26154529398148146 0.342 0.2495559513888889 0.34425 0.24111900462962962 0.34824999999999995 0.23712255787037037 0.35300000000000004 0.2353463587962963 0.3555 0.23579040740740742 0.363 0.24067495601851852 0.3685 0.24733570138888888 0.372
13 0.49422735416666663 0.37274999999999997 0.49955595138888886 0.37074999999999997 0.5039964467592593 0.36525 0.5044404976851852 0.35675 0.5026642986111112 0.352 0.49422735416666663 0.34450000000000003 0.4840142106481482 0.34299999999999997 0.4675843703703703 0.34450000000000003 0.4604795740740741 0.34750000000000003 0.45515097685185185 0.35475 0.45337477777777774 0.36325 0.4626998217592593 0.37074999999999997 0.4786856134259259 0.3735 0.49422735416666663 0.37274999999999997
13 0.6865008888888888 0.37 0.6949378333333334 0.3715 0.706483125 0.3715 0.7220248657407408 0.3695 0.7242451157407408 0.36374999999999996 0.7242451157407408 0.35500000000000004 0.7202486689814814 0.349 0.7153641203703704 0.34600000000000003 0.7060390763888889 0.34275000000000005 0.6922735347222222 0.342 0.6758436944444445 0.34349999999999997 0.6709591481481482 0.342 0.6687388981481481 0.35650000000000004 0.6714031967592592 0.36275 0.6780639421296297 0.36700000000000005 0.6865008888888888 0.37
13 0.8006216689814815 0.43275 0.8095026643518518 0.43374999999999997 0.8183836597222223 0.43275 0.8268206041666667 0.42875 0.83259325 0.42175 0.83259325 0.41575 0.8277087037037036 0.408 0.8139431620370371 0.40199999999999997 0.7997335694444444 0.40125 0.7930728240740741 0.40225 0.7828596805555555 0.40575 0.7779751342592592 0.4125 0.7779751342592592 0.41900000000000004 0.7824156296296296 0.42575 0.7904085254629629 0.43 0.8006216689814815 0.43275
13 0.5888099467592592 0.434 0.5990230902777779 0.4335 0.606127886574074 0.43075 0.6119005324074074 0.42324999999999996 0.6136767314814814 0.41424999999999995 0.6119005324074074 0.411 0.6039076365740741 0.40575 0.5914742453703704 0.40399999999999997 0.5777087037037036 0.40425 0.5657193611111111 0.41050000000000003 0.5634991111111111 0.41424999999999995 0.5630550625 0.41900000000000004 0.5661634097222222 0.42575 0.5746003541666667 0.43225 0.5888099467592592 0.434
13 0.3636767314814815 0.436 0.37522202546296296 0.43650000000000005 0.38321491898148147 0.43575 0.3912078148148148 0.43324999999999997 0.3978685601851852 0.42824999999999996 0.4000888101851852 0.41825 0.39564831250000004 0.411 0.3907637662037037 0.4075 0.37966252314814813 0.40399999999999997 0.3690053287037037 0.4035 0.355239787037037 0.40675 0.3472468912037037 0.41400000000000003 0.3454706921296296 0.418 0.3450266435185185 0.42175 0.3521314398148148 0.43125 0.35568383564814815 0.4335 0.3636767314814815 0.436
13 0.14742451157407407 0.43625 0.1580817060185185 0.43650000000000005 0.17095914814814817 0.4325 0.18117229166666668 0.42324999999999996 0.18161634027777776 0.41750000000000004 0.17850799305555556 0.41125 0.1718472476851852 0.40599999999999997 0.16119005324074073 0.4035 0.1505328587962963 0.403 0.13676731712962964 0.405 0.1305506226851852 0.408 0.12522202546296296 0.41475 0.12522202546296296 0.423 0.1309946712962963 0.43075 0.13543516898148147 0.43324999999999997 0.14742451157407407 0.43625
13 0.2624333935185185 0.497 0.2717584375 0.49550000000000005 0.28285968055555555 0.49125 0.2895204259259259 0.48425 0.2908525763888889 0.47725 0.28774422685185186 0.47125 0.28197158101851855 0.467 0.27220248611111114 0.46449999999999997 0.25799289583333335 0.464 0.24511545370370372 0.46649999999999997 0.2397868564814815 0.46925 0.23357015972222223 0.47800000000000004 0.23357015972222223 0.48475 0.2384547060185185 0.48975 0.2482238009259259 0.49550000000000005 0.2624333935185185 0.497
13 0.4764653634259259 0.4965 0.4875666064814815 0.49574999999999997 0.5013321481481482 0.49025 0.5057726458333334 0.484 0.5075488449074074 0.4775 0.5022202476851851 0.47 0.49422735416666663 0.46525 0.4875666064814815 0.46375 0.46936056944444443 0.466 0.46092362268518516 0.47 0.45515097685185185 0.47575 0.4555950277777778 0.4845 0.4626998217592593 0.49200000000000005 0.4698046180555555 0.49550000000000005 0.4764653634259259 0.4965
13 0.6993783310185185 0.49475 0.7024866782407407 0.4935 0.7060390763888889 0.49375 0.7140319722222223 0.4915 0.7229129652777778 0.484 0.7242451157407408 0.47625 0.7224689166666667 0.47250000000000003 0.7189165185185185 0.46900000000000003 0.7095914745370371 0.46375 0.6989342800925926 0.4625 0.6807282407407407 0.46625 0.6731793958333333 0.46950000000000003 0.6700710486111111 0.47375 0.6691829490740742 0.48125 0.6722912962962964 0.48724999999999996 0.6820603912037037 0.4925 0.6993783310185185 0.49475
13 0.8006216689814815 0.55375 0.8086145648148148 0.55475 0.8192717592592593 0.55375 0.8254884537037037 0.55175 0.833037300925926 0.54675 0.8361456481481482 0.54025 0.8348135 0.53325 0.8281527523148149 0.527 0.8174955601851851 0.5225 0.8059502662037038 0.522 0.789520425925926 0.5245 0.7859680277777777 0.526 0.7801953819444444 0.53325 0.7797513310185186 0.54 0.7850799282407408 0.54775 0.789520425925926 0.55025 0.8006216689814815 0.55375
13 0.5777087037037036 0.55525 0.5883658958333333 0.55625 0.6052397870370371 0.5535 0.6132326828703704 0.5495 0.6181172291666667 0.5409999999999999 0.6167850810185186 0.53275 0.6056838356481481 0.52675 0.5883658958333333 0.52325 0.5719360578703704 0.52825 0.5666074606481482 0.5315 0.5612788634259259 0.54025 0.5608348125 0.5437500000000001 0.5630550625 0.547 0.5701598587962963 0.5527500000000001 0.5777087037037036 0.55525
13 0.3658969814814815 0.55875 0.376110125 0.55875 0.3854351689814815 0.5569999999999999 0.39742451157407405 0.5505 0.4009769097222222 0.54425 0.4000888101851852 0.536 0.39653641203703704 0.5305 0.3929840138888889 0.52775 0.38365896990740744 0.52525 0.37255772685185184 0.5245 0.3539076365740741 0.52625 0.3441385439814815 0.533 0.34103019444444443 0.53925 0.34058614583333335 0.5437500000000001 0.3463587916666666 0.5505 0.35790408564814813 0.55725 0.3658969814814815 0.55875
13 0.14387211342592593 0.5595 0.15586145601851853 0.56025 0.17140319675925927 0.559 0.17539964583333334 0.5569999999999999 0.17895204166666667 0.54425 0.17539964583333334 0.5287499999999999 0.17362344675925925 0.52625 0.1647424513888889 0.5225 0.15097690972222222 0.5225 0.13410301851851852 0.5265 0.12833037268518518 0.5307499999999999 0.123889875 0.53925 0.12344582638888889 0.54325 0.12744227314814816 0.55025 0.13676731712962964 0.5575 0.14387211342592593 0.5595
13 0.2353463587962963 0.61175 0.24156305555555554 0.6167499999999999 0.25177619907407406 0.62025 0.25888099537037035 0.62125 0.2753108356481481 0.62025 0.28285968055555555 0.619 0.2864120787037037 0.61725 0.2895204259259259 0.61025 0.2895204259259259 0.6015 0.2864120787037037 0.5952500000000001 0.2784191828703704 0.5905 0.26865008796296297 0.58775 0.25799289583333335 0.58775 0.24866785185185183 0.5895 0.2442273541666667 0.589 0.2384547060185185 0.592 0.23357015972222223 0.59175 0.23134991203703703 0.5952500000000001 0.23268206018518517 0.5975 0.23179396064814814 0.60575 0.2353463587962963 0.61175
13 0.48889875694444446 0.61875 0.49600355324074075 0.61775 0.5062166967592593 0.61375 0.5102131435185185 0.6092500000000001 0.5106571944444445 0.599 0.5062166967592593 0.592 0.499111900462963 0.5882499999999999 0.49111900462962965 0.586 0.4809058611111111 0.5855 0.46714031944444445 0.588 0.45781527546296297 0.5932499999999999 0.45515097685185185 0.5994999999999999 0.45515097685185185 0.606 0.46092362268518516 0.61375 0.4702486689814815 0.618 0.48889875694444446 0.61875
13 0.6962699814814814 0.6162500000000001 0.7069271759259259 0.6162500000000001 0.7166962708333334 0.614 0.727353462962963 0.60625 0.728685613425926 0.59875 0.7264653634259259 0.594 0.7215808171296296 0.5895 0.7135879212962963 0.5855 0.6993783310185185 0.5845 0.6891651875 0.58575 0.6758436944444445 0.5912499999999999 0.6731793958333333 0.5954999999999999 0.6731793958333333 0.6022500000000001 0.6767317939814815 0.6075 0.6856127893518519 0.6134999999999999 0.6962699814814814 0.6162500000000001
13 0.37033747685185187 0.68325 0.3925399652777778 0.6787500000000001 0.39920071064814816 0.67575 0.4023090578703704 0.6719999999999999 0.4027531087962963 0.668 0.39520426388888885 0.65275 0.3894316157407407 0.65025 0.3734458263888889 0.6479999999999999 0.36944937731481486 0.6479999999999999 0.35035524074074076 0.653 0.3441385439814815 0.65875 0.34147424537037036 0.6652499999999999 0.3423623449074074 0.67125 0.3476909421296296 0.67575 0.35612788657407407 0.6795 0.37033747685185187 0.68325
13 0.6132326828703704 0.67625 0.6212255763888889 0.66875 0.6212255763888889 0.661 0.6167850810185186 0.65325 0.6092362337962962 0.649 0.6052397870370371 0.649 0.6016873888888888 0.6477499999999999 0.5914742453703704 0.64675 0.5777087037037036 0.65 0.5683836597222223 0.6545000000000001 0.5639431620370371 0.65975 0.5639431620370371 0.6717500000000001 0.5706039074074074 0.67575 0.5914742453703704 0.6799999999999999 0.6132326828703704 0.67625