4 0.4050925925925926 0.2962962962962963 0.4074074074074074 0.2986111111111111 0.41435185185185186 0.2986111111111111 0.42824074074074076 0.3055555555555556 0.43287037037037035 0.3055555555555556 0.44675925925925924 0.3194444444444444 0.4513888888888889 0.3287037037037037 0.4513888888888889 0.33796296296296297 0.45601851851851855 0.3472222222222222 0.4976851851851852 0.3472222222222222 0.5 0.34953703703703703 0.5115740740740741 0.34953703703703703 0.5138888888888888 0.35185185185185186 0.5185185185185185 0.35185185185185186 0.5416666666666666 0.3680555555555556 0.5439814814814815 0.3819444444444444 0.5115740740740741 0.3819444444444444 0.5023148148148148 0.37037037037037035 0.48842592592592593 0.3680555555555556 0.4861111111111111 0.36574074074074076 0.47685185185185186 0.36574074074074076 0.47453703703703703 0.3680555555555556 0.4583333333333333 0.3680555555555556 0.45601851851851855 0.37037037037037035 0.45601851851851855 0.3819444444444444 0.4537037037037037 0.38425925925925924 0.4236111111111111 0.38425925925925924 0.41898148148148145 0.3726851851851852 0.41203703703703703 0.3680555555555556 0.4097222222222222 0.37037037037037035 0.37037037037037035 0.37037037037037035 0.36574074074074076 0.375 0.3680555555555556 0.37962962962962965 0.3680555555555556 0.38425925925925924 0.36574074074074076 0.38657407407407407 0.33101851851851855 0.38657407407407407 0.3287037037037037 0.3726851851851852 0.3263888888888889 0.37037037037037035 0.3125 0.37037037037037035 0.3101851851851852 0.3726851851851852 0.2962962962962963 0.3726851851851852 0.28703703703703703 0.3773148148148148 0.2777777777777778 0.3888888888888889 0.2523148148148148 0.3888888888888889 0.25 0.3912037037037037 0.24305555555555555 0.3912037037037037 0.24074074074074073 0.3888888888888889 0.24074074074074073 0.3819444444444444 0.24305555555555555 0.37962962962962965 0.24305555555555555 0.375 0.25925925925925924 0.3611111111111111 0.2777777777777778 0.3541666666666667 0.28703703703703703 0.3541666666666667 0.28935185185185186 0.35185185185185186 0.32407407407407407 0.35185185185185186 0.3263888888888889 0.34953703703703703 0.3263888888888889 0.32175925925925924 0.33101851851851855 0.3148148148148148 0.3333333333333333 0.3148148148148148 0.3425925925925926 0.3055555555555556 0.3541666666666667 0.30324074074074076 0.3611111111111111 0.2986111111111111 0.37037037037037035 0.2986111111111111 0.3726851851851852 0.2962962962962963 0.4027777777777778 0.2962962962962963
7 0.36574074074074076 0.3888888888888889 0.37037037037037035 0.3958333333333333 0.37037037037037035 0.40046296296296297 0.375 0.4050925925925926 0.41898148148148145 0.4050925925925926 0.4212962962962963 0.4074074074074074 0.4351851851851852 0.4097222222222222 0.4537037037037037 0.4212962962962963 0.46064814814814814 0.4305555555555556 0.46064814814814814 0.4351851851851852 0.43287037037037035 0.4351851851851852 0.42824074074074076 0.4375 0.41435185185185186 0.4236111111111111 0.4027777777777778 0.4212962962962963 0.40046296296296297 0.41898148148148145 0.39351851851851855 0.41898148148148145 0.3912037037037037 0.4212962962962963 0.375 0.4212962962962963 0.37037037037037035 0.42592592592592593 0.3726851851851852 0.4351851851851852 0.37037037037037035 0.4375 0.3611111111111111 0.4375 0.3587962962962963 0.4398148148148148 0.35648148148148145 0.4375 0.3541666666666667 0.4398148148148148 0.3425925925925926 0.4398148148148148 0.33796296296296297 0.4375 0.33796296296296297 0.42824074074074076 0.3287037037037037 0.4236111111111111 0.28703703703703703 0.42592592592592593 0.2847222222222222 0.42824074074074076 0.28703703703703703 0.44907407407407407 0.2824074074074074 0.4583333333333333 0.27546296296296297 0.4652777777777778 0.2662037037037037 0.4699074074074074 0.26157407407407407 0.4699074074074074 0.2523148148148148 0.47453703703703703 0.24537037037037038 0.47453703703703703 0.24305555555555555 0.47685185185185186 0.22453703703703703 0.47685185185185186 0.2199074074074074 0.4722222222222222 0.2199074074074074 0.46296296296296297 0.22453703703703703 0.4583333333333333 0.22916666666666666 0.4583333333333333 0.23148148148148148 0.45601851851851855 0.2337962962962963 0.4583333333333333 0.24537037037037038 0.44907407407407407 0.24768518518518517 0.4444444444444444 0.24537037037037038 0.4305555555555556 0.24305555555555555 0.42824074074074076 0.2199074074074074 0.42824074074074076 0.2152777777777778 0.4236111111111111 0.2152777777777778 0.4097222222222222 0.2199074074074074 0.4097222222222222 0.2222222222222222 0.4074074074074074 0.24074074074074073 0.4074074074074074 0.24305555555555555 0.4050925925925926 0.24074074074074073 0.39351851851851855 0.25 0.39351851851851855 0.2523148148148148 0.3912037037037037 0.27546296296296297 0.3912037037037037 0.2800925925925926 0.39351851851851855 0.2800925925925926 0.40046296296296297 0.28703703703703703 0.4074074074074074 0.2916666666666667 0.4074074074074074 0.29398148148148145 0.4050925925925926 0.33101851851851855 0.4050925925925926 0.33564814814814814 0.40046296296296297 0.33564814814814814 0.3958333333333333 0.3333333333333333 0.39351851851851855 0.33796296296296297 0.3888888888888889 0.36342592592592593 0.3888888888888889
1 0.2916666666666667 0.4930555555555556 0.29398148148148145 0.49537037037037035 0.29398148148148145 0.5046296296296297 0.2986111111111111 0.5092592592592593 0.32407407407407407 0.5092592592592593 0.33564814814814814 0.5046296296296297 0.3472222222222222 0.4930555555555556 0.37962962962962965 0.4930555555555556 0.3773148148148148 0.5023148148148148 0.36574074074074076 0.5138888888888888 0.35185185185185186 0.5208333333333334 0.33796296296296297 0.5231481481481481 0.33564814814814814 0.5254629629629629 0.30324074074074076 0.5254629629629629 0.2962962962962963 0.5324074074074074 0.2986111111111111 0.5370370370370371 0.2986111111111111 0.5532407407407407 0.30324074074074076 0.5578703703703703 0.32407407407407407 0.5578703703703703 0.3263888888888889 0.5601851851851852 0.3263888888888889 0.5717592592592593 0.32407407407407407 0.5740740740740741 0.30324074074074076 0.5763888888888888 0.2986111111111111 0.5810185185185185 0.2986111111111111 0.5856481481481481 0.30787037037037035 0.5995370370370371 0.3194444444444444 0.6041666666666666 0.3287037037037037 0.6041666666666666 0.33101851851851855 0.6064814814814815 0.3333333333333333 0.6111111111111112 0.3333333333333333 0.6203703703703703 0.3287037037037037 0.625 0.3055555555555556 0.625 0.30324074074074076 0.6226851851851852 0.28935185185185186 0.6203703703703703 0.27546296296296297 0.6134259259259259 0.27314814814814814 0.6087962962962963 0.26851851851851855 0.6064814814814815 0.2638888888888889 0.5972222222222222 0.2638888888888889 0.5810185185185185 0.25925925925925924 0.5763888888888888 0.25462962962962965 0.5787037037037037 0.2199074074074074 0.5787037037037037 0.2175925925925926 0.5763888888888888 0.20833333333333334 0.5763888888888888 0.18518518518518517 0.5671296296296297 0.17592592592592593 0.5601851851851852 0.1712962962962963 0.5532407407407407 0.1712962962962963 0.5462962962962963 0.16898148148148148 0.5439814814814815 0.1712962962962963 0.5347222222222222 0.17592592592592593 0.5277777777777778 0.18981481481481483 0.5185185185185185 0.19444444444444445 0.5185185185185185 0.2013888888888889 0.5138888888888888 0.20833333333333334 0.5138888888888888 0.21064814814814814 0.5115740740740741 0.2222222222222222 0.5115740740740741 0.22453703703703703 0.5092592592592593 0.2523148148148148 0.5092592592592593 0.2569444444444444 0.5046296296296297 0.25462962962962965 0.5023148148148148 0.25462962962962965 0.49537037037037035 0.28935185185185186 0.4930555555555556
0 0.46064814814814814 0.4375 0.46296296296296297 0.4398148148148148 0.46296296296296297 0.44675925925925924 0.4675925925925926 0.4537037037037037 0.5185185185185185 0.4537037037037037 0.5208333333333334 0.45601851851851855 0.5347222222222222 0.4583333333333333 0.5509259259259259 0.4699074074074074 0.5578703703703703 0.4861111111111111 0.5578703703703703 0.49537037037037035 0.5625 0.5 0.5694444444444444 0.5 0.5717592592592593 0.4976851851851852 0.5810185185185185 0.4976851851851852 0.5856481481481481 0.5 0.5856481481481481 0.5092592592592593 0.5879629629629629 0.5138888888888888 0.5810185185185185 0.5185185185185185 0.5648148148148148 0.5185185185185185 0.5625 0.5208333333333334 0.5625 0.5324074074074074 0.5717592592592593 0.5439814814814815 0.5879629629629629 0.5462962962962963 0.5925925925925926 0.5509259259259259 0.5949074074074074 0.5648148148148148 0.5694444444444444 0.5648148148148148 0.5671296296296297 0.5625 0.5486111111111112 0.5578703703703703 0.5324074074074074 0.5439814814814815 0.5300925925925926 0.5277777777777778 0.5231481481481481 0.5185185185185185 0.5138888888888888 0.5185185185185185 0.5115740740740741 0.5208333333333334 0.4837962962962963 0.5208333333333334 0.48148148148148145 0.5185185185185185 0.46296296296296297 0.5162037037037037 0.44907407407407407 0.5092592592592593 0.4375 0.4976851851851852 0.43287037037037035 0.4861111111111111 0.43287037037037035 0.47685185185185186 0.42824074074074076 0.4722222222222222 0.4236111111111111 0.4722222222222222 0.4212962962962963 0.47453703703703703 0.41898148148148145 0.4722222222222222 0.41435185185185186 0.47453703703703703 0.39351851851851855 0.47453703703703703 0.3912037037037037 0.4722222222222222 0.3726851851851852 0.4699074074074074 0.35185185185185186 0.46064814814814814 0.3402777777777778 0.44675925925925924 0.3402777777777778 0.44212962962962965 0.37037037037037035 0.4398148148148148 0.38657407407407407 0.4537037037037037 0.3912037037037037 0.4537037037037037 0.39351851851851855 0.45601851851851855 0.4166666666666667 0.45601851851851855 0.42824074074074076 0.4513888888888889 0.42824074074074076 0.4398148148148148 0.43287037037037035 0.4375 0.4583333333333333 0.4375
10 0.5671296296296297 0.5833333333333334 0.5694444444444444 0.5856481481481481 0.5694444444444444 0.5949074074074074 0.5763888888888888 0.5995370370370371 0.5787037037037037 0.5972222222222222 0.6157407407407407 0.5972222222222222 0.6180555555555556 0.5995370370370371 0.6342592592592593 0.6018518518518519 0.6481481481481481 0.6087962962962963 0.6574074074074074 0.6180555555555556 0.6620370370370371 0.6273148148148148 0.6620370370370371 0.6412037037037037 0.6504629629629629 0.6550925925925926 0.6388888888888888 0.6620370370370371 0.625 0.6643518518518519 0.6226851851851852 0.6666666666666666 0.5810185185185185 0.6666666666666666 0.5532407407407407 0.6550925925925926 0.5439814814814815 0.6458333333333334 0.5393518518518519 0.6365740740740741 0.5393518518518519 0.625 0.5324074074074074 0.6180555555555556 0.5277777777777778 0.6180555555555556 0.5254629629629629 0.6203703703703703 0.48842592592592593 0.6203703703703703 0.4837962962962963 0.625 0.4837962962962963 0.6435185185185185 0.48148148148148145 0.6458333333333334 0.48148148148148145 0.6504629629629629 0.4675925925925926 0.6620370370370371 0.4537037037037037 0.6689814814814815 0.44212962962962965 0.6689814814814815 0.4398148148148148 0.6712962962962963 0.42824074074074076 0.6712962962962963 0.42592592592592593 0.6689814814814815 0.42592592592592593 0.6574074074074074 0.42824074074074076 0.6527777777777778 0.43287037037037035 0.6504629629629629 0.4351851851851852 0.6527777777777778 0.44907407407407407 0.6458333333333334 0.4537037037037037 0.6365740740740741 0.4513888888888889 0.6342592592592593 0.4513888888888889 0.6273148148148148 0.4444444444444444 0.6203703703703703 0.44212962962962965 0.6226851851851852 0.4236111111111111 0.6226851851851852 0.4212962962962963 0.6203703703703703 0.4212962962962963 0.6041666666666666 0.42592592592592593 0.6018518518518519 0.4444444444444444 0.6018518518518519 0.44675925925925924 0.5995370370370371 0.44675925925925924 0.5879629629629629 0.4513888888888889 0.5856481481481481 0.47685185185185186 0.5856481481481481 0.48148148148148145 0.5925925925925926 0.48148148148148145 0.5995370370370371 0.4837962962962963 0.6018518518518519 0.49537037037037035 0.6018518518518519 0.4976851851851852 0.5995370370370371 0.5324074074074074 0.5995370370370371 0.5347222222222222 0.5972222222222222 0.5347222222222222 0.5879629629629629 0.5393518518518519 0.5833333333333334 0.5648148148148148 0.5833333333333334
3 0.6087962962962963 0.39814814814814814 0.6273148148148148 0.4050925925925926 0.6412037037037037 0.4166666666666667 0.6458333333333334 0.42824074074074076 0.6458333333333334 0.4398148148148148 0.6504629629629629 0.4444444444444444 0.6736111111111112 0.4444444444444444 0.6759259259259259 0.44907407407407407 0.6759259259259259 0.4583333333333333 0.6736111111111112 0.46064814814814814 0.6527777777777778 0.46296296296296297 0.6504629629629629 0.4652777777777778 0.6504629629629629 0.48148148148148145 0.6527777777777778 0.4837962962962963 0.6504629629629629 0.4861111111111111 0.6504629629629629 0.49074074074074076 0.6527777777777778 0.4930555555555556 0.6759259259259259 0.4930555555555556 0.6805555555555556 0.49537037037037035 0.6828703703703703 0.5 0.6828703703703703 0.5092592592592593 0.6805555555555556 0.5115740740740741 0.6574074074074074 0.5138888888888888 0.6550925925925926 0.5162037037037037 0.6574074074074074 0.5324074074074074 0.6527777777777778 0.5439814814814815 0.6435185185185185 0.5532407407407407 0.6365740740740741 0.5578703703703703 0.6319444444444444 0.5578703703703703 0.6226851851851852 0.5625 0.6157407407407407 0.5625 0.6134259259259259 0.5648148148148148 0.5995370370370371 0.5648148148148148 0.5972222222222222 0.5601851851851852 0.5972222222222222 0.5462962962962963 0.5995370370370371 0.5439814814814815 0.6157407407407407 0.5416666666666666 0.6226851851851852 0.5347222222222222 0.6226851851851852 0.5208333333333334 0.6180555555555556 0.5162037037037037 0.6111111111111112 0.5162037037037037 0.6087962962962963 0.5138888888888888 0.6064814814814815 0.5162037037037037 0.5972222222222222 0.5162037037037037 0.5925925925925926 0.5115740740740741 0.5925925925925926 0.4976851851851852 0.6111111111111112 0.4976851851851852 0.6180555555555556 0.4930555555555556 0.6180555555555556 0.4861111111111111 0.6157407407407407 0.4837962962962963 0.6157407407407407 0.4675925925925926 0.6111111111111112 0.46296296296296297 0.6064814814814815 0.46296296296296297 0.6041666666666666 0.4652777777777778 0.5763888888888888 0.4652777777777778 0.5740740740740741 0.46296296296296297 0.5509259259259259 0.46064814814814814 0.5370370370370371 0.4537037037037037 0.5277777777777778 0.44675925925925924 0.5231481481481481 0.4398148148148148 0.5231481481481481 0.4236111111111111 0.5254629629629629 0.41898148148148145 0.5416666666666666 0.4050925925925926 0.5532407407407407 0.40046296296296297 0.5601851851851852 0.40046296296296297 0.5625 0.39814814814814814 0.5717592592592593 0.39814814814814814 0.5740740740740741 0.3958333333333333 0.5949074074074074 0.3958333333333333 0.5972222222222222 0.39814814814814814 0.6064814814814815 0.39814814814814814
11 0.09502664351851851 0.5722499999999999 0.10124334027777777 0.59975 0.11145648379629629 0.6725 0.12300177546296297 0.6894999999999999 0.1327708703703704 0.6960000000000001 0.15142095833333333 0.7030000000000001 0.18605683796296296 0.7075 0.19849023148148148 0.7065 0.5746003541666667 0.6962499999999999 0.5901420949074074 0.694 0.6474245115740741 0.694 0.66740675 0.69125 0.7646536412037037 0.6894999999999999 0.7775310833333333 0.68775 0.7904085254629629 0.68825 0.7970692708333333 0.68675 0.833037300925926 0.68775 0.8570159861111111 0.6855000000000001 0.8627886319444444 0.6857500000000001 0.8667850810185186 0.6835 0.8734458263888889 0.68375 0.8854351689814814 0.68125 0.8903197152777778 0.68125 0.8987566597222222 0.67625 0.9040852569444445 0.6745 0.9107460046296296 0.66925 0.918294849537037 0.66575 0.9218472476851851 0.66225 0.9236234467592593 0.6567500000000001 0.9258436944444445 0.62925 0.9240674953703704 0.6267499999999999 0.9253996458333333 0.6222500000000001 0.9014209583333334 0.23375 0.8934280648148147 0.2185 0.8912078148148148 0.217 0.8872113680555556 0.216 0.8654529305555556 0.2155 0.854795736111111 0.217 0.8383658958333333 0.21650000000000003 0.835701599537037 0.21775 0.8277087037037036 0.21825000000000003 0.8174955601851851 0.216 0.810390763888889 0.21625 0.45515097685185185 0.23324999999999999 0.4440497337962963 0.23450000000000001 0.4320603912037037 0.2335 0.37078152777777773 0.23675 0.3516873888888889 0.23675 0.34369449305555555 0.23800000000000002 0.33792184722222224 0.23725000000000002 0.22690941435185186 0.243 0.21936056944444446 0.24425000000000002 0.1989342800925926 0.244 0.19582593287037037 0.245 0.13943161574074073 0.24725 0.1332149189814815 0.24675 0.11944937731481481 0.24775000000000003 0.11456483101851853 0.251 0.1092362337962963 0.248 0.10523978703703704 0.24775000000000003 0.09724689120370371 0.24950000000000003 0.09147424537037037 0.24825 0.09058614583333334 0.24950000000000003 0.08392540046296296 0.2505 0.08037300231481481 0.24975 0.06838365972222221 0.2515 0.05994671296296296 0.25125000000000003 0.05017762037037037 0.255 0.05239786805555555 0.25675 0.04928952083333333 0.283 0.0896980462962963 0.523 0.09502664351851851 0.5722499999999999
12 0.9155217592592593 0.214015 0.04584591435185185 0.214015 0.04584591435185185 0.309985 0.9155217592592593 0.309985 0.9155217592592593 0.214015
13 0.3841030185185185 0.34775 0.39742451157407405 0.34725 0.40630550694444445 0.34525 0.40941385416666665 0.33949999999999997 0.41030195370370365 0.33125 0.40630550694444445 0.325 0.4005328587962963 0.32225 0.3872113680555555 0.32025000000000003 0.37744227314814816 0.3215 0.36944937731481486 0.3245 0.3636767314814815 0.33125 0.36323268287037036 0.33599999999999997 0.36545293055555556 0.34225 0.37078152777777773 0.34600000000000003 0.3841030185185185 0.34775
13 0.5732682060185185 0.3425 0.5861456481481482 0.33975 0.5923623449074074 0.33175 0.5928063935185185 0.32475 0.5852575486111111 0.316 0.580817050925926 0.3145 0.5728241574074074 0.31375 0.5603907638888889 0.31425 0.5501776203703703 0.31925 0.5470692708333333 0.32375000000000004 0.5479573703703703 0.33275 0.5515097685185185 0.33625 0.5608348125 0.341 0.5732682060185185 0.3425
13 0.6576376550925926 0.38875 0.664298400462963 0.38999999999999996 0.6753996458333333 0.3895 0.6865008888888888 0.38425000000000004 0.689609236111111 0.37949999999999995 0.689609236111111 0.373 0.6869449375000001 0.3685 0.6825044398148149 0.365 0.6727353472222222 0.3625 0.6585257546296297 0.363 0.6478685601851851 0.3665 0.643872113425926 0.37074999999999997 0.6425399652777778 0.37675 0.6456483125 0.38325 0.6474245115740741 0.38525 0.6576376550925926 0.38875
13 0.477353462962963 0.39775 0.48889875694444446 0.398 0.49333925462962963 0.39699999999999996 0.5048845462962963 0.391 0.5084369444444444 0.387 0.5075488449074074 0.38 0.501776199074074 0.37325 0.4977797523148148 0.371 0.49111900462962965 0.3695 0.4786856134259259 0.36924999999999997 0.46936056944444443 0.37124999999999997 0.4626998217592593 0.37575000000000003 0.4600355231481481 0.38125 0.4595914745370371 0.38375 0.46403197222222226 0.39075 0.4715808171296296 0.396 0.477353462962963 0.39775
13 0.30728241666666667 0.40325 0.31483126157407404 0.40275 0.32149200694444446 0.401 0.3241563055555556 0.39725 0.32682060416666664 0.38675 0.32149200694444446 0.37975 0.3174955601851852 0.3775 0.30639431712962967 0.37575000000000003 0.2952930717592593 0.3765 0.2859680277777778 0.3815 0.28197158101851855 0.388 0.28285968055555555 0.39549999999999996 0.28552397916666666 0.39849999999999997 0.29218472453703703 0.40199999999999997 0.30728241666666667 0.40325
13 0.2202486689814815 0.45875 0.22380106481481482 0.45675 0.23623445833333334 0.45525 0.2424511550925926 0.44975 0.24333925462962963 0.4425 0.24156305555555554 0.439 0.23667850694444445 0.4345 0.22735346296296297 0.43125 0.21669627083333334 0.42950000000000005 0.20204262962962963 0.4355 0.1989342800925926 0.44025 0.1989342800925926 0.446 0.20515097685185182 0.453 0.21714031944444445 0.45875 0.2202486689814815 0.45875
13 0.3894316157407407 0.45175000000000004 0.39653641203703704 0.45375000000000004 0.4031971574074074 0.45375000000000004 0.41740675 0.45175000000000004 0.42007104861111116 0.4505 0.4249555949074074 0.4425 0.42451154629629634 0.43825000000000003 0.42184724768518517 0.43324999999999997 0.41341030092592596 0.4265 0.4018650092592593 0.425 0.39342806481481485 0.425 0.38321491898148147 0.42725 0.37744227314814816 0.43374999999999997 0.3769982245370371 0.43975000000000003 0.3787744236111111 0.443 0.3849911180555555 0.44925 0.3894316157407407 0.45175000000000004
13 0.5785968032407408 0.44475000000000003 0.5910301944444444 0.44325000000000003 0.5968028425925925 0.441 0.6003552407407406 0.43724999999999997 0.6021314398148149 0.4325 0.6007992893518519 0.42725 0.5968028425925925 0.42274999999999996 0.5905861458333334 0.41975 0.5812611018518519 0.4185 0.5706039074074074 0.4195 0.5634991111111111 0.42225 0.5572824166666667 0.42775 0.5568383657407407 0.43174999999999997 0.5586145648148149 0.4355 0.5719360578703704 0.44375 0.5785968032407408 0.44475000000000003
13 0.7548845462962963 0.4375 0.7690941388888889 0.43825000000000003 0.7788632337962963 0.435 0.7864120787037037 0.429 0.7864120787037037 0.4215 0.7833037291666666 0.4165 0.7788632337962963 0.413 0.7682060393518518 0.41000000000000003 0.7579928958333333 0.40975 0.748223800925926 0.41175 0.7433392546296297 0.41525 0.7388987569444445 0.42175 0.7384547060185185 0.42525 0.7415630555555555 0.43275 0.7446714027777778 0.435 0.7548845462962963 0.4375
13 0.66740675 0.49125 0.6820603912037037 0.4925 0.6887211365740741 0.4905 0.6971580810185185 0.48425 0.6989342800925926 0.48075 0.6980461805555556 0.47425 0.690053287037037 0.46775000000000005 0.6825044398148149 0.46499999999999997 0.6776198935185185 0.46475 0.6647424513888889 0.46649999999999997 0.6598579050925926 0.46849999999999997 0.6558614560185185 0.47324999999999995 0.6545293078703703 0.4785 0.6563055069444445 0.48325 0.6620781527777778 0.489 0.66740675 0.49125
13 0.4840142106481482 0.498 0.49467140277777777 0.49974999999999997 0.5053285972222222 0.49900000000000005 0.5137655416666667 0.49675 0.5173179398148148 0.494 0.520870337962963 0.48775 0.518650087962963 0.48075 0.5159857893518518 0.4775 0.5066607453703704 0.47300000000000003 0.49866785185185186 0.4715 0.4835701597222222 0.47275 0.47602131481481486 0.47575 0.4720248657407407 0.48000000000000004 0.4715808171296296 0.48625 0.4733570162037037 0.49125 0.4764653634259259 0.4945 0.4840142106481482 0.498
13 0.30639431712962967 0.505 0.32815275231481483 0.50525 0.33570159953703704 0.50225 0.3401420949074074 0.498 0.34280639351851855 0.4915 0.34103019444444443 0.48775 0.33081705092592595 0.48024999999999995 0.32326820601851847 0.47800000000000004 0.31394316203703704 0.47825 0.3055062175925926 0.48024999999999995 0.2961811712962963 0.48775 0.2952930717592593 0.49224999999999997 0.29662522222222226 0.4965 0.2992895208333333 0.5005000000000001 0.30639431712962967 0.505
13 0.22291296527777776 0.55525 0.23268206018518517 0.55775 0.24600355324074072 0.5575 0.25399644675925925 0.55575 0.25666074537037037 0.551 0.2562166967592593 0.5415 0.2548845462962963 0.5355 0.25133214814814814 0.5325 0.24644760185185183 0.5315 0.22735346296296297 0.53125 0.22158081712962965 0.5325 0.2131438726851852 0.5375 0.2113676736111111 0.53975 0.21181172222222222 0.5465 0.2158081712962963 0.551 0.22291296527777776 0.55525
13 0.4147424513888889 0.55225 0.42007104861111116 0.5515 0.43072824074074073 0.54775 0.4356127893518518 0.5435 0.43694493749999996 0.539 0.43472468981481477 0.53275 0.42451154629629634 0.5257499999999999 0.4151865 0.524 0.4040852569444444 0.52475 0.394760212962963 0.52925 0.39165186574074073 0.5337500000000001 0.3925399652777778 0.5437500000000001 0.39564831250000004 0.5465 0.4054174074074074 0.551 0.4147424513888889 0.55225
13 0.606127886574074 0.5409999999999999 0.6101243333333334 0.5365 0.6114564837962964 0.5315 0.6096802847222222 0.526 0.6052397870370371 0.5215000000000001 0.5950266435185185 0.51825 0.5905861458333334 0.5185 0.5772646527777778 0.52075 0.5679396087962962 0.525 0.5683836597222223 0.53625 0.5777087037037036 0.54325 0.5923623449074074 0.545 0.606127886574074 0.5409999999999999
13 0.7686500879629631 0.539 0.7757548842592592 0.5387500000000001 0.7864120787037037 0.5367500000000001 0.7930728240740741 0.533 0.7957371226851853 0.52825 0.7944049722222223 0.522 0.7917406759259259 0.5187499999999999 0.7797513310185186 0.513 0.7730905856481483 0.51175 0.7655417407407407 0.51225 0.7571047962962963 0.51425 0.750444048611111 0.5187499999999999 0.7477797523148149 0.52225 0.7477797523148149 0.52975 0.7588809953703703 0.5367500000000001 0.7686500879629631 0.539
13 0.6856127893518519 0.592 0.6931616342592593 0.59175 0.7020426296296297 0.5882499999999999 0.706483125 0.5840000000000001 0.7082593240740741 0.57825 0.7069271759259259 0.57425 0.7029307291666667 0.56975 0.6927175833333332 0.5655 0.6842806388888889 0.56475 0.6736234467592593 0.5665 0.668294849537037 0.56925 0.6634103009259259 0.5750000000000001 0.6629662523148149 0.58075 0.6647424513888889 0.58475 0.6789520416666667 0.5910000000000001 0.6856127893518519 0.592
13 0.5088809953703703 0.598 0.5159857893518518 0.5975 0.5235346365740741 0.5952500000000001 0.5284191828703704 0.59 0.5306394305555555 0.58375 0.5270870347222222 0.57725 0.520870337962963 0.57325 0.5093250439814815 0.57075 0.49822380092592594 0.5715 0.49111900462962965 0.574 0.48623445833333334 0.57875 0.4840142106481482 0.585 0.48889875694444446 0.592 0.4951154537037037 0.59625 0.5088809953703703 0.598
13 0.3250444050925926 0.6015 0.3348135 0.60475 0.33747779861111116 0.60475 0.3468028425925926 0.6012500000000001 0.35301953703703703 0.597 0.35479573611111115 0.59225 0.35301953703703703 0.5835 0.3481349907407407 0.5795 0.33969804629629635 0.57675 0.3277087037037037 0.5765 0.3157193611111111 0.5805 0.3090586134259259 0.58575 0.3090586134259259 0.59475 0.312166962962963 0.59875 0.3179396087962963 0.601 0.3250444050925926 0.6015
13 0.4289520416666666 0.64975 0.440053287037037 0.6477499999999999 0.4476021319444445 0.644 0.44937833101851854 0.63875 0.4449378333333333 0.63025 0.4409413865740741 0.626 0.43694493749999996 0.6244999999999999 0.42095914814814817 0.6237499999999999 0.41207815277777776 0.625 0.4036412083333334 0.63225 0.4040852569444444 0.6405000000000001 0.40630550694444445 0.64275 0.41785079861111113 0.6485 0.4289520416666666 0.64975
13 0.5785968032407408 0.63675 0.5821492013888888 0.6405000000000001 0.5883658958333333 0.64325 0.5981349907407407 0.6447499999999999 0.6056838356481481 0.6445 0.6127886319444444 0.643 0.6216696273148149 0.63725 0.624333925925926 0.6337499999999999 0.6247779745370371 0.63 0.623001775462963 0.6262500000000001 0.6158969814814815 0.621 0.6096802847222222 0.6192500000000001 0.5985790416666666 0.6185 0.5812611018518519 0.62 0.5759325046296296 0.6230000000000001 0.5785968032407408 0.62525 0.5785968032407408 0.62725 0.5754884537037037 0.6295000000000001 0.5785968032407408 0.63675