10 0.6365740740740741 0.32175925925925924 0.6388888888888888 0.32407407407407407 0.6388888888888888 0.33564814814814814 0.6365740740740741 0.3402777777777778 0.6296296296296297 0.3449074074074074 0.6180555555555556 0.3472222222222222 0.6111111111111112 0.3541666666666667 0.6087962962962963 0.36342592592592593 0.6111111111111112 0.36574074074074076 0.6111111111111112 0.375 0.6134259259259259 0.3773148148148148 0.6388888888888888 0.375 0.6412037037037037 0.37962962962962965 0.6412037037037037 0.3958333333333333 0.6365740740740741 0.39814814814814814 0.6157407407407407 0.39814814814814814 0.6134259259259259 0.40046296296296297 0.6134259259259259 0.41203703703703703 0.6111111111111112 0.41435185185185186 0.5949074074074074 0.41435185185185186 0.5925925925925926 0.4166666666666667 0.5856481481481481 0.4166666666666667 0.5833333333333334 0.41435185185185186 0.5787037037037037 0.4166666666666667 0.5763888888888888 0.41435185185185186 0.5763888888888888 0.4050925925925926 0.5717592592592593 0.39814814814814814 0.5601851851851852 0.39814814814814814 0.5578703703703703 0.40046296296296297 0.5208333333333334 0.40046296296296297 0.5162037037037037 0.4050925925925926 0.5162037037037037 0.4166666666666667 0.5138888888888888 0.41898148148148145 0.5162037037037037 0.4212962962962963 0.5138888888888888 0.41898148148148145 0.5092592592592593 0.4212962962962963 0.5069444444444444 0.41898148148148145 0.48842592592592593 0.41898148148148145 0.4837962962962963 0.4212962962962963 0.4791666666666667 0.4166666666666667 0.4791666666666667 0.4074074074074074 0.4722222222222222 0.40046296296296297 0.4699074074074074 0.4027777777777778 0.42592592592592593 0.4027777777777778 0.4236111111111111 0.40046296296296297 0.4074074074074074 0.39814814814814814 0.39814814814814814 0.39351851851851855 0.3888888888888889 0.38657407407407407 0.3773148148148148 0.3726851851851852 0.3773148148148148 0.36574074074074076 0.375 0.36342592592592593 0.3819444444444444 0.3472222222222222 0.38425925925925924 0.3472222222222222 0.39351851851851855 0.33796296296296297 0.4074074074074074 0.33101851851851855 0.42824074074074076 0.3287037037037037 0.4305555555555556 0.3263888888888889 0.45601851851851855 0.3263888888888889 0.4583333333333333 0.3287037037037037 0.47685185185185186 0.33101851851851855 0.4976851851851852 0.3402777777777778 0.5092592592592593 0.3541666666666667 0.5115740740740741 0.375 0.5185185185185185 0.3819444444444444 0.5208333333333334 0.37962962962962965 0.5671296296296297 0.37962962962962965 0.5717592592592593 0.375 0.5717592592592593 0.3541666666666667 0.5787037037037037 0.3402777777777778 0.6018518518518519 0.3263888888888889 0.6157407407407407 0.32407407407407407 0.6180555555555556 0.32175925925925924 0.6342592592592593 0.32175925925925924
1 0.24768518518518517 0.39351851851851855 0.2523148148148148 0.3912037037037037 0.2569444444444444 0.39351851851851855 0.27546296296296297 0.39351851851851855 0.28703703703703703 0.39814814814814814 0.2962962962962963 0.39814814814814814 0.3101851851851852 0.4050925925925926 0.3194444444444444 0.41435185185185186 0.32175925925925924 0.41435185185185186 0.32407407407407407 0.41898148148148145 0.32407407407407407 0.42824074074074076 0.33101851851851855 0.4444444444444444 0.37037037037037035 0.4444444444444444 0.3726851851851852 0.44212962962962965 0.38425925925925924 0.44212962962962965 0.38657407407407407 0.4398148148148148 0.38657407407407407 0.42824074074074076 0.39351851851851855 0.42824074074074076 0.3958333333333333 0.42592592592592593 0.41435185185185186 0.42592592592592593 0.4166666666666667 0.4236111111111111 0.4212962962962963 0.4236111111111111 0.4236111111111111 0.42592592592592593 0.4236111111111111 0.43287037037037035 0.42824074074074076 0.44212962962962965 0.43287037037037035 0.44212962962962965 0.4351851851851852 0.4398148148148148 0.46064814814814814 0.4398148148148148 0.46296296296296297 0.4375 0.4699074074074074 0.4375 0.4837962962962963 0.4212962962962963 0.49537037037037035 0.4212962962962963 0.4976851851851852 0.41898148148148145 0.5138888888888888 0.41898148148148145 0.5162037037037037 0.4212962962962963 0.5162037037037037 0.43287037037037035 0.5092592592592593 0.44212962962962965 0.48842592592592593 0.4537037037037037 0.4837962962962963 0.4537037037037037 0.47453703703703703 0.4583333333333333 0.45601851851851855 0.4583333333333333 0.4537037037037037 0.46064814814814814 0.44675925925925924 0.4583333333333333 0.4444444444444444 0.46064814814814814 0.43287037037037035 0.46064814814814814 0.42824074074074076 0.4652777777777778 0.42824074074074076 0.4791666666666667 0.4305555555555556 0.48148148148148145 0.42824074074074076 0.49074074074074076 0.4236111111111111 0.4976851851851852 0.41435185185185186 0.5046296296296297 0.3958333333333333 0.5138888888888888 0.3726851851851852 0.5162037037037037 0.37037037037037035 0.5185185185185185 0.36342592592592593 0.5185185185185185 0.3611111111111111 0.5162037037037037 0.3541666666666667 0.5185185185185185 0.35185185185185186 0.5162037037037037 0.33564814814814814 0.5162037037037037 0.3101851851851852 0.5046296296296297 0.2986111111111111 0.4930555555555556 0.29398148148148145 0.4837962962962963 0.29398148148148145 0.4722222222222222 0.28935185185185186 0.4652777777777778 0.26157407407407407 0.4652777777777778 0.25925925925925924 0.46296296296296297 0.25925925925925924 0.45601851851851855 0.2569444444444444 0.4537037037037037 0.25925925925925924 0.4513888888888889 0.25925925925925924 0.44675925925925924 0.28703703703703703 0.44675925925925924 0.28935185185185186 0.4444444444444444 0.28935185185185186 0.4375 0.28703703703703703 0.4351851851851852 0.28703703703703703 0.42592592592592593 0.2847222222222222 0.4212962962962963 0.2800925925925926 0.4166666666666667 0.26851851851851855 0.41203703703703703 0.2523148148148148 0.41203703703703703 0.24768518518518517 0.4074074074074074 0.24768518518518517 0.3958333333333333
3 0.2708333333333333 0.2824074074074074 0.2916666666666667 0.2916666666666667 0.30324074074074076 0.30092592592592593 0.3101851851851852 0.3148148148148148 0.3125 0.3263888888888889 0.3101851851851852 0.3287037037037037 0.3101851851851852 0.3333333333333333 0.30787037037037035 0.3333333333333333 0.2962962962962963 0.3472222222222222 0.2916666666666667 0.3472222222222222 0.2800925925925926 0.3541666666666667 0.2638888888888889 0.35648148148148145 0.26157407407407407 0.3587962962962963 0.22685185185185186 0.35648148148148145 0.2199074074074074 0.3611111111111111 0.2222222222222222 0.3888888888888889 0.23148148148148148 0.39351851851851855 0.2337962962962963 0.3912037037037037 0.23842592592592593 0.39351851851851855 0.24074074074074073 0.3912037037037037 0.24537037037037038 0.39351851851851855 0.24768518518518517 0.39814814814814814 0.24768518518518517 0.41203703703703703 0.2337962962962963 0.41203703703703703 0.22916666666666666 0.41435185185185186 0.22685185185185186 0.4166666666666667 0.22685185185185186 0.42824074074074076 0.23842592592592593 0.44212962962962965 0.25 0.44675925925925924 0.2569444444444444 0.44675925925925924 0.2569444444444444 0.46064814814814814 0.25925925925925924 0.46296296296296297 0.2569444444444444 0.4652777777777778 0.2337962962962963 0.4652777777777778 0.23148148148148148 0.46296296296296297 0.22453703703703703 0.46296296296296297 0.2222222222222222 0.46064814814814814 0.21064814814814814 0.4583333333333333 0.20601851851851852 0.4537037037037037 0.19907407407407407 0.4513888888888889 0.1875 0.4398148148148148 0.18518518518518517 0.4351851851851852 0.18518518518518517 0.41898148148148145 0.17824074074074073 0.41203703703703703 0.17592592592592593 0.41435185185185186 0.1597222222222222 0.41435185185185186 0.15046296296296297 0.4074074074074074 0.15046296296296297 0.3958333333333333 0.1527777777777778 0.39351851851851855 0.17824074074074073 0.39351851851851855 0.18055555555555555 0.3912037037037037 0.18055555555555555 0.37962962962962965 0.17824074074074073 0.3773148148148148 0.17824074074074073 0.36342592592592593 0.1736111111111111 0.3587962962962963 0.16666666666666666 0.3587962962962963 0.16435185185185186 0.35648148148148145 0.16203703703703703 0.3587962962962963 0.1574074074074074 0.35648148148148145 0.1550925925925926 0.3587962962962963 0.14583333333333334 0.35648148148148145 0.14351851851851852 0.35185185185185186 0.14351851851851852 0.3402777777777778 0.14814814814814814 0.33796296296296297 0.1736111111111111 0.33796296296296297 0.17592592592592593 0.33564814814814814 0.17592592592592593 0.33101851851851855 0.1736111111111111 0.3287037037037037 0.1736111111111111 0.3101851851851852 0.17592592592592593 0.30787037037037035 0.17592592592592593 0.30324074074074076 0.18518518518518517 0.29398148148148145 0.2013888888888889 0.2847222222222222 0.2152777777777778 0.2824074074074074 0.2175925925925926 0.2800925925925926 0.26157407407407407 0.2800925925925926 0.2638888888888889 0.2824074074074074 0.26851851851851855 0.2824074074074074
11 0 0.436 0.003108347222222222 0.44125000000000003 0.003108347222222222 0.46425000000000005 0.007104796296296296 0.48125 0.03596802777777778 0.6829999999999999 0.039520425925925924 0.693 0.045293071759259264 0.69975 0.05284191898148148 0.70625 0.06127886342592593 0.71075 0.07682060416666667 0.7170000000000001 0.09769094212962963 0.721 0.11412078240740742 0.7214999999999999 0.14786856018518518 0.7204999999999999 0.1934280648148148 0.71775 0.2442273541666667 0.7167500000000001 0.2562166967592593 0.7155 0.3077264652777778 0.7135 0.36811722916666667 0.7125 0.38188277083333333 0.7112499999999999 0.39431616435185185 0.71175 0.4080817060185185 0.7102499999999999 0.4387211365740741 0.7100000000000001 0.7522202476851851 0.698 0.8166074606481482 0.69475 0.8365896990740741 0.69475 0.8645648310185186 0.693 0.8774422731481482 0.691 0.8934280648148147 0.6857500000000001 0.8996447592592594 0.682 0.918294849537037 0.66575 0.9222912962962964 0.6525 0.9125222013888888 0.523 0.9027531087962963 0.42369999999999997 0.9023090578703703 0.40425 0.8974245115740741 0.36000000000000004 0.8947602129629629 0.35300000000000004 0.8858792175925926 0.20975 0.8805506226851852 0.19574999999999998 0.873001775462963 0.191 0.8658969814814815 0.191 0.8556838356481481 0.18875 0.7553285972222222 0.19324999999999998 0.7446714027777778 0.19475 0.7375666064814815 0.194 0.7326820601851851 0.19499999999999998 0.7260213148148148 0.1945 0.66740675 0.197 0.645204263888889 0.19875 0.625666074074074 0.19849999999999998 0.6127886319444444 0.19949999999999998 0.6092362337962962 0.20075 0.5985790416666666 0.20024999999999998 0.5763765532407408 0.2025 0.5430728240740741 0.20199999999999999 0.4733570162037037 0.20500000000000002 0.4702486689814815 0.20600000000000002 0.4591474236111111 0.20525000000000002 0.4431616342592593 0.20725 0.4205150972222222 0.20725 0.4107460046296296 0.20925 0.3241563055555556 0.20975 0.309946712962963 0.2115 0.29218472453703703 0.211 0.2158081712962963 0.21325 0.17362344675925925 0.216 0.15763765509259262 0.2155 0.14357593287037038 0.21675 0.12921847222222224 0.21625 0.12033747685185185 0.2175 0.08658969907407409 0.2175 0.06483126157407407 0.21924999999999997 0.03996447685185185 0.21875 0.003108347222222222 0.22099999999999997 0 0.222 0 0.436
12 0 0.26108125 0.9319005324074074 0.26108125 0.9319005324074074 0.19492875 0 0.19492875 0 0.26108125
13 0.3419182939814815 0.32949999999999996 0.35124334027777776 0.32875000000000004 0.3610124328703704 0.32375000000000004 0.3645648310185185 0.32025000000000003 0.3658969814814815 0.3175 0.3645648310185185 0.30975 0.35568383564814815 0.30324999999999996 0.3459147430555556 0.29974999999999996 0.3370337476851852 0.29925 0.33170515046296295 0.30025 0.32015985879629627 0.305 0.31527531018518523 0.30975 0.31616340972222223 0.3215 0.32015985879629627 0.32525000000000004 0.32460035416666666 0.327 0.3419182939814815 0.32949999999999996
13 0.5324156296296296 0.32375000000000004 0.5408525763888888 0.32325000000000004 0.5515097685185185 0.32025000000000003 0.5590586134259259 0.31475000000000003 0.5612788634259259 0.30874999999999997 0.5590586134259259 0.3015 0.5501776203703703 0.29575 0.5461811712962963 0.2945 0.5324156296296296 0.29325 0.5235346365740741 0.295 0.5150976898148149 0.2995 0.5106571944444445 0.30450000000000005 0.5119893425925925 0.31425 0.518650087962963 0.32 0.5239786851851852 0.32225 0.5324156296296296 0.32375000000000004
13 0.643872113425926 0.37599999999999995 0.6509769097222221 0.375 0.6567495555555555 0.37274999999999997 0.664298400462963 0.36700000000000005 0.6647424513888889 0.35825 0.6616341041666667 0.35225 0.6571936064814815 0.3485 0.6474245115740741 0.34575 0.6429840138888889 0.34625 0.6367673171296296 0.345 0.6296625231481481 0.347 0.6185612777777778 0.35225 0.6154529305555556 0.356 0.6141207824074074 0.35925 0.6150088819444444 0.36325 0.6212255763888889 0.36975 0.643872113425926 0.37599999999999995
13 0.23312611111111112 0.3855 0.2442273541666667 0.38875 0.2522202476851852 0.38875 0.2619893425925926 0.38725 0.26731793981481483 0.3855 0.27309058564814814 0.381 0.2748667847222222 0.3745 0.27353463657407406 0.3695 0.270426287037037 0.36475 0.2650976898148148 0.361 0.25177619907407406 0.35925 0.2375666064814815 0.36024999999999996 0.23134991203703703 0.362 0.22690941435185186 0.36475 0.22335701620370368 0.36975 0.22335701620370368 0.37725000000000003 0.22690941435185186 0.3825 0.2304618125 0.38325 0.23312611111111112 0.3855
13 0.42850799305555554 0.3785 0.44182948379629633 0.38125 0.4626998217592593 0.38 0.46802841898148145 0.37875000000000003 0.4715808171296296 0.36975 0.4706927175925926 0.3625 0.4635879212962963 0.356 0.45337477777777774 0.35174999999999995 0.4413854351851852 0.35100000000000003 0.4316163402777778 0.35300000000000004 0.42140319675925925 0.35800000000000004 0.41829484953703705 0.36224999999999996 0.4169626990740741 0.36724999999999997 0.41918294907407405 0.37225 0.42406749537037036 0.3765 0.42850799305555554 0.3785
13 0.7402309050925925 0.4265 0.7548845462962963 0.42575 0.7642095925925927 0.42050000000000004 0.7677619884259259 0.41550000000000004 0.7673179398148149 0.40850000000000003 0.7628774421296297 0.4035 0.7575488449074074 0.3995 0.749555951388889 0.39675 0.7335701597222223 0.39725 0.7277975138888889 0.39925 0.7211367662037037 0.40375 0.7171403194444445 0.409 0.7171403194444445 0.4145 0.7198046180555556 0.41900000000000004 0.7277975138888889 0.42324999999999996 0.7402309050925925 0.4265
13 0.5501776203703703 0.43524999999999997 0.5612788634259259 0.43300000000000005 0.5661634097222222 0.43024999999999997 0.5714920069444445 0.423 0.5714920069444445 0.4195 0.5679396087962962 0.4115 0.5612788634259259 0.40700000000000003 0.5510657199074074 0.40525000000000005 0.5364120787037037 0.40625 0.5266429837962963 0.41074999999999995 0.5235346365740741 0.415 0.5230905856481481 0.42025 0.5253108356481482 0.4255 0.5328596805555555 0.43174999999999997 0.5501776203703703 0.43524999999999997
13 0.3445825925925926 0.4405 0.3592362337962963 0.4415 0.3734458263888889 0.4375 0.3809946712962963 0.4245 0.3787744236111111 0.42025 0.36989342824074073 0.41350000000000003 0.3592362337962963 0.41025 0.3472468912037037 0.41125 0.3352575486111111 0.41675 0.33170515046296295 0.4215 0.33081705092592595 0.427 0.333481349537037 0.434 0.3352575486111111 0.436 0.3445825925925926 0.4405
13 0.16119005324074073 0.44775 0.1718472476851852 0.44575 0.17673179398148148 0.4435 0.1798401412037037 0.441 0.18206039120370368 0.43524999999999997 0.17895204166666667 0.42575 0.1718472476851852 0.42075 0.15852575462962962 0.4185 0.1505328587962963 0.41875 0.14209591435185184 0.42075 0.13632326851851853 0.425 0.13454706944444444 0.4285 0.13587921759259258 0.439 0.14431616435185185 0.44575 0.16119005324074073 0.44775
13 0.2593250439814815 0.49774999999999997 0.27220248611111114 0.498 0.2797513310185185 0.49624999999999997 0.2837477800925926 0.49424999999999997 0.28774422685185186 0.48924999999999996 0.28774422685185186 0.48175 0.2841918287037037 0.47525 0.27575488425925926 0.47125 0.26865008796296297 0.46974999999999995 0.2619893425925926 0.46925 0.25133214814814814 0.4705 0.24378330324074074 0.47575 0.2402309050925926 0.482 0.2402309050925926 0.4875 0.2442273541666667 0.493 0.24866785185185183 0.49550000000000005 0.2593250439814815 0.49774999999999997
13 0.44893428009259256 0.4915 0.46714031944444445 0.49200000000000005 0.477353462962963 0.4875 0.48046181250000003 0.4845 0.4831261111111111 0.4775 0.48134991203703703 0.47100000000000003 0.477353462962963 0.466 0.4702486689814815 0.46299999999999997 0.4538188287037037 0.46225 0.44582593287037037 0.4635 0.4387211365740741 0.46725 0.43383659027777777 0.47425 0.43294849074074077 0.4775 0.43605683796296296 0.4845 0.44049733564814814 0.48825 0.44893428009259256 0.4915
13 0.6474245115740741 0.48475 0.6589698055555556 0.484 0.6651865 0.48225 0.6727353472222222 0.47575 0.6745115462962963 0.4715 0.6727353472222222 0.4635 0.6687388981481481 0.46 0.6611900532407406 0.45625 0.6536412083333333 0.45525 0.6403197152777778 0.45599999999999996 0.6336589699074074 0.4585 0.6274422731481482 0.4635 0.625666074074074 0.46775000000000005 0.6252220254629629 0.474 0.6296625231481481 0.47975 0.6336589699074074 0.48175 0.6474245115740741 0.48475
13 0.748223800925926 0.535 0.7548845462962963 0.53575 0.7650976898148149 0.535 0.7722024861111111 0.5315 0.7779751342592592 0.5257499999999999 0.7793072824074074 0.521 0.7766429837962963 0.51525 0.7735346365740741 0.5115 0.7650976898148149 0.507 0.75 0.50575 0.7380106574074075 0.50725 0.7304618125 0.51225 0.729129662037037 0.51575 0.728685613425926 0.5235 0.7309058611111111 0.5275 0.7340142106481481 0.52975 0.748223800925926 0.535
13 0.5603907638888889 0.542 0.5670515092592593 0.542 0.5750444050925926 0.54 0.58259325 0.5355 0.5843694490740741 0.53025 0.583481349537037 0.52275 0.5785968032407408 0.5175 0.5732682060185185 0.515 0.564831261574074 0.51375 0.5501776203703703 0.514 0.5408525763888888 0.51825 0.5355239791666667 0.524 0.5373001782407407 0.53275 0.5399644768518519 0.53625 0.5501776203703703 0.54025 0.5603907638888889 0.542
13 0.3730017754629629 0.5495 0.38321491898148147 0.547 0.39209591435185187 0.54025 0.39387211342592593 0.53725 0.39387211342592593 0.5317500000000001 0.39165186574074073 0.5285000000000001 0.38188277083333333 0.522 0.3778863240740741 0.521 0.3592362337962963 0.52125 0.35257548842592595 0.5225 0.3481349907407407 0.5255 0.3445825925925926 0.532 0.3450266435185185 0.539 0.3485790416666667 0.54275 0.3658969814814815 0.549 0.3730017754629629 0.5495
13 0.1718472476851852 0.5565 0.18605683796296296 0.55575 0.19715808101851853 0.5505 0.19982237962962962 0.545 0.1989342800925926 0.5395 0.19360568287037036 0.53275 0.18650088888888888 0.5287499999999999 0.1749555949074074 0.52725 0.16296625231481482 0.5285000000000001 0.15674955555555556 0.531 0.15008881018518516 0.5365 0.14875665972222224 0.54125 0.15097690972222222 0.54725 0.16119005324074073 0.55425 0.1718472476851852 0.5565
13 0.2775310833333333 0.60725 0.2864120787037037 0.607 0.29484902314814815 0.6045 0.3015097685185185 0.59675 0.30195381944444444 0.59025 0.29884546990740746 0.5842499999999999 0.293516875 0.58 0.2797513310185185 0.57725 0.2633214930555556 0.5792499999999999 0.2571047962962963 0.583 0.2535523981481482 0.58775 0.2544404976851852 0.59875 0.25888099537037035 0.6024999999999999 0.2717584375 0.6064999999999999 0.2775310833333333 0.60725
13 0.46314387268518514 0.59875 0.48046181250000003 0.599 0.49289520370370365 0.593 0.4955595023148148 0.58875 0.4951154537037037 0.58225 0.4915630555555556 0.5770000000000001 0.4857904074074074 0.573 0.47602131481481486 0.57025 0.4658081712962963 0.5700000000000001 0.45337477777777774 0.57325 0.4476021319444445 0.5785 0.4462699814814815 0.5855 0.44893428009259256 0.592 0.45293072916666666 0.59475 0.46314387268518514 0.59875
13 0.6576376550925926 0.592 0.6718472476851851 0.592 0.6785079930555555 0.5895 0.6869449375000001 0.5815 0.688277087962963 0.5745 0.6860568379629629 0.57025 0.6780639421296297 0.5655 0.6691829490740742 0.5625 0.6500888101851852 0.564 0.6429840138888889 0.56875 0.6394316157407408 0.5745 0.6385435162037036 0.57875 0.6429840138888889 0.587 0.646980462962963 0.5895 0.6576376550925926 0.592
13 0.5728241574074074 0.64975 0.5803730023148148 0.6495 0.5879218472222222 0.6475000000000001 0.5954706921296297 0.642 0.5972468912037037 0.6377499999999999 0.5963587916666667 0.63 0.5919182939814815 0.625 0.583037300925926 0.621 0.5670515092592593 0.62 0.5568383657407407 0.62275 0.5519538194444444 0.62575 0.5484014212962963 0.631 0.5479573703703703 0.63675 0.5501776203703703 0.642 0.5608348125 0.6477499999999999 0.5728241574074074 0.64975
13 0.39387211342592593 0.657 0.4014209583333333 0.6542500000000001 0.4067495555555556 0.6475000000000001 0.4076376550925926 0.63975 0.4040852569444444 0.6355 0.39387211342592593 0.62875 0.3841030185185185 0.6269999999999999 0.36944937731481486 0.62825 0.3601243333333333 0.6335000000000001 0.3574600347222222 0.6385 0.35790408564814813 0.6477499999999999 0.36634103009259256 0.65375 0.38232682175925925 0.65725 0.39387211342592593 0.657