7 0.47453703703703703 0.41203703703703703 0.5 0.41203703703703703 0.5023148148148148 0.41435185185185186 0.5138888888888888 0.4166666666666667 0.5138888888888888 0.41898148148148145 0.5254629629629629 0.4305555555555556 0.5486111111111112 0.4305555555555556 0.5509259259259259 0.43287037037037035 0.5532407407407407 0.4305555555555556 0.5671296296296297 0.4305555555555556 0.5694444444444444 0.43287037037037035 0.5740740740740741 0.42824074074074076 0.5740740740740741 0.41435185185185186 0.5787037037037037 0.41203703703703703 0.6111111111111112 0.41203703703703703 0.6134259259259259 0.41435185185185186 0.6134259259259259 0.42824074074074076 0.6157407407407407 0.4305555555555556 0.6435185185185185 0.4305555555555556 0.6435185185185185 0.4398148148148148 0.6458333333333334 0.44212962962962965 0.6435185185185185 0.4444444444444444 0.6435185185185185 0.4513888888888889 0.6388888888888888 0.4537037037037037 0.6180555555555556 0.4513888888888889 0.6134259259259259 0.45601851851851855 0.6134259259259259 0.4837962962962963 0.6180555555555556 0.48842592592592593 0.6435185185185185 0.48842592592592593 0.6458333333333334 0.49074074074074076 0.6458333333333334 0.5092592592592593 0.6412037037037037 0.5115740740740741 0.6157407407407407 0.5115740740740741 0.6134259259259259 0.5138888888888888 0.6134259259259259 0.5347222222222222 0.6087962962962963 0.5439814814814815 0.5925925925925926 0.5578703703703703 0.5740740740740741 0.5648148148148148 0.5671296296296297 0.5648148148148148 0.5648148148148148 0.5671296296296297 0.5416666666666666 0.5671296296296297 0.5439814814814815 0.5462962962962963 0.5555555555555556 0.5462962962962963 0.5578703703703703 0.5439814814814815 0.5625 0.5439814814814815 0.5671296296296297 0.5416666666666666 0.5740740740740741 0.5324074074074074 0.5740740740740741 0.5208333333333334 0.5763888888888888 0.5185185185185185 0.5717592592592593 0.5115740740740741 0.5462962962962963 0.5115740740740741 0.5439814814814815 0.5092592592592593 0.5439814814814815 0.49074074074074076 0.5462962962962963 0.48842592592592593 0.5717592592592593 0.48842592592592593 0.5740740740740741 0.4861111111111111 0.5740740740740741 0.4722222222222222 0.5763888888888888 0.4699074074074074 0.5740740740740741 0.4675925925925926 0.5740740740740741 0.45601851851851855 0.5694444444444444 0.4513888888888889 0.5648148148148148 0.4513888888888889 0.5625 0.4537037037037037 0.5578703703703703 0.4513888888888889 0.5416666666666666 0.4537037037037037 0.5393518518518519 0.4513888888888889 0.5208333333333334 0.4513888888888889 0.5185185185185185 0.44907407407407407 0.5092592592592593 0.44907407407407407 0.49074074074074076 0.4398148148148148 0.47453703703703703 0.4236111111111111 0.47453703703703703 0.41435185185185186
11 0 0.7412500000000001 0.002220247685185185 0.7414999999999999 0.0062166967592592595 0.74475 0.015097689814814816 0.74575 0.022646537037037034 0.74525 0.05239786805555555 0.7475 0.10035524074074074 0.749 0.11856127777777778 0.7480000000000001 0.12921847222222224 0.74925 0.16163410416666668 0.7484999999999999 0.18561278935185185 0.75 0.2766429837962963 0.75025 0.28907637731481484 0.7517499999999999 0.29218472453703703 0.751 0.3028419189814815 0.7517499999999999 0.38010657175925927 0.7515000000000001 0.38277087037037033 0.75025 0.39387211342592593 0.751 0.3960923634259259 0.75025 0.4005328587962963 0.7515000000000001 0.4049733564814815 0.751 0.4147424513888889 0.75325 0.4444937824074074 0.754 0.4462699814814815 0.7557499999999999 0.4600355231481481 0.75475 0.5008880995370371 0.7575000000000001 0.5364120787037037 0.7565 0.5461811712962963 0.75925 0.5528419189814815 0.7595 0.6025754884259259 0.76025 0.6056838356481481 0.75925 0.6087921851851852 0.7605 0.6238898749999999 0.76025 0.6292184722222223 0.76125 0.6345470694444444 0.7605 0.6540852569444445 0.76175 0.8827708703703704 0.7655000000000001 0.9009769097222221 0.7645000000000001 0.9031971574074075 0.763 0.9071936064814815 0.7655000000000001 0.9089698055555556 0.7635 0.9147424513888889 0.764 0.91740675 0.7557499999999999 0.916518650462963 0.71575 0.9191829490740742 0.712 0.9218472476851851 0.71175 0.9218472476851851 0.7090000000000001 0.9187388981481481 0.70875 0.916962699074074 0.70675 0.914298400462963 0.70675 0.9111900532407406 0.70175 0.9125222013888888 0.69925 0.9089698055555556 0.6972499999999999 0.9089698055555556 0.6957500000000001 0.9000888101851852 0.69133325 0.8992007106481481 0.67825 0.9031971574074075 0.6707500000000001 0.9080817060185185 0.6685 0.9098579050925926 0.664 0.9134103009259259 0.638 0.9156305509259259 0.59875 0.9147424513888889 0.5745 0.918294849537037 0.54675 0.91740675 0.5355 0.9191829490740742 0.52975 0.9196269976851852 0.5025000000000001 0.9178507986111112 0.494 0.9196269976851852 0.49125 0.9196269976851852 0.4865 0.9178507986111112 0.48125 0.9205150972222222 0.47075 0.9187388981481481 0.46649999999999997 0.9218472476851851 0.46075000000000005 0.9227353472222222 0.41350000000000003 0.9262877453703703 0.38275000000000003 0.9298401412037037 0.26475 0.9236234467592593 0.24825 0.9049733564814815 0.23424999999999999 0.8965364120370369 0.231 0.876998224537037 0.22624999999999998 0.8658969814814815 0.225 0.8587921851851852 0.226 0.8521314398148149 0.224 0.8112788634259259 0.22274999999999998 0.7730905856481483 0.22375 0.7668738888888889 0.2225 0.6865008888888888 0.22175 0.6758436944444445 0.2205 0.35301953703703703 0.218 0.17895204166666667 0.21675 0.15586145601851853 0.218 0.14476021296296296 0.21625 0.10124334027777777 0.21650000000000003 0.09857904166666666 0.21725 0.09547069212962962 0.216 0.09058614583333334 0.21575 0.05950266435185186 0.21575 0.04618117129629629 0.21675 0.043516875 0.21775 0.03996447685185185 0.21625 0.032415629629629635 0.21675 0.01554174074074074 0.22099999999999997 0.003552398148148148 0.22799999999999998 0.0026642986111111108 0.2385 0 0.24125 0 0.7412500000000001
12 0 0.7673425 0.9323623449074074 0.7673425 0.9323623449074074 0.6753075000000001 0 0.6753075000000001 0 0.7673425
13 0.33747779861111116 0.309 0.35257548842592595 0.30775 0.36412078240740736 0.3015 0.3690053287037037 0.296 0.36989342824074073 0.28975 0.3658969814814815 0.283 0.3490230902777778 0.27575 0.3348135 0.27575 0.3241563055555556 0.27925 0.31927175925925927 0.28225 0.31483126157407404 0.28925 0.31483126157407404 0.297 0.3174955601851852 0.302 0.33081705092592595 0.30800000000000005 0.33747779861111116 0.309
13 0.5439609236111111 0.311 0.5626110115740741 0.31024999999999997 0.5674955601851852 0.30800000000000005 0.5746003541666667 0.30075 0.5763765532407408 0.29725 0.5746003541666667 0.2865 0.5701598587962963 0.283 0.5608348125 0.27975 0.5537300185185186 0.27875 0.539520425925926 0.27925 0.5288632337962963 0.28325 0.5222024861111111 0.28975 0.5230905856481481 0.30075 0.5319715810185185 0.3085 0.5364120787037037 0.31024999999999997 0.5439609236111111 0.311
13 0.646980462962963 0.37175 0.6611900532407406 0.371 0.6722912962962964 0.36424999999999996 0.6762877453703703 0.3595 0.6771758425925926 0.3525 0.6714031967592592 0.34450000000000003 0.664298400462963 0.341 0.6545293078703703 0.33825 0.6416518657407407 0.339 0.6305506226851852 0.34175 0.625666074074074 0.34525 0.6216696273148149 0.352 0.6216696273148149 0.35725 0.6278863240740741 0.365 0.6363232685185186 0.3695 0.646980462962963 0.37175
13 0.4356127893518518 0.368 0.4449378333333333 0.3685 0.4538188287037037 0.36700000000000005 0.4635879212962963 0.36350000000000005 0.46847246990740743 0.35625 0.4689165185185185 0.35125 0.46714031944444445 0.34525 0.46447602083333334 0.34175 0.4604795740740741 0.33949999999999997 0.44671403240740737 0.33625 0.4325044398148148 0.3375 0.4236234467592592 0.33975 0.41785079861111113 0.34425 0.4151865 0.34875 0.41563055092592593 0.35575 0.4249555949074074 0.36525 0.4356127893518518 0.368
13 0.2309058611111111 0.36525 0.2375666064814815 0.366 0.24911190046296297 0.36325 0.2548845462962963 0.36074999999999996 0.26154529398148146 0.35524999999999995 0.26287744212962966 0.34625 0.26065719444444446 0.34149999999999997 0.2544404976851852 0.33649999999999997 0.2446714027777778 0.33375 0.23712255787037037 0.33299999999999996 0.2206927175925926 0.33525 0.21225577314814817 0.33949999999999997 0.20825932407407408 0.34525 0.208703375 0.35300000000000004 0.21536412037037037 0.35975 0.2206927175925926 0.3625 0.2309058611111111 0.36525
13 0.11944937731481481 0.42050000000000004 0.13010657175925924 0.4215 0.14209591435185184 0.4195 0.14786856018518518 0.41625 0.15586145601851853 0.40825 0.15630550694444445 0.403 0.15230905787037036 0.39725 0.14431616435185185 0.39225 0.13410301851851852 0.39025 0.12255772685185186 0.39025 0.11545293055555556 0.39149999999999996 0.1065719351851852 0.39625 0.10301953703703705 0.40049999999999997 0.1016873888888889 0.40724999999999995 0.10568383564814815 0.41400000000000003 0.1092362337962963 0.4165 0.11944937731481481 0.42050000000000004
13 0.3459147430555556 0.42425 0.35568383564814815 0.4215 0.36412078240740736 0.41125 0.36412078240740736 0.40650000000000003 0.3605683842592593 0.40125 0.3539076365740741 0.39625 0.3459147430555556 0.39349999999999996 0.3294849027777778 0.39349999999999996 0.3179396087962963 0.39625 0.31305506250000004 0.3995 0.309946712962963 0.405 0.309946712962963 0.41200000000000003 0.31527531018518523 0.41925 0.3348135 0.425 0.3459147430555556 0.42425
13 0.5364120787037037 0.4285 0.5501776203703703 0.4285 0.5550621666666666 0.42725 0.5639431620370371 0.42075 0.5692717592592592 0.41475 0.5697158078703703 0.41074999999999995 0.5634991111111111 0.40175000000000005 0.5537300185185186 0.3975 0.5475133217592593 0.39675 0.5373001782407407 0.3965 0.5306394305555555 0.39775 0.5222024861111111 0.40175000000000005 0.516873888888889 0.40875 0.516873888888889 0.41525 0.5217584375 0.42175 0.5261989351851851 0.42525 0.5364120787037037 0.4285
13 0.7446714027777778 0.4305 0.7597690949074075 0.43024999999999997 0.7695381875 0.42725 0.7770870347222222 0.42175 0.7793072824074074 0.41575 0.7779751342592592 0.40975 0.772646537037037 0.4045 0.7646536412037037 0.40075 0.7508880995370371 0.39875 0.7415630555555555 0.3995 0.7300177615740742 0.40425 0.7251332152777777 0.41050000000000003 0.7251332152777777 0.41750000000000004 0.7282415624999999 0.42225 0.7344582592592593 0.42725 0.7446714027777778 0.4305
13 0.6443161643518519 0.486 0.6487566597222222 0.4875 0.6611900532407406 0.48374999999999996 0.6687388981481481 0.47775 0.6705150972222222 0.47450000000000003 0.6691829490740742 0.467 0.6647424513888889 0.4625 0.6540852569444445 0.45775 0.6434280648148147 0.457 0.6323268217592592 0.45949999999999996 0.6238898749999999 0.46225 0.6203374768518519 0.46649999999999997 0.6190053287037037 0.47125 0.6221136759259259 0.4805 0.6332149189814814 0.4855 0.6443161643518519 0.486
13 0.4391651875 0.484 0.44893428009259256 0.48225 0.4591474236111111 0.4775 0.4626998217592593 0.47375 0.4626998217592593 0.46675 0.4604795740740741 0.46225 0.45248667824074074 0.4565 0.4422735347222222 0.45325 0.4289520416666666 0.45375000000000004 0.42184724768518517 0.45575 0.41429840046296296 0.45975 0.4098579050925926 0.46525 0.40941385416666665 0.47275 0.4116341041666666 0.47625 0.4289520416666666 0.48325 0.4391651875 0.484
13 0.21980461805555557 0.48024999999999995 0.23445825925925926 0.481 0.2442273541666667 0.47800000000000004 0.25532859722222223 0.4705 0.25666074537037037 0.46299999999999997 0.2544404976851852 0.45749999999999996 0.2504440486111111 0.45399999999999996 0.23801065740740743 0.44975 0.22335701620370368 0.45025000000000004 0.21269982175925928 0.452 0.20470692824074074 0.45799999999999996 0.20248667824074074 0.46225 0.20204262962962963 0.467 0.2055950277777778 0.47375 0.2140319722222222 0.4785 0.21980461805555557 0.48024999999999995
13 0.12166962731481482 0.53725 0.13010657175925924 0.5367500000000001 0.14031971527777778 0.5337500000000001 0.14786856018518518 0.52725 0.14964475925925924 0.52275 0.14742451157407407 0.51375 0.14342806481481482 0.5097499999999999 0.13987566666666668 0.50825 0.12744227314814816 0.50625 0.10879218518518519 0.50825 0.10079928935185185 0.5135 0.09769094212962963 0.519 0.09769094212962963 0.52625 0.10124334027777777 0.5315 0.10879218518518519 0.5355 0.12166962731481482 0.53725
13 0.3272646527777778 0.54 0.34147424537037036 0.539 0.3476909421296296 0.537 0.35612788657407407 0.5325 0.35790408564814813 0.52975 0.3574600347222222 0.52325 0.35301953703703703 0.516 0.3485790416666667 0.51275 0.3419182939814815 0.51075 0.32815275231481483 0.5097499999999999 0.3183836597222222 0.51125 0.3108348125 0.5145000000000001 0.30328596759259263 0.5217499999999999 0.30417406712962963 0.52925 0.3090586134259259 0.5337500000000001 0.31483126157407404 0.537 0.3272646527777778 0.54
13 0.5257548842592593 0.543 0.5399644768518519 0.54425 0.5510657199074074 0.542 0.5617229120370371 0.532 0.5630550625 0.526 0.5577264652777778 0.519 0.5408525763888888 0.51275 0.5359680277777777 0.512 0.522646537037037 0.51475 0.5111012430555556 0.52225 0.5093250439814815 0.5257499999999999 0.5106571944444445 0.53275 0.5137655416666667 0.53625 0.5257548842592593 0.543
13 0.7309058611111111 0.54625 0.7411190046296297 0.54825 0.751776199074074 0.54825 0.7584369444444445 0.547 0.7690941388888889 0.54175 0.7730905856481483 0.536 0.7735346365740741 0.5307499999999999 0.7695381875 0.52225 0.7650976898148149 0.51975 0.7548845462962963 0.517 0.7406749560185185 0.516 0.7331261111111111 0.51725 0.725577263888889 0.52 0.7206927175925926 0.5225 0.7184724699074074 0.5265 0.7198046180555556 0.53625 0.7242451157407408 0.5395 0.727353462962963 0.54425 0.7309058611111111 0.54625
13 0.6376554166666666 0.60575 0.643872113425926 0.60575 0.6527531087962963 0.603 0.6629662523148149 0.5964999999999999 0.6660745995370371 0.59175 0.6651865 0.585 0.6616341041666667 0.57975 0.6536412083333333 0.5750000000000001 0.643872113425926 0.573 0.6323268217592592 0.57325 0.6198934282407408 0.57625 0.6158969814814815 0.57875 0.6123445833333334 0.58475 0.6123445833333334 0.59175 0.6194493773148148 0.601 0.6301065717592592 0.60475 0.6376554166666666 0.60575
13 0.42451154629629634 0.6015 0.4325044398148148 0.60175 0.4444937824074074 0.59925 0.44937833101851854 0.59675 0.4569271759259259 0.5885 0.45737122453703705 0.58275 0.45337477777777774 0.57625 0.44804618055555556 0.5725 0.4387211365740741 0.5685 0.4249555949074074 0.569 0.4147424513888889 0.5720000000000001 0.40719360648148145 0.5765 0.4045293078703704 0.58025 0.4036412083333334 0.58525 0.40719360648148145 0.59225 0.4151865 0.599 0.42451154629629634 0.6015
13 0.2277975138888889 0.5975 0.24067495601851852 0.5942500000000001 0.2504440486111111 0.58525 0.250888099537037 0.5812499999999999 0.24644760185185183 0.5735 0.24111900462962962 0.56925 0.23223801157407406 0.5665 0.2184724699074074 0.56625 0.21003552314814816 0.5685 0.2011545300925926 0.57325 0.19715808101851853 0.579 0.19715808101851853 0.5875 0.20293072916666668 0.59375 0.21669627083333334 0.597 0.2277975138888889 0.5975
13 0.3206039074074074 0.6582499999999999 0.3277087037037037 0.6582499999999999 0.33792184722222224 0.6549999999999999 0.3476909421296296 0.6475000000000001 0.35035524074074076 0.64375 0.3494671412037037 0.638 0.34369449305555555 0.632 0.33792184722222224 0.6285 0.32992895138888884 0.6269999999999999 0.3206039074074074 0.6267499999999999 0.3086145648148148 0.62925 0.30106571990740744 0.63225 0.29662522222222226 0.63725 0.2961811712962963 0.644 0.29973356944444446 0.65125 0.30417406712962963 0.654 0.3206039074074074 0.6582499999999999
13 0.5315275300925926 0.66225 0.5430728240740741 0.6607500000000001 0.5501776203703703 0.6577500000000001 0.5577264652777778 0.6495 0.5581705162037037 0.64375 0.5555062175925927 0.6385 0.5523978680555556 0.63525 0.5430728240740741 0.6305 0.5261989351851851 0.62925 0.522646537037037 0.62975 0.5111012430555556 0.6335000000000001 0.5057726458333334 0.6409999999999999 0.5053285972222222 0.6475000000000001 0.5093250439814815 0.65525 0.5217584375 0.6615 0.5315275300925926 0.66225