1 0.4930555555555556 0.4236111111111111 0.49537037037037035 0.42592592592592593 0.5023148148148148 0.42592592592592593 0.5023148148148148 0.4351851851851852 0.5069444444444444 0.4398148148148148 0.5185185185185185 0.4398148148148148 0.5208333333333334 0.44212962962962965 0.5254629629629629 0.44212962962962965 0.5277777777777778 0.4398148148148148 0.5462962962962963 0.4398148148148148 0.5486111111111112 0.44212962962962965 0.5578703703703703 0.44212962962962965 0.5601851851851852 0.4444444444444444 0.5787037037037037 0.44907407407407407 0.5972222222222222 0.4652777777777778 0.5995370370370371 0.48148148148148145 0.5972222222222222 0.4837962962962963 0.5972222222222222 0.48842592592592593 0.5856481481481481 0.5 0.5717592592592593 0.5069444444444444 0.5578703703703703 0.5092592592592593 0.5555555555555556 0.5115740740740741 0.5092592592592593 0.5138888888888888 0.5069444444444444 0.5162037037037037 0.5069444444444444 0.5370370370370371 0.4976851851851852 0.5509259259259259 0.49074074074074076 0.5532407407407407 0.48148148148148145 0.5601851851851852 0.4675925925925926 0.5625 0.4652777777777778 0.5648148148148148 0.45601851851851855 0.5648148148148148 0.4537037037037037 0.5671296296296297 0.44675925925925924 0.5671296296296297 0.4444444444444444 0.5648148148148148 0.4444444444444444 0.5509259259259259 0.44675925925925924 0.5486111111111112 0.44675925925925924 0.5439814814814815 0.4583333333333333 0.5439814814814815 0.4699074074074074 0.5347222222222222 0.4699074074074074 0.5185185185185185 0.4675925925925926 0.5162037037037037 0.4583333333333333 0.5162037037037037 0.45601851851851855 0.5138888888888888 0.4537037037037037 0.5162037037037037 0.44675925925925924 0.5162037037037037 0.44212962962962965 0.5115740740740741 0.44212962962962965 0.49537037037037035 0.46296296296296297 0.49537037037037035 0.4675925925925926 0.49074074074074076 0.4675925925925926 0.4652777777777778 0.46296296296296297 0.46064814814814814 0.45601851851851855 0.46064814814814814 0.4537037037037037 0.46296296296296297 0.44907407407407407 0.46064814814814814 0.41898148148148145 0.46064814814814814 0.4166666666666667 0.4583333333333333 0.40046296296296297 0.45601851851851855 0.38657407407407407 0.44907407407407407 0.375 0.4375 0.3726851851851852 0.42592592592592593 0.4027777777777778 0.42592592592592593 0.4050925925925926 0.42824074074074076 0.4097222222222222 0.42824074074074076 0.42592592592592593 0.44212962962962965 0.45601851851851855 0.44212962962962965 0.4652777777777778 0.4375 0.4652777777777778 0.42824074074074076 0.4675925925925926 0.42592592592592593 0.4861111111111111 0.42592592592592593 0.49074074074074076 0.4236111111111111
11 0.208703375 0.6777500000000001 0.2113676736111111 0.7102499999999999 0.21492007175925926 0.7135 0.21669627083333334 0.7192500000000001 0.2206927175925926 0.7214999999999999 0.22158081712962965 0.726 0.2211367662037037 0.74225 0.2162522199074074 0.755 0.2162522199074074 0.76 0.2184724699074074 0.77575 0.22380106481481482 0.786 0.23357015972222223 0.78775 0.2531083472222222 0.788 0.26865008796296297 0.786 0.27575488425925926 0.78675 0.542628775462963 0.7797499999999999 0.5697158078703703 0.78025 0.7588809953703703 0.776 0.9875666064814815 0.769 0.9928952037037037 0.7657499999999999 0.999555951388889 0.7645000000000001 0.999555951388889 0.28925 0.9738010648148148 0.288 0.9507104791666667 0.2895 0.8228241574074074 0.29200000000000004 0.8170515092592593 0.29275 0.8139431620370371 0.2945 0.8063943171296296 0.29375 0.8001776203703704 0.29475 0.7966252222222222 0.293 0.7828596805555555 0.29375 0.7784191828703704 0.295 0.7553285972222222 0.29375 0.7460035532407407 0.29550000000000004 0.727353462962963 0.2945 0.7158081712962963 0.29550000000000004 0.7131438726851852 0.29475 0.7047069282407408 0.297 0.6851687384259258 0.296 0.6394316157407408 0.296 0.47690941435185186 0.299 0.4658081712962963 0.3 0.44671403240740737 0.2995 0.440053287037037 0.3005 0.42850799305555554 0.3 0.24333925462962963 0.303 0.2140319722222222 0.307 0.19760213194444443 0.31349999999999995 0.18650088888888888 0.3215 0.1771758425925926 0.33575000000000005 0.17673179398148148 0.36275 0.18472468981481482 0.43425 0.20293072916666668 0.6405000000000001 0.208703375 0.6777500000000001
12 1 0.71523875 0.20935168750000002 0.71523875 0.20935168750000002 0.78606125 1 0.78606125 1 0.71523875
13 0.5222024861111111 0.38375 0.5328596805555555 0.3835 0.542628775462963 0.3805 0.5475133217592593 0.37599999999999995 0.5501776203703703 0.366 0.5439609236111111 0.35775 0.5359680277777777 0.354 0.522646537037037 0.35300000000000004 0.5146536412037037 0.354 0.5066607453703704 0.35800000000000004 0.5013321481481482 0.36475 0.5013321481481482 0.37050000000000005 0.5044404976851852 0.377 0.5124333935185186 0.38175 0.5222024861111111 0.38375
13 0.7131438726851852 0.37925000000000003 0.7277975138888889 0.37825 0.7340142106481481 0.37474999999999997 0.7393428055555555 0.3695 0.7402309050925925 0.36275 0.7384547060185185 0.35874999999999996 0.7317939606481482 0.352 0.7269094143518517 0.34975 0.7189165185185185 0.34950000000000003 0.7029307291666667 0.35150000000000003 0.6940497337962962 0.356 0.690941386574074 0.35975 0.6918294837962963 0.36975 0.6993783310185185 0.3765 0.7038188287037037 0.37825 0.7131438726851852 0.37925000000000003
13 0.8246003541666667 0.429 0.8308170509259258 0.42575 0.8348135 0.42175 0.835701599537037 0.41424999999999995 0.8339254004629629 0.41125 0.8299289513888889 0.40724999999999995 0.8206039074074073 0.403 0.8139431620370371 0.40199999999999997 0.8001776203703704 0.40325 0.792628775462963 0.40700000000000003 0.7881882777777778 0.4115 0.7881882777777778 0.4215 0.8001776203703704 0.429 0.809946712962963 0.43 0.8246003541666667 0.429
13 0.6194493773148148 0.435 0.6314387222222222 0.43374999999999997 0.6407637662037038 0.43024999999999997 0.6456483125 0.42600000000000005 0.646980462962963 0.42025 0.643872113425926 0.41200000000000003 0.6332149189814814 0.40675 0.6110124328703704 0.40700000000000003 0.6052397870370371 0.4095 0.5985790416666666 0.41625 0.5981349907407407 0.42025 0.6003552407407406 0.42525 0.6092362337962962 0.43324999999999997 0.6194493773148148 0.435
13 0.4280639421296296 0.43825000000000003 0.44271758333333333 0.43825000000000003 0.44671403240740737 0.4375 0.45293072916666666 0.434 0.4591474236111111 0.4255 0.4582593240740741 0.4215 0.45337477777777774 0.41475 0.44538188194444445 0.411 0.4320603912037037 0.409 0.4249555949074074 0.40975 0.416518650462963 0.41424999999999995 0.41119005324074076 0.41925 0.41030195370370365 0.4255 0.4116341041666666 0.428 0.41785079861111113 0.4335 0.4280639421296296 0.43825000000000003
13 0.9040852569444445 0.48225 0.9214031967592592 0.48075 0.9267317939814815 0.47725 0.9325044398148149 0.47075 0.9325044398148149 0.46325 0.9298401412037037 0.46 0.9245115462962963 0.45599999999999996 0.9147424513888889 0.453 0.9071936064814815 0.45249999999999996 0.893872113425926 0.45525 0.8858792175925926 0.46 0.8832149189814814 0.46325 0.8832149189814814 0.47075 0.8858792175925926 0.475 0.893872113425926 0.47950000000000004 0.9040852569444445 0.48225
13 0.7118117222222222 0.48475 0.7202486689814814 0.4855 0.7309058611111111 0.48374999999999996 0.7375666064814815 0.48175 0.7428952037037037 0.4775 0.7442273541666666 0.47 0.7402309050925925 0.46299999999999997 0.7375666064814815 0.46125 0.7238010648148148 0.45749999999999996 0.7158081712962963 0.45749999999999996 0.706483125 0.459 0.6993783310185185 0.46325 0.6958259328703704 0.46825 0.6953818819444444 0.47425 0.6993783310185185 0.48024999999999995 0.7033747777777778 0.48275 0.7118117222222222 0.48475
13 0.5368561273148148 0.49175 0.5470692708333333 0.48924999999999996 0.5568383657407407 0.48300000000000004 0.5595026643518518 0.47725 0.5577264652777778 0.47 0.5492895208333333 0.46375 0.5439609236111111 0.46225 0.5253108356481482 0.46149999999999997 0.5084369444444444 0.4625 0.5066607453703704 0.46575 0.5066607453703704 0.48125 0.5079928958333334 0.48850000000000005 0.5111012430555556 0.49125 0.5368561273148148 0.49175
13 0.33170515046296295 0.49274999999999997 0.3419182939814815 0.4945 0.35124334027777776 0.494 0.3610124328703704 0.4905 0.36767317824074075 0.48500000000000004 0.3690053287037037 0.47674999999999995 0.3658969814814815 0.47175 0.3592362337962963 0.4675 0.3485790416666667 0.46449999999999997 0.34103019444444443 0.46449999999999997 0.33081705092592595 0.46675 0.32326820601851847 0.47175 0.3206039074074074 0.47525 0.3197158078703704 0.48075 0.3210479583333334 0.4845 0.32460035416666666 0.48924999999999996 0.33170515046296295 0.49274999999999997
13 0.4356127893518518 0.54325 0.44360568287037033 0.544 0.4538188287037037 0.54125 0.46092362268518516 0.53725 0.46403197222222226 0.53325 0.46447602083333334 0.5275 0.46092362268518516 0.522 0.456483125 0.51975 0.44271758333333333 0.5167499999999999 0.4271758425925926 0.518 0.4222912962962963 0.5205 0.41829484953703705 0.5255 0.41785079861111113 0.53025 0.42140319675925925 0.5367500000000001 0.4258436944444444 0.54 0.4356127893518518 0.54325
13 0.6198934282407408 0.5385 0.6341030185185185 0.539 0.6429840138888889 0.53775 0.6514209583333334 0.5305 0.6523090578703703 0.52475 0.6487566597222222 0.5185 0.643872113425926 0.51475 0.6341030185185185 0.51175 0.6265541736111111 0.5115 0.6150088819444444 0.51425 0.6079040856481482 0.518 0.6039076365740741 0.52275 0.603019537037037 0.5285000000000001 0.6056838356481481 0.5335 0.6096802847222222 0.53575 0.6198934282407408 0.5385
13 0.8037300185185186 0.5355 0.8241563055555555 0.536 0.833481349537037 0.533 0.8388099467592594 0.529 0.8405861458333334 0.52075 0.8383658958333333 0.515 0.8348135 0.5115 0.8241563055555555 0.50775 0.8139431620370371 0.507 0.8037300185185186 0.50775 0.7952930717592592 0.51325 0.792184724537037 0.51825 0.7917406759259259 0.5225 0.7948490231481481 0.5307499999999999 0.7988454699074075 0.5337500000000001 0.8037300185185186 0.5355
13 0.9045293078703703 0.58675 0.9120781527777778 0.587 0.9231793958333333 0.58525 0.9302841921296297 0.5812499999999999 0.9356127893518519 0.5745 0.9356127893518519 0.5695 0.9285079930555555 0.561 0.9222912962962964 0.55875 0.9094138541666666 0.55725 0.8974245115740741 0.5595 0.8885435162037036 0.5650000000000001 0.8854351689814814 0.5695 0.8854351689814814 0.5745 0.8872113680555556 0.57725 0.9005328587962963 0.58575 0.9045293078703703 0.58675
13 0.7144760208333333 0.58875 0.7224689166666667 0.59 0.7344582592592593 0.589 0.7411190046296297 0.587 0.7468916527777778 0.582 0.7491119004629629 0.5745 0.7464476018518519 0.569 0.7446714027777778 0.56675 0.7362344583333333 0.56325 0.7277975138888889 0.56175 0.7162522199074074 0.56125 0.706483125 0.564 0.7007104791666667 0.57125 0.6998223796296296 0.5765 0.7020426296296297 0.58225 0.7060390763888889 0.586 0.7144760208333333 0.58875
13 0.5364120787037037 0.5932499999999999 0.5470692708333333 0.59225 0.5555062175925927 0.58925 0.5612788634259259 0.585 0.5626110115740741 0.5815 0.559946712962963 0.5725 0.5501776203703703 0.5675 0.543516875 0.566 0.5399644768518519 0.5655 0.5293072824074074 0.56675 0.522646537037037 0.569 0.5177619884259259 0.5725 0.5146536412037037 0.57725 0.5142095925925926 0.58175 0.516873888888889 0.58775 0.5257548842592593 0.59225 0.5364120787037037 0.5932499999999999
13 0.3419182939814815 0.59725 0.3521314398148148 0.599 0.3592362337962963 0.5985 0.3712255763888889 0.593 0.3765541736111111 0.5885 0.37744227314814816 0.58225 0.37522202546296296 0.578 0.36722912962962967 0.5725 0.3614564837962963 0.57075 0.3516873888888889 0.57025 0.3423623449074074 0.57125 0.3348135 0.5735 0.32992895138888884 0.57725 0.3272646527777778 0.5812499999999999 0.32859680324074075 0.5885 0.33170515046296295 0.593 0.3419182939814815 0.59725
13 0.4449378333333333 0.6477499999999999 0.456483125 0.647 0.46447602083333334 0.64425 0.4706927175925926 0.63925 0.4733570162037037 0.6339999999999999 0.4729129652777778 0.63025 0.4666962708333333 0.6232500000000001 0.456483125 0.61975 0.4422735347222222 0.61975 0.43516873842592596 0.6215 0.4280639421296296 0.6265000000000001 0.42539964583333334 0.6307499999999999 0.4249555949074074 0.6375 0.4280639421296296 0.64125 0.43472468981481477 0.64525 0.4449378333333333 0.6477499999999999
13 0.6265541736111111 0.6435000000000001 0.6363232685185186 0.644 0.6456483125 0.64225 0.6580817060185185 0.635 0.6598579050925926 0.6285 0.6563055069444445 0.62175 0.643872113425926 0.6155 0.6349911180555556 0.61475 0.6207815277777777 0.617 0.6158969814814815 0.6192500000000001 0.6114564837962964 0.6234999999999999 0.6092362337962962 0.6262500000000001 0.6105683842592592 0.633 0.6176731782407408 0.63975 0.6265541736111111 0.6435000000000001
13 0.8174955601851851 0.6405000000000001 0.8246003541666667 0.6405000000000001 0.8361456481481482 0.637 0.8414742453703703 0.6335000000000001 0.8454706921296297 0.6275 0.8441385439814815 0.62 0.8383658958333333 0.6145 0.8139431620370371 0.6104999999999999 0.8068383657407407 0.6134999999999999 0.8037300185185186 0.6134999999999999 0.7992895208333333 0.6160000000000001 0.7948490231481481 0.6222500000000001 0.7952930717592592 0.6269999999999999 0.7988454699074075 0.63275 0.810390763888889 0.639 0.8174955601851851 0.6405000000000001
13 0.7269094143518517 0.6932499999999999 0.7375666064814815 0.693 0.7473357013888888 0.6894999999999999 0.7513321481481482 0.68675 0.7544404976851852 0.6825 0.7544404976851852 0.678 0.7508880995370371 0.6719999999999999 0.7433392546296297 0.6675 0.7304618125 0.6649999999999999 0.7166962708333334 0.6665 0.7087033749999999 0.6717500000000001 0.7069271759259259 0.6747500000000001 0.707815275462963 0.68225 0.7166962708333334 0.69125 0.7269094143518517 0.6932499999999999
13 0.5333037291666667 0.6960000000000001 0.5457371226851851 0.69775 0.5532859675925926 0.6972499999999999 0.5630550625 0.6935 0.5688277083333333 0.68775 0.5697158078703703 0.681 0.5666074606481482 0.6755 0.559946712962963 0.671 0.5523978680555556 0.66875 0.539520425925926 0.66825 0.5293072824074074 0.67125 0.5248667847222221 0.67425 0.520870337962963 0.6787500000000001 0.5230905856481481 0.69175 0.5293072824074074 0.6932499999999999 0.5333037291666667 0.6960000000000001