5 0.7986111111111112 0.46064814814814814 0.8009259259259259 0.46296296296296297 0.8032407407407407 0.46064814814814814 0.8078703703703703 0.46296296296296297 0.8194444444444444 0.46296296296296297 0.8425925925925926 0.4722222222222222 0.8564814814814815 0.4861111111111111 0.8564814814814815 0.49074074074074076 0.8587962962962963 0.4930555555555556 0.8587962962962963 0.5 0.8518518518518519 0.5138888888888888 0.8425925925925926 0.5208333333333334 0.8217592592592593 0.5300925925925926 0.8125 0.5300925925925926 0.8101851851851852 0.5324074074074074 0.7615740740740741 0.5324074074074074 0.7592592592592593 0.5347222222222222 0.7592592592592593 0.5532407407407407 0.7546296296296297 0.5625 0.7384259259259259 0.5763888888888888 0.7129629629629629 0.5856481481481481 0.6597222222222222 0.5856481481481481 0.6574074074074074 0.5879629629629629 0.6574074074074074 0.5995370370370371 0.6550925925925926 0.6018518518518519 0.6458333333333334 0.6018518518518519 0.6435185185185185 0.6041666666666666 0.6412037037037037 0.6018518518518519 0.625 0.6018518518518519 0.6203703703703703 0.5972222222222222 0.6203703703703703 0.5879629629629629 0.6087962962962963 0.5833333333333334 0.6018518518518519 0.5833333333333334 0.5995370370370371 0.5856481481481481 0.5972222222222222 0.5833333333333334 0.5925925925925926 0.5833333333333334 0.5902777777777778 0.5856481481481481 0.5787037037037037 0.5856481481481481 0.5601851851851852 0.6018518518518519 0.5532407407407407 0.6018518518518519 0.5509259259259259 0.6041666666666666 0.5300925925925926 0.6018518518518519 0.5277777777777778 0.5972222222222222 0.5300925925925926 0.5949074074074074 0.5300925925925926 0.5902777777777778 0.5416666666666666 0.5763888888888888 0.5601851851851852 0.5671296296296297 0.5810185185185185 0.5648148148148148 0.5833333333333334 0.5625 0.6064814814814815 0.5625 0.6087962962962963 0.5648148148148148 0.6134259259259259 0.5625 0.6180555555555556 0.5648148148148148 0.6226851851851852 0.5601851851851852 0.6226851851851852 0.5416666666666666 0.625 0.5370370370370371 0.6435185185185185 0.5208333333333334 0.6550925925925926 0.5162037037037037 0.6620370370370371 0.5162037037037037 0.6643518518518519 0.5138888888888888 0.6851851851851852 0.5138888888888888 0.6875 0.5115740740740741 0.7060185185185185 0.5115740740740741 0.7083333333333334 0.5138888888888888 0.7175925925925926 0.5138888888888888 0.7199074074074074 0.5115740740740741 0.7199074074074074 0.48842592592592593 0.7291666666666666 0.4791666666666667 0.7291666666666666 0.47685185185185186 0.7407407407407407 0.4699074074074074 0.7453703703703703 0.4699074074074074 0.7592592592592593 0.46296296296296297 0.7962962962962963 0.46064814814814814
7 0.44675925925925924 0.5717592592592593 0.45601851851851855 0.5763888888888888 0.4675925925925926 0.5879629629629629 0.4722222222222222 0.5972222222222222 0.4722222222222222 0.6134259259259259 0.47453703703703703 0.6157407407407407 0.4837962962962963 0.6157407407407407 0.4861111111111111 0.6180555555555556 0.4976851851851852 0.6180555555555556 0.5 0.6157407407407407 0.5254629629629629 0.6180555555555556 0.5300925925925926 0.6134259259259259 0.5300925925925926 0.6041666666666666 0.5671296296296297 0.6041666666666666 0.5671296296296297 0.6134259259259259 0.5717592592592593 0.6180555555555556 0.6041666666666666 0.6180555555555556 0.6064814814814815 0.6157407407407407 0.6111111111111112 0.6157407407407407 0.6226851851851852 0.6041666666666666 0.6226851851851852 0.5995370370370371 0.625 0.6041666666666666 0.6597222222222222 0.6041666666666666 0.6597222222222222 0.6134259259259259 0.6388888888888888 0.6319444444444444 0.6342592592592593 0.6319444444444444 0.6180555555555556 0.6388888888888888 0.6064814814814815 0.6388888888888888 0.6041666666666666 0.6412037037037037 0.5671296296296297 0.6412037037037037 0.5648148148148148 0.6435185185185185 0.5648148148148148 0.6550925925925926 0.5625 0.6574074074074074 0.5370370370370371 0.6574074074074074 0.5347222222222222 0.6550925925925926 0.5300925925925926 0.6550925925925926 0.5277777777777778 0.6527777777777778 0.5277777777777778 0.6435185185185185 0.5162037037037037 0.6388888888888888 0.4837962962962963 0.6388888888888888 0.48148148148148145 0.6412037037037037 0.4791666666666667 0.6388888888888888 0.47453703703703703 0.6388888888888888 0.4722222222222222 0.6412037037037037 0.4722222222222222 0.6504629629629629 0.4699074074074074 0.6550925925925926 0.44675925925925924 0.6574074074074074 0.4444444444444444 0.6550925925925926 0.4351851851851852 0.6550925925925926 0.4351851851851852 0.6412037037037037 0.4305555555555556 0.6365740740740741 0.42592592592592593 0.6365740740740741 0.4236111111111111 0.6388888888888888 0.4097222222222222 0.6388888888888888 0.4074074074074074 0.6365740740740741 0.4074074074074074 0.6180555555555556 0.41203703703703703 0.6157407407407407 0.43287037037037035 0.6157407407407407 0.4351851851851852 0.6134259259259259 0.4351851851851852 0.5972222222222222 0.4236111111111111 0.5879629629629629 0.41203703703703703 0.5879629629629629 0.4074074074074074 0.5856481481481481 0.4050925925925926 0.5833333333333334 0.4050925925925926 0.5671296296296297 0.4074074074074074 0.5648148148148148 0.4236111111111111 0.5648148148148148 0.42592592592592593 0.5671296296296297 0.4351851851851852 0.5671296296296297 0.4444444444444444 0.5717592592592593
6 0.32175925925925924 0.5115740740740741 0.32407407407407407 0.5138888888888888 0.33564814814814814 0.5138888888888888 0.33796296296296297 0.5162037037037037 0.35185185185185186 0.5185185185185185 0.36574074074074076 0.5277777777777778 0.375 0.5416666666666666 0.375 0.5648148148148148 0.3773148148148148 0.5671296296296297 0.3819444444444444 0.5671296296296297 0.38425925925925924 0.5648148148148148 0.40046296296296297 0.5648148148148148 0.40046296296296297 0.5833333333333334 0.39814814814814814 0.5856481481481481 0.37962962962962965 0.5856481481481481 0.3773148148148148 0.5833333333333334 0.3726851851851852 0.5879629629629629 0.3726851851851852 0.6041666666666666 0.38657407407407407 0.6157407407407407 0.39351851851851855 0.6157407407407407 0.40046296296296297 0.6203703703703703 0.40046296296296297 0.6365740740740741 0.39814814814814814 0.6388888888888888 0.37962962962962965 0.6388888888888888 0.3773148148148148 0.6365740740740741 0.37037037037037035 0.6365740740740741 0.3425925925925926 0.6226851851851852 0.33564814814814814 0.6111111111111112 0.33564814814814814 0.6041666666666666 0.3333333333333333 0.6018518518518519 0.33564814814814814 0.5972222222222222 0.33564814814814814 0.5879629629629629 0.3333333333333333 0.5856481481481481 0.28935185185185186 0.5856481481481481 0.2800925925925926 0.5925925925925926 0.2777777777777778 0.6087962962962963 0.26157407407407407 0.625 0.24768518518518517 0.6319444444444444 0.24305555555555555 0.6319444444444444 0.2337962962962963 0.6365740740740741 0.22685185185185186 0.6365740740740741 0.22453703703703703 0.6388888888888888 0.20601851851851852 0.6388888888888888 0.2037037037037037 0.6365740740740741 0.2037037037037037 0.6273148148148148 0.20833333333333334 0.6203703703703703 0.2152777777777778 0.6157407407407407 0.22685185185185186 0.6157407407407407 0.23148148148148148 0.6134259259259259 0.2361111111111111 0.6087962962962963 0.2361111111111111 0.6041666666666666 0.23842592592592593 0.6018518518518519 0.23842592592592593 0.5879629629629629 0.2361111111111111 0.5856481481481481 0.21296296296296297 0.5856481481481481 0.20833333333333334 0.5833333333333334 0.20833333333333334 0.5671296296296297 0.21296296296296297 0.5648148148148148 0.2361111111111111 0.5648148148148148 0.24074074074074073 0.5601851851851852 0.24074074074074073 0.5416666666666666 0.24305555555555555 0.5370370370370371 0.2523148148148148 0.5277777777777778 0.25925925925925924 0.5254629629629629 0.2638888888888889 0.5208333333333334 0.27546296296296297 0.5185185185185185 0.2777777777777778 0.5162037037037037 0.28703703703703703 0.5162037037037037 0.28935185185185186 0.5138888888888888 0.3194444444444444 0.5115740740740741
10 0.43287037037037035 0.6574074074074074 0.4675925925925926 0.6597222222222222 0.4675925925925926 0.6689814814814815 0.4699074074074074 0.6712962962962963 0.5231481481481481 0.6712962962962963 0.5254629629629629 0.6689814814814815 0.5277777777777778 0.6574074074074074 0.5347222222222222 0.6574074074074074 0.5370370370370371 0.6597222222222222 0.5625 0.6597222222222222 0.5625 0.6643518518518519 0.5671296296296297 0.6712962962962963 0.5879629629629629 0.6712962962962963 0.5902777777777778 0.6759259259259259 0.5902777777777778 0.6944444444444444 0.5671296296296297 0.6944444444444444 0.5625 0.6990740740740741 0.5625 0.7129629629629629 0.5717592592592593 0.7199074074074074 0.5856481481481481 0.7222222222222222 0.5902777777777778 0.7314814814814815 0.5902777777777778 0.7453703703703703 0.5856481481481481 0.7476851851851852 0.5810185185185185 0.7453703703703703 0.5578703703703703 0.7430555555555556 0.5416666666666666 0.7361111111111112 0.5300925925925926 0.7245370370370371 0.5254629629629629 0.7152777777777778 0.5254629629629629 0.6967592592592593 0.5231481481481481 0.6944444444444444 0.4699074074074074 0.6944444444444444 0.4675925925925926 0.6967592592592593 0.4652777777777778 0.7199074074074074 0.4537037037037037 0.7337962962962963 0.44675925925925924 0.7361111111111112 0.44212962962962965 0.7407407407407407 0.42824074074074076 0.7430555555555556 0.42592592592592593 0.7453703703703703 0.3912037037037037 0.7476851851851852 0.3888888888888889 0.7453703703703703 0.3773148148148148 0.7453703703703703 0.375 0.7430555555555556 0.3611111111111111 0.7407407407407407 0.3425925925925926 0.7291666666666666 0.33564814814814814 0.7152777777777778 0.33796296296296297 0.6990740740740741 0.3472222222222222 0.6898148148148148 0.3472222222222222 0.6875 0.3611111111111111 0.6782407407407407 0.36574074074074076 0.6782407407407407 0.3726851851851852 0.6736111111111112 0.37962962962962965 0.6736111111111112 0.3819444444444444 0.6712962962962963 0.4305555555555556 0.6712962962962963 0.43287037037037035 0.6689814814814815 0.43287037037037035 0.6597222222222222
11 0.05017762037037037 0.3815 0.05373001851851852 0.60725 0.05639431712962963 0.67425 0.055950266203703705 0.7344999999999999 0.05728241666666666 0.7424999999999999 0.06216696296296296 0.7517499999999999 0.06882770833333333 0.75775 0.08126110185185186 0.7655000000000001 0.10346358796296296 0.7725000000000001 0.12211367592592592 0.775 0.29662522222222226 0.7745 0.3068383657407407 0.7737499999999999 0.37078152777777773 0.7745 0.3912078148148148 0.7735 0.44893428009259256 0.77475 0.4733570162037037 0.7735 0.4968916527777778 0.7745 0.6154529305555556 0.77475 0.7411190046296297 0.77325 0.8592362337962962 0.774 0.8716696273148149 0.7729999999999999 0.8832149189814814 0.77075 0.8996447592592594 0.7652500000000001 0.9076376550925926 0.76125 0.9218472476851851 0.7482500000000001 0.9253996458333333 0.7414999999999999 0.9262877453703703 0.7347499999999999 0.9271758425925926 0.691 0.9240674953703704 0.682 0.9276198935185185 0.6792499999999999 0.9289520416666667 0.6755 0.9285079930555555 0.6417499999999999 0.9320603912037037 0.61775 0.9311722916666667 0.6055 0.9360568379629629 0.5320357499999999 0.939609236111111 0.506 0.940053287037037 0.47324999999999995 0.9427175833333332 0.46725 0.9431616342592593 0.43753575 0.9471580810185185 0.40599999999999997 0.9480461805555556 0.3735 0.9458259328703704 0.36424999999999996 0.9413854351851852 0.35925 0.9413854351851852 0.3555 0.9511545300925925 0.33799999999999997 0.957815275462963 0.3185 0.9569271759259259 0.29925 0.9524866782407407 0.293 0.9471580810185185 0.28975 0.9427175833333332 0.28850000000000003 0.9320603912037037 0.28875 0.9293960925925927 0.28775 0.9178507986111112 0.28750000000000003 0.9094138541666666 0.28875 0.8929840138888889 0.28725 0.8765541736111111 0.28750000000000003 0.8667850810185186 0.29 0.8596802847222222 0.28825 0.8370337476851851 0.28725 0.8023978680555556 0.28850000000000003 0.7646536412037037 0.28725 0.7615452939814815 0.28875 0.7535523981481481 0.28750000000000003 0.7402309050925925 0.288 0.7344582592592593 0.28625 0.7100355231481481 0.2855 0.5359680277777777 0.28600000000000003 0.516873888888889 0.2845 0.4271758425925926 0.28400000000000003 0.41918294907407405 0.28325 0.4036412083333334 0.28400000000000003 0.37966252314814813 0.282 0.2646536412037037 0.28150000000000003 0.20204262962962963 0.2805 0.18605683796296296 0.27925 0.16074600462962962 0.27999999999999997 0.1580817060185185 0.27925 0.10257548842592591 0.278 0.09058614583333334 0.27875 0.07104795833333333 0.27749999999999997 0.05950266435185186 0.278 0.05461811805555556 0.27975 0.047957370370370365 0.2855 0.043516875 0.29625 0.04440497222222222 0.321 0.05728241666666666 0.347 0.051509768518518524 0.35800000000000004 0.05017762037037037 0.3815
12 1 0.28070125 0.016616340277777777 0.28070125 0.016616340277777777 0.34283874999999997 1 0.34283874999999997 1 0.28070125
13 0.39742451157407405 0.40199999999999997 0.4076376550925926 0.40325 0.41429840046296296 0.40275 0.4236234467592592 0.39825000000000005 0.42984014120370373 0.39375 0.4311722916666667 0.38525 0.4293960925925926 0.3805 0.42451154629629634 0.37625 0.4151865 0.37225 0.4040852569444444 0.37175 0.3978685601851852 0.37274999999999997 0.3894316157407407 0.37575000000000003 0.38232682175925925 0.38125 0.38143872222222225 0.38825 0.38365896990740744 0.39375 0.3872113680555555 0.39699999999999996 0.39742451157407405 0.40199999999999997
13 0.5914742453703704 0.40275 0.6021314398148149 0.4035 0.6092362337962962 0.40249999999999997 0.6172291296296296 0.3995 0.6234458263888889 0.394 0.6238898749999999 0.38675 0.6212255763888889 0.38025 0.6158969814814815 0.3765 0.6056838356481481 0.37375 0.5981349907407407 0.37375 0.5874777986111112 0.37575000000000003 0.5777087037037036 0.3815 0.5750444050925926 0.38675 0.5746003541666667 0.391 0.5772646527777778 0.39549999999999996 0.581705150462963 0.39899999999999997 0.5914742453703704 0.40275
13 0.6891651875 0.45775 0.7002664305555556 0.45749999999999996 0.7149200717592592 0.45275 0.7184724699074074 0.44375 0.7153641203703704 0.4355 0.7126998217592593 0.43300000000000005 0.7029307291666667 0.42925 0.6891651875 0.42875 0.6825044398148149 0.43 0.6714031967592592 0.43524999999999997 0.6696269976851852 0.43775000000000003 0.6678507986111112 0.44175000000000003 0.6687388981481481 0.4485 0.6771758425925926 0.45449999999999996 0.6891651875 0.45775
13 0.5102131435185185 0.457 0.518650087962963 0.45425 0.5235346365740741 0.4505 0.5261989351851851 0.44625 0.5261989351851851 0.44 0.5235346365740741 0.435 0.5150976898148149 0.429 0.5026642986111112 0.42725 0.49467140277777777 0.42824999999999996 0.4844582592592592 0.4315 0.4782415625 0.437 0.477353462962963 0.44625 0.4809058611111111 0.45025000000000004 0.49467140277777777 0.457 0.5102131435185185 0.457
13 0.31172291203703706 0.4555 0.32326820601851847 0.4535 0.33214920138888887 0.448 0.33570159953703704 0.4425 0.3348135 0.4355 0.32682060416666664 0.42925 0.31705150925925923 0.42600000000000005 0.3037300185185185 0.4255 0.2961811712962963 0.42775 0.28774422685185186 0.4325 0.2841918287037037 0.4375 0.2841918287037037 0.44375 0.2868561273148148 0.44875000000000004 0.3001776203703703 0.455 0.31172291203703706 0.4555
13 0.20026643055555554 0.50825 0.20515097685185182 0.509 0.2206927175925926 0.5085 0.22646536342592594 0.5065 0.23401421064814815 0.50125 0.23623445833333334 0.49525 0.2353463587962963 0.49125 0.22957371296296294 0.4845 0.22158081712962965 0.48000000000000004 0.21003552314814816 0.47875 0.1993783310185185 0.48000000000000004 0.18916518750000003 0.48500000000000004 0.18650088888888888 0.48924999999999996 0.18605683796296296 0.494 0.18827708796296297 0.50025 0.19049733564814814 0.5027499999999999 0.20026643055555554 0.50825
13 0.39920071064814816 0.50925 0.40896980555555557 0.5105 0.41829484953703705 0.50925 0.42539964583333334 0.50575 0.4302841921296296 0.4985 0.4302841921296296 0.49375 0.42539964583333334 0.48625 0.41740675 0.482 0.40896980555555557 0.48024999999999995 0.4005328587962963 0.48075 0.3907637662037037 0.48350000000000004 0.38587921759259264 0.486 0.38143872222222225 0.491 0.38232682175925925 0.5 0.3849911180555555 0.5027499999999999 0.39387211342592593 0.5075000000000001 0.39920071064814816 0.50925
13 0.5879218472222222 0.51025 0.6016873888888888 0.51025 0.6087921851851852 0.509 0.6194493773148148 0.5027499999999999 0.6207815277777777 0.49475 0.6172291296296296 0.48775 0.6114564837962964 0.484 0.6021314398148149 0.48125 0.5950266435185185 0.48125 0.58259325 0.48325 0.5754884537037037 0.48724999999999996 0.5719360578703704 0.493 0.5714920069444445 0.49875 0.5741563055555555 0.50425 0.5812611018518519 0.50875 0.5879218472222222 0.51025
13 0.7877442268518519 0.51225 0.8006216689814815 0.5097499999999999 0.809946712962963 0.505 0.8143872106481481 0.49825 0.810390763888889 0.48850000000000005 0.8006216689814815 0.48325 0.7970692708333333 0.4825 0.7855239791666667 0.48275 0.772646537037037 0.4855 0.7664298402777777 0.49025 0.7646536412037037 0.49424999999999997 0.7642095925925927 0.50875 0.7659857893518519 0.51025 0.7793072824074074 0.51225 0.7877442268518519 0.51225
13 0.689609236111111 0.5635 0.6993783310185185 0.56225 0.7109236226851853 0.55725 0.7135879212962963 0.5505 0.7126998217592593 0.5445 0.7060390763888889 0.5387500000000001 0.6989342800925926 0.5365 0.6927175833333332 0.5355 0.6842806388888889 0.53575 0.6767317939814815 0.5375 0.6705150972222222 0.5409999999999999 0.666518650462963 0.5465 0.6660745995370371 0.5505 0.6700710486111111 0.5597500000000001 0.6771758425925926 0.5625 0.689609236111111 0.5635
13 0.49333925462962963 0.5630000000000001 0.5026642986111112 0.56375 0.5150976898148149 0.56125 0.520426287037037 0.55825 0.5244227361111111 0.55375 0.5253108356481482 0.546 0.522646537037037 0.5407500000000001 0.5146536412037037 0.53575 0.5075488449074074 0.5339999999999999 0.49467140277777777 0.533 0.49111900462962965 0.5345 0.4875666064814815 0.5345 0.479573712962963 0.539 0.4751332152777778 0.5455 0.4751332152777778 0.55125 0.477353462962963 0.55575 0.4835701597222222 0.5599999999999999 0.49333925462962963 0.5630000000000001
13 0.3183836597222222 0.56225 0.32904085185185183 0.56025 0.33170515046296295 0.55725 0.33214920138888887 0.5465 0.32859680324074075 0.54 0.32149200694444446 0.536 0.30728241666666667 0.5337500000000001 0.29973356944444446 0.5345 0.28907637731481484 0.5367500000000001 0.28285968055555555 0.5425 0.2837477800925926 0.5549999999999999 0.29218472453703703 0.561 0.3077264652777778 0.56275 0.3183836597222222 0.56225
13 0.1993783310185185 0.615 0.20737122453703702 0.6162500000000001 0.2211367662037037 0.6145 0.2277975138888889 0.61275 0.23268206018518517 0.6097499999999999 0.23445825925925926 0.6064999999999999 0.23445825925925926 0.5985 0.2309058611111111 0.5932499999999999 0.2206927175925926 0.5882499999999999 0.206483125 0.587 0.19271758333333333 0.5910000000000001 0.18738898842592594 0.5957499999999999 0.18650088888888888 0.6024999999999999 0.18827708796296297 0.606 0.19360568287037036 0.6122500000000001 0.1993783310185185 0.615
13 0.4040852569444444 0.6162500000000001 0.4107460046296296 0.614 0.4187388981481482 0.61375 0.42317939583333336 0.6125 0.4271758425925926 0.60375 0.4262877453703704 0.5954999999999999 0.41785079861111113 0.58975 0.4076376550925926 0.58775 0.4000888101851852 0.58775 0.3863232685185185 0.5912499999999999 0.38143872222222225 0.59375 0.37744227314814816 0.5982500000000001 0.37833037268518516 0.6052500000000001 0.38676731712962964 0.6122500000000001 0.3907637662037037 0.61375 0.4040852569444444 0.6162500000000001
13 0.5777087037037036 0.615 0.5923623449074074 0.6164999999999999 0.606127886574074 0.61475 0.6127886319444444 0.61175 0.6181172291666667 0.606 0.6190053287037037 0.6020000000000001 0.6141207824074074 0.5942500000000001 0.6087921851851852 0.58975 0.6016873888888888 0.5882499999999999 0.5932504444444445 0.58775 0.5794849027777778 0.59025 0.5741563055555555 0.59225 0.5683836597222223 0.5985 0.5679396087962962 0.6024999999999999 0.5706039074074074 0.6090000000000001 0.5741563055555555 0.614 0.5777087037037036 0.615
13 0.7735346365740741 0.6167499999999999 0.7801953819444444 0.618 0.7904085254629629 0.617 0.7997335694444444 0.6134999999999999 0.8068383657407407 0.6082500000000001 0.8081705162037037 0.6022500000000001 0.8055062175925926 0.597 0.8028419189814815 0.594 0.7930728240740741 0.58875 0.772646537037037 0.588 0.7624333935185185 0.5915 0.7575488449074074 0.5952500000000001 0.7566607453703703 0.604 0.7584369444444445 0.60875 0.7624333935185185 0.6125 0.7735346365740741 0.6167499999999999
13 0.6789520416666667 0.66875 0.687833037037037 0.6695 0.6949378333333334 0.6685 0.7024866782407407 0.6655 0.7082593240740741 0.66125 0.7100355231481481 0.6579999999999999 0.7087033749999999 0.651 0.7060390763888889 0.647 0.6984902314814815 0.6425 0.6891651875 0.64125 0.6745115462962963 0.6417499999999999 0.6651865 0.647 0.6611900532407406 0.651 0.6603019537037037 0.6579999999999999 0.6634103009259259 0.6619999999999999 0.6718472476851851 0.66675 0.6789520416666667 0.66875
13 0.4884547060185185 0.66825 0.5013321481481482 0.66875 0.5159857893518518 0.66725 0.5235346365740741 0.6542500000000001 0.5235346365740741 0.65 0.519982238425926 0.644 0.5075488449074074 0.642 0.49467140277777777 0.6415 0.48046181250000003 0.64325 0.4755772638888889 0.6477499999999999 0.4738010648148148 0.65075 0.47424511574074074 0.6577500000000001 0.48134991203703703 0.66675 0.4884547060185185 0.66825
13 0.29662522222222226 0.668 0.3055062175925926 0.6689999999999999 0.3174955601851852 0.6685 0.3250444050925926 0.66575 0.33170515046296295 0.661 0.3330373009259259 0.653 0.3312611018518518 0.6479999999999999 0.3237122546296296 0.643 0.3108348125 0.63975 0.30062166898148146 0.64 0.2930728240740741 0.64275 0.28774422685185186 0.64575 0.2841918287037037 0.65025 0.28285968055555555 0.6565 0.28507992824074074 0.6615 0.2881882777777778 0.6647500000000001 0.29662522222222226 0.668
13 0.39920071064814816 0.72125 0.4147424513888889 0.7200000000000001 0.42184724768518517 0.7174999999999999 0.42761989351851853 0.71375 0.42850799305555554 0.7027500000000001 0.4262877453703704 0.6975 0.4222912962962963 0.6960000000000001 0.4040852569444444 0.69475 0.39342806481481485 0.6955 0.38277087037037033 0.69875 0.376110125 0.7030000000000001 0.37522202546296296 0.70525 0.3778863240740741 0.71375 0.3849911180555555 0.7182499999999999 0.3929840138888889 0.7207499999999999 0.39920071064814816 0.72125
13 0.6012433402777778 0.7204999999999999 0.6092362337962962 0.7167500000000001 0.6132326828703704 0.71325 0.6150088819444444 0.7100000000000001 0.6136767314814814 0.7032499999999999 0.6096802847222222 0.6985 0.6007992893518519 0.69475 0.5919182939814815 0.694 0.585701599537037 0.6962499999999999 0.5781527523148148 0.697 0.5710479583333333 0.69925 0.5688277083333333 0.70225 0.5692717592592592 0.7135 0.5737122546296296 0.7174999999999999 0.5848135 0.7204999999999999 0.6012433402777778 0.7204999999999999