0 0.5162037037037037 0.5370370370370371 0.5277777777777778 0.5439814814814815 0.5277777777777778 0.5509259259259259 0.5231481481481481 0.5532407407407407 0.5231481481481481 0.5601851851851852 0.5370370370370371 0.5717592592592593 0.5486111111111112 0.5740740740740741 0.5578703703703703 0.5671296296296297 0.5648148148148148 0.5671296296296297 0.5810185185185185 0.5763888888888888 0.5810185185185185 0.5810185185185185 0.5740740740740741 0.5833333333333334 0.5694444444444444 0.5879629629629629 0.5787037037037037 0.5972222222222222 0.5833333333333334 0.5972222222222222 0.5972222222222222 0.6087962962962963 0.5972222222222222 0.6134259259259259 0.5995370370370371 0.6157407407407407 0.5995370370370371 0.6273148148148148 0.5902777777777778 0.6388888888888888 0.5763888888888888 0.6458333333333334 0.5694444444444444 0.6527777777777778 0.5717592592592593 0.6574074074074074 0.5787037037037037 0.6597222222222222 0.5787037037037037 0.6643518518518519 0.5740740740740741 0.6689814814814815 0.5625 0.6736111111111112 0.5555555555555556 0.6736111111111112 0.5462962962962963 0.6666666666666666 0.5347222222222222 0.6689814814814815 0.5185185185185185 0.6828703703703703 0.5185185185185185 0.6875 0.5231481481481481 0.6921296296296297 0.5231481481481481 0.6967592592592593 0.5185185185185185 0.7013888888888888 0.5046296296296297 0.7083333333333334 0.49074074074074076 0.6967592592592593 0.48842592592592593 0.6921296296296297 0.48842592592592593 0.6782407407407407 0.5023148148148148 0.6620370370370371 0.5115740740740741 0.6574074074074074 0.5185185185185185 0.6504629629629629 0.5138888888888888 0.6458333333333334 0.5023148148148148 0.6412037037037037 0.49074074074074076 0.6296296296296297 0.49074074074074076 0.6111111111111112 0.5046296296296297 0.5972222222222222 0.5138888888888888 0.5949074074074074 0.5208333333333334 0.5879629629629629 0.5115740740740741 0.5787037037037037 0.5046296296296297 0.5763888888888888 0.4930555555555556 0.5648148148148148 0.4930555555555556 0.5509259259259259 0.5046296296296297 0.5370370370370371 0.5092592592592593 0.5347222222222222 0.5138888888888888 0.5370370370370371
11 0.07682060416666667 0.39625 0.07948490277777777 0.4035 0.07948490277777777 0.40575 0.07726465277777778 0.40675 0.07415630555555557 0.4115 0.07682060416666667 0.41325 0.07904085185185185 0.41875 0.08037300231481481 0.4195 0.0848135 0.41900000000000004 0.08925399537037038 0.42175 0.08925399537037038 0.4255 0.08703374768518518 0.4285 0.0848135 0.42824999999999996 0.08658969907407409 0.42950000000000005 0.08658969907407409 0.43300000000000005 0.08392540046296296 0.43625 0.08303730092592593 0.44375 0.0901420949074074 0.5982500000000001 0.0896980462962963 0.62725 0.09369449305555556 0.7042499999999999 0.09413854398148148 0.7527499999999999 0.09547069212962962 0.7587499999999999 0.1016873888888889 0.76925 0.1092362337962963 0.77575 0.11678508101851852 0.7797499999999999 0.14342806481481482 0.786 0.15186500925925925 0.78625 0.16873889814814816 0.7832499999999999 0.18206039120370368 0.7845 0.19138543518518517 0.7835 0.2113676736111111 0.7835 0.21758437037037037 0.78225 0.22246891666666666 0.7832499999999999 0.2309058611111111 0.7829999999999999 0.23445825925925926 0.7817500000000001 0.23801065740740743 0.7835 0.5848135 0.772 0.5999111898148148 0.7705 0.6172291296296296 0.771 0.6696269976851852 0.76825 0.6829484907407407 0.769 0.6971580810185185 0.767 0.7109236226851853 0.768 0.7229129652777778 0.7667499999999999 0.7655417407407407 0.76625 0.7864120787037037 0.7655000000000001 0.789520425925926 0.7645000000000001 0.8063943171296296 0.76325 0.8210479583333333 0.7597499999999999 0.831705150462963 0.75475 0.8454706921296297 0.7412500000000001 0.8485790416666666 0.7340000000000001 0.8485790416666666 0.72375 0.8081705162037037 0.44275 0.8046181180555556 0.42525 0.8001776203703704 0.4195 0.8001776203703704 0.41424999999999995 0.7961811712962963 0.41000000000000003 0.7944049722222223 0.40199999999999997 0.7984014212962963 0.3945 0.7992895208333333 0.37525000000000003 0.7966252222222222 0.36275 0.789520425925926 0.35500000000000004 0.7340142106481481 0.3555 0.7295737129629629 0.35650000000000004 0.6052397870370371 0.35925 0.355239787037037 0.36625 0.35301953703703703 0.36700000000000005 0.3499111898148148 0.366 0.3419182939814815 0.36574999999999996 0.333481349537037 0.36675 0.3277087037037037 0.36625 0.3237122546296296 0.36724999999999997 0.3210479583333334 0.3665 0.20959147453703703 0.369 0.2069271759259259 0.36975 0.13587921759259258 0.372 0.09191829398148148 0.37175 0.08392540046296296 0.37225 0.08126110185185186 0.3735 0.07726465277777778 0.373 0.07992895138888889 0.3755 0.07992895138888889 0.378 0.07726465277777778 0.38 0.07682060416666667 0.38325 0.06749556018518518 0.38375 0.06882770833333333 0.39525 0.0701598587962963 0.3965 0.07238010648148148 0.39499999999999996 0.07682060416666667 0.39625
12 0.8032060393518519 0.35957374999999997 0.0672912962962963 0.35957374999999997 0.0672912962962963 0.41146625000000003 0.8032060393518519 0.41146625000000003 0.8032060393518519 0.35957374999999997
13 0.36634103009259256 0.45749999999999996 0.3730017754629629 0.45775 0.38010657175925927 0.45599999999999996 0.3872113680555555 0.45275 0.3903197152777778 0.4495 0.3898756666666667 0.4425 0.38587921759259264 0.438 0.38010657175925927 0.435 0.36234458333333336 0.43524999999999997 0.35479573611111115 0.43775000000000003 0.35079928935185184 0.4425 0.35079928935185184 0.44925 0.3539076365740741 0.45275 0.35790408564814813 0.45525 0.36634103009259256 0.45749999999999996
13 0.5244227361111111 0.4535 0.5328596805555555 0.453 0.5404085254629629 0.45025000000000004 0.5444049722222223 0.44675000000000004 0.5448490231481481 0.439 0.542184724537037 0.436 0.5333037291666667 0.4315 0.5195381875 0.431 0.5079928958333334 0.43524999999999997 0.5057726458333334 0.439 0.5053285972222222 0.4435 0.5093250439814815 0.44925 0.5190941388888889 0.45275 0.5244227361111111 0.4535
13 0.6127886319444444 0.495 0.6198934282407408 0.4925 0.6238898749999999 0.49 0.6274422731481482 0.4845 0.625666074074074 0.47725 0.6181172291666667 0.47324999999999995 0.6114564837962964 0.47175 0.604795736111111 0.4715 0.5981349907407407 0.47275 0.5901420949074074 0.47625 0.5874777986111112 0.47975 0.5883658958333333 0.48850000000000005 0.5923623449074074 0.49224999999999997 0.6021314398148149 0.495 0.6127886319444444 0.495
13 0.44893428009259256 0.4995 0.4569271759259259 0.49875 0.46536412037037034 0.49624999999999997 0.4715808171296296 0.49175 0.4724689166666667 0.487 0.4711367662037037 0.4825 0.46225577314814814 0.47600000000000003 0.4538188287037037 0.47575 0.4409413865740741 0.47725 0.43516873842592596 0.48024999999999995 0.43294849074074077 0.48300000000000004 0.4320603912037037 0.48850000000000005 0.43383659027777777 0.4925 0.44271758333333333 0.4985 0.44893428009259256 0.4995
13 0.2864120787037037 0.5035 0.3001776203703703 0.504 0.3037300185185185 0.50325 0.3108348125 0.5 0.3143872106481482 0.4965 0.3157193611111111 0.49025 0.31394316203703704 0.4865 0.3108348125 0.48325 0.3037300185185185 0.48024999999999995 0.2886323263888889 0.4805 0.28285968055555555 0.482 0.2753108356481481 0.4875 0.27397868518518514 0.49125 0.2748667847222222 0.49574999999999997 0.2824156296296296 0.50225 0.2864120787037037 0.5035
13 0.2131438726851852 0.55075 0.2211367662037037 0.551 0.2304618125 0.5485 0.23579040740740742 0.54475 0.23889875694444443 0.53975 0.23667850694444445 0.5325 0.2304618125 0.5285000000000001 0.22380106481481482 0.527 0.21669627083333334 0.52675 0.20426287731481482 0.529 0.1989342800925926 0.532 0.19715808101851853 0.5355 0.1962699814814815 0.5407500000000001 0.19804618055555553 0.54425 0.20603907638888888 0.54925 0.2131438726851852 0.55075
13 0.38321491898148147 0.54525 0.39431616435185185 0.5409999999999999 0.3983126111111111 0.532 0.39342806481481485 0.5245 0.3880994675925926 0.522 0.37166962731481484 0.522 0.3636767314814815 0.52475 0.35834813425925927 0.52925 0.3587921851851852 0.537 0.36545293055555556 0.54325 0.3690053287037037 0.54475 0.38321491898148147 0.54525
13 0.5399644768518519 0.53975 0.5475133217592593 0.5375 0.5515097685185185 0.53475 0.5541740671296297 0.53 0.5541740671296297 0.5257499999999999 0.5523978680555556 0.5225 0.5466252222222222 0.51775 0.5324156296296296 0.517 0.5261989351851851 0.518 0.522646537037037 0.5187499999999999 0.5164298402777777 0.523 0.5155417407407408 0.53125 0.5248667847222221 0.53825 0.5346358796296297 0.54 0.5399644768518519 0.53975
13 0.7055950277777777 0.53325 0.710479574074074 0.52925 0.7118117222222222 0.5245 0.7095914745370371 0.519 0.7047069282407408 0.5155 0.6958259328703704 0.51275 0.6887211365740741 0.51225 0.6820603912037037 0.5135 0.6722912962962964 0.51775 0.6700710486111111 0.52125 0.6709591481481482 0.53025 0.6785079930555555 0.53525 0.6949378333333334 0.53625 0.7055950277777777 0.53325
13 0.6096802847222222 0.58175 0.6194493773148148 0.5825 0.6265541736111111 0.5815 0.6341030185185185 0.57825 0.6372113680555556 0.5745 0.6358792175925926 0.56475 0.6332149189814814 0.56125 0.6274422731481482 0.5595 0.6154529305555556 0.559 0.606127886574074 0.56025 0.6003552407407406 0.5630000000000001 0.5963587916666667 0.5675 0.5954706921296297 0.57125 0.5985790416666666 0.5755 0.6016873888888888 0.57825 0.6096802847222222 0.58175
13 0.4591474236111111 0.588 0.46536412037037034 0.5875 0.477353462962963 0.583 0.47912966203703705 0.5812499999999999 0.48179396064814817 0.5750000000000001 0.48001776157407405 0.57025 0.4755772638888889 0.56575 0.4706927175925926 0.564 0.4635879212962963 0.5630000000000001 0.45426287731481485 0.5635 0.4444937824074074 0.56725 0.440053287037037 0.57175 0.43960923611111113 0.57775 0.4422735347222222 0.5825 0.44937833101851854 0.58675 0.4591474236111111 0.588
13 0.30062166898148146 0.59375 0.3108348125 0.592 0.3179396087962963 0.58675 0.3210479583333334 0.5815 0.3206039074074074 0.5775 0.3179396087962963 0.574 0.31261101157407406 0.5705 0.30417406712962963 0.56875 0.293516875 0.56925 0.28907637731481484 0.57075 0.28285968055555555 0.574 0.28019538194444443 0.57825 0.28063943055555557 0.58525 0.2846358796296296 0.589 0.2895204259259259 0.592 0.30062166898148146 0.59375
13 0.22291296527777776 0.6415 0.23312611111111112 0.6405000000000001 0.24067495601851852 0.6365000000000001 0.2446714027777778 0.6295000000000001 0.24111900462962962 0.62025 0.2375666064814815 0.61825 0.22380106481481482 0.6160000000000001 0.21669627083333334 0.6162500000000001 0.21003552314814816 0.61825 0.20248667824074074 0.6234999999999999 0.20071047916666665 0.6265000000000001 0.20204262962962963 0.6335000000000001 0.2131438726851852 0.6409999999999999 0.22291296527777776 0.6415
13 0.38010657175925927 0.63575 0.3912078148148148 0.63525 0.39387211342592593 0.6347499999999999 0.4023090578703704 0.62925 0.4036412083333334 0.6195 0.4018650092592593 0.617 0.39387211342592593 0.6125 0.3841030185185185 0.61125 0.3769982245370371 0.612 0.36856127777777775 0.615 0.36412078240740736 0.6192500000000001 0.36412078240740736 0.628 0.36944937731481486 0.6335000000000001 0.37255772685185184 0.6347499999999999 0.38010657175925927 0.63575
13 0.5364120787037037 0.6295000000000001 0.5501776203703703 0.6307499999999999 0.5572824166666667 0.6285 0.5643872106481482 0.6232500000000001 0.564831261574074 0.6160000000000001 0.5617229120370371 0.6122500000000001 0.5568383657407407 0.6092500000000001 0.5466252222222222 0.60625 0.539520425925926 0.6064999999999999 0.5328596805555555 0.6085 0.5261989351851851 0.6122500000000001 0.522646537037037 0.6162500000000001 0.522646537037037 0.6230000000000001 0.5266429837962963 0.62475 0.5297513310185186 0.628 0.5364120787037037 0.6295000000000001
13 0.6989342800925926 0.62575 0.7126998217592593 0.6244999999999999 0.7215808171296296 0.6195 0.7229129652777778 0.6167499999999999 0.7215808171296296 0.6090000000000001 0.7198046180555556 0.60625 0.7118117222222222 0.60175 0.7038188287037037 0.6015 0.6887211365740741 0.603 0.6847246898148148 0.6052500000000001 0.6820603912037037 0.6097499999999999 0.6820603912037037 0.6160000000000001 0.6847246898148148 0.61975 0.689609236111111 0.62275 0.6989342800925926 0.62575
13 0.6225577268518518 0.67375 0.6296625231481481 0.67425 0.6407637662037038 0.6719999999999999 0.6492007106481481 0.6649999999999999 0.6496447592592594 0.6605 0.6474245115740741 0.656 0.6398756666666666 0.65075 0.6345470694444444 0.64975 0.6185612777777778 0.64975 0.6127886319444444 0.65225 0.6074600347222222 0.6577500000000001 0.6070159861111111 0.6637500000000001 0.6092362337962962 0.66875 0.6141207824074074 0.6717500000000001 0.6225577268518518 0.67375
13 0.458703375 0.6787500000000001 0.4666962708333333 0.6795 0.47690941435185186 0.6787500000000001 0.4880106574074074 0.6722499999999999 0.4902309050925926 0.66425 0.4857904074074074 0.65925 0.47690941435185186 0.6549999999999999 0.4666962708333333 0.654 0.4560390763888889 0.65625 0.4507104791666667 0.65875 0.44804618055555556 0.6619999999999999 0.44671403240740737 0.6645000000000001 0.44804618055555556 0.6717500000000001 0.45204262962962966 0.6759999999999999 0.458703375 0.6787500000000001
13 0.29662522222222226 0.6847500000000001 0.3068383657407407 0.6857500000000001 0.3134991111111111 0.6847500000000001 0.3188277083333333 0.68325 0.32593250462962964 0.6785000000000001 0.32815275231481483 0.6717500000000001 0.3263765532407408 0.667 0.3219360578703704 0.663 0.31394316203703704 0.65975 0.30417406712962963 0.65925 0.29662522222222226 0.6605 0.2868561273148148 0.6655 0.2846358796296296 0.66925 0.2846358796296296 0.6745 0.2868561273148148 0.6787500000000001 0.28996447685185184 0.682 0.29662522222222226 0.6847500000000001
13 0.3885435162037037 0.7305 0.39698046296296297 0.72975 0.4040852569444444 0.728 0.4098579050925926 0.72375 0.41207815277777776 0.719 0.41207815277777776 0.7135 0.40852575462962964 0.70825 0.4049733564814815 0.70525 0.4009769097222222 0.704 0.38676731712962964 0.7032499999999999 0.38010657175925927 0.70475 0.3730017754629629 0.7095 0.36989342824074073 0.714 0.3690053287037037 0.71875 0.3712255763888889 0.724 0.38055062268518514 0.7295 0.3885435162037037 0.7305
13 0.5603907638888889 0.72425 0.5697158078703703 0.7202500000000001 0.5732682060185185 0.7167500000000001 0.5746003541666667 0.7097500000000001 0.5723801064814814 0.705 0.5679396087962962 0.7015 0.5617229120370371 0.6990000000000001 0.5537300185185186 0.6985 0.5368561273148148 0.70075 0.5333037291666667 0.7032499999999999 0.5319715810185185 0.7145 0.5368561273148148 0.7204999999999999 0.5466252222222222 0.72375 0.5603907638888889 0.72425