4 0.5717592592592593 0.4513888888888889 0.5740740740740741 0.4537037037037037 0.5972222222222222 0.45601851851851855 0.6203703703703703 0.4675925925925926 0.6273148148148148 0.47453703703703703 0.6319444444444444 0.4837962962962963 0.6319444444444444 0.5092592592592593 0.6342592592592593 0.5115740740740741 0.6805555555555556 0.5115740740740741 0.6828703703703703 0.5138888888888888 0.6898148148148148 0.5138888888888888 0.6921296296296297 0.5162037037037037 0.7037037037037037 0.5185185185185185 0.7245370370370371 0.5324074074074074 0.7291666666666666 0.5416666666666666 0.7291666666666666 0.5509259259259259 0.7060185185185185 0.5509259259259259 0.7037037037037037 0.5486111111111112 0.6921296296296297 0.5486111111111112 0.6875 0.5439814814814815 0.6875 0.5393518518518519 0.6736111111111112 0.5300925925925926 0.6365740740740741 0.5300925925925926 0.6319444444444444 0.5347222222222222 0.6319444444444444 0.5439814814814815 0.6296296296296297 0.5486111111111112 0.625 0.5509259259259259 0.6087962962962963 0.5509259259259259 0.6064814814814815 0.5486111111111112 0.5925925925925926 0.5486111111111112 0.5879629629629629 0.5462962962962963 0.5879629629629629 0.5324074074074074 0.5856481481481481 0.5300925925925926 0.5324074074074074 0.5300925925925926 0.5300925925925926 0.5324074074074074 0.5300925925925926 0.5416666666666666 0.5277777777777778 0.5462962962962963 0.5231481481481481 0.5486111111111112 0.49074074074074076 0.5486111111111112 0.4861111111111111 0.5439814814814815 0.4861111111111111 0.5347222222222222 0.47685185185185186 0.5300925925925926 0.4398148148148148 0.5324074074074074 0.4236111111111111 0.5462962962962963 0.3912037037037037 0.5486111111111112 0.38657407407407407 0.5439814814814815 0.39351851851851855 0.5300925925925926 0.41435185185185186 0.5162037037037037 0.41898148148148145 0.5162037037037037 0.42592592592592593 0.5115740740740741 0.4351851851851852 0.5115740740740741 0.4375 0.5092592592592593 0.4861111111111111 0.5092592592592593 0.48842592592592593 0.5069444444444444 0.49074074074074076 0.48148148148148145 0.4930555555555556 0.47685185185185186 0.5092592592592593 0.46296296296296297 0.5185185185185185 0.4583333333333333 0.5347222222222222 0.45601851851851855 0.5370370370370371 0.4537037037037037 0.5694444444444444 0.4513888888888889
11 0.07238010648148148 0.40825 0.0706039074074074 0.423 0.08037300231481481 0.6185 0.07948490277777777 0.635 0.08392540046296296 0.68775 0.08525754861111111 0.69175 0.09147424537037037 0.6962499999999999 0.0945825925925926 0.7030000000000001 0.08703374768518518 0.7095 0.09058614583333334 0.71375 0.08570159953703704 0.7272500000000001 0.08525754861111111 0.7333125 0.08126110185185186 0.73675 0.0728241574074074 0.73775 0.07504440509259258 0.7384999999999999 0.07770870370370371 0.743 0.0821492013888889 0.745 0.08303730092592593 0.7655000000000001 0.08703374768518518 0.768 0.09103019444444443 0.7735 0.09591474305555556 0.7745 0.11722912962962963 0.775 0.13188277083333333 0.774 0.18294849074074074 0.7735 0.2069271759259259 0.77425 0.2211367662037037 0.7727499999999999 0.29662522222222226 0.7722500000000001 0.2992895208333333 0.77125 0.3179396087962963 0.772 0.32593250462962964 0.7685000000000001 0.32992895138888884 0.7685000000000001 0.3312611018518518 0.77025 0.3468028425925926 0.7697499999999999 0.3494671412037037 0.7705 0.35657193518518515 0.76925 0.36545293055555556 0.77075 0.38365896990740744 0.77 0.38676731712962964 0.77125 0.5812611018518519 0.76925 0.58259325 0.76825 0.6776198935185185 0.767 0.6971580810185185 0.768 0.7015985787037037 0.76725 0.9094138541666666 0.7665 0.9875666064814815 0.7645000000000001 0.9946714027777778 0.764 0.999555951388889 0.76225 0.999555951388889 0.24950000000000003 0.9928952037037037 0.24475 0.9742451157407408 0.24125 0.9325044398148149 0.24000000000000002 0.43605683796296296 0.2375 0.42850799305555554 0.2375 0.42184724768518517 0.23900000000000002 0.4080817060185185 0.23725000000000002 0.39387211342592593 0.2375 0.38143872222222225 0.23925 0.3690053287037037 0.23875 0.36678508101851853 0.23775 0.36234458333333336 0.23900000000000002 0.3592362337962963 0.23775 0.35657193518518515 0.23925 0.3516873888888889 0.23775 0.33969804629629635 0.237 0.25695692824074073 0.23775 0.18561278935185185 0.23650000000000002 0.17362344675925925 0.2385 0.15896980555555554 0.23675 0.14031971527777778 0.23675 0.13010657175925924 0.23725000000000002 0.10612788657407408 0.24150000000000002 0.0901420949074074 0.248 0.07904085185185185 0.25525 0.07415630555555557 0.26025 0.06660746064814814 0.27175 0.06571936111111111 0.27775 0.06749556018518518 0.35650000000000004 0.06927175925925926 0.36350000000000005 0.0706039074074074 0.40199999999999997 0.07238010648148148 0.40825
12 0.9984702476851852 0.70881125 0.06767540046296296 0.70881125 0.06767540046296296 0.76544375 0.9984702476851852 0.76544375 0.9984702476851852 0.70881125
13 0.4391651875 0.33125 0.4444937824074074 0.3315 0.44937833101851854 0.33299999999999996 0.456483125 0.33275 0.4666962708333333 0.33075 0.4746891643518519 0.32625 0.479573712962963 0.31825000000000003 0.47912966203703705 0.3105 0.4729129652777778 0.30324999999999996 0.46625221990740745 0.3 0.4569271759259259 0.298 0.44538188194444445 0.29824999999999996 0.4316163402777778 0.304 0.4258436944444444 0.31024999999999997 0.42539964583333334 0.31675000000000003 0.42761989351851853 0.32325000000000004 0.4342806388888889 0.32925 0.4391651875 0.33125
13 0.6571936064814815 0.33275 0.6749555949074074 0.32925 0.6820603912037037 0.32475 0.6869449375000001 0.31775 0.6856127893518519 0.30874999999999997 0.6789520416666667 0.303 0.668294849537037 0.29875 0.6611900532407406 0.29774999999999996 0.6545293078703703 0.2985 0.643872113425926 0.302 0.6376554166666666 0.30674999999999997 0.6336589699074074 0.3125 0.6345470694444444 0.321 0.6376554166666666 0.32575 0.6465364120370369 0.33099999999999996 0.6571936064814815 0.33275
13 0.7562166967592593 0.391 0.7699822384259258 0.39149999999999996 0.7753108356481482 0.38999999999999996 0.7837477800925926 0.3855 0.7886323263888889 0.37975 0.789520425925926 0.37325 0.7859680277777777 0.36675 0.7828596805555555 0.364 0.7722024861111111 0.3595 0.7655417407407407 0.35925 0.7477797523148149 0.36275 0.7420071041666667 0.36574999999999996 0.7366785069444445 0.3725 0.7366785069444445 0.379 0.7397868564814815 0.384 0.7446714027777778 0.388 0.7562166967592593 0.391
13 0.5506216689814815 0.39225 0.5639431620370371 0.39275 0.5746003541666667 0.3885 0.5821492013888888 0.3805 0.583037300925926 0.37274999999999997 0.5794849027777778 0.3665 0.5737122546296296 0.36224999999999996 0.5639431620370371 0.359 0.5497335694444444 0.359 0.543516875 0.36074999999999996 0.5346358796296297 0.36574999999999996 0.5297513310185186 0.3725 0.5306394305555555 0.38 0.5359680277777777 0.38725 0.539520425925926 0.3895 0.5506216689814815 0.39225
13 0.3383658958333334 0.391 0.3490230902777778 0.39225 0.3592362337962963 0.391 0.3658969814814815 0.38875 0.3730017754629629 0.3835 0.37522202546296296 0.37675 0.373889875 0.36924999999999997 0.36634103009259256 0.36275 0.35568383564814815 0.35874999999999996 0.34103019444444443 0.35925 0.3330373009259259 0.3615 0.3272646527777778 0.365 0.32238010648148147 0.37050000000000005 0.32149200694444446 0.377 0.3241563055555556 0.382 0.3312611018518518 0.38825 0.3383658958333334 0.391
13 0.8556838356481481 0.44875000000000004 0.8663410300925926 0.44899999999999995 0.8792184722222223 0.44675000000000004 0.8845470694444444 0.44375 0.8885435162037036 0.4395 0.8898756666666666 0.43225 0.8876554166666666 0.42525 0.8818827708333333 0.42075 0.8738898749999999 0.4185 0.8632326828703704 0.418 0.8481349907407407 0.42100000000000004 0.8419182939814815 0.42375 0.8374777986111112 0.42925 0.8370337476851851 0.43625 0.8423623449074074 0.44325000000000003 0.8459147430555555 0.44575 0.8556838356481481 0.44875000000000004
13 0.6478685601851851 0.44825000000000004 0.6603019537037037 0.45 0.6722912962962964 0.4475 0.6816163402777777 0.44275 0.6847246898148148 0.439 0.6860568379629629 0.432 0.6838365902777779 0.42824999999999996 0.6762877453703703 0.422 0.6678507986111112 0.41925 0.6611900532407406 0.41825 0.6478685601851851 0.41900000000000004 0.6403197152777778 0.42225 0.6327708703703704 0.4285 0.6323268217592592 0.436 0.6341030185185185 0.4395 0.6380994675925926 0.4435 0.6478685601851851 0.44825000000000004
13 0.4484902314814815 0.4505 0.46092362268518516 0.45025000000000004 0.4666962708333333 0.44899999999999995 0.47779751388888886 0.44275 0.48001776157407405 0.4345 0.477353462962963 0.427 0.4720248657407407 0.42324999999999996 0.46314387268518514 0.42 0.4507104791666667 0.41875 0.44271758333333333 0.4195 0.43072824074074073 0.42525 0.4271758425925926 0.43 0.4280639421296296 0.43975000000000003 0.43472468981481477 0.44675000000000004 0.4391651875 0.44925 0.4484902314814815 0.4505
13 0.2304618125 0.44925 0.2397868564814815 0.4505 0.2548845462962963 0.45 0.2619893425925926 0.44775 0.26865008796296297 0.44375 0.27220248611111114 0.43650000000000005 0.27087033796296295 0.42925 0.26865008796296297 0.42575 0.25532859722222223 0.41925 0.23401421064814815 0.41900000000000004 0.22158081712962965 0.4245 0.21714031944444445 0.43024999999999997 0.21669627083333334 0.436 0.2189165185185185 0.44075 0.22557726388888888 0.447 0.2304618125 0.44925
13 0.34280639351851855 0.50925 0.3610124328703704 0.5095000000000001 0.36634103009259256 0.5085 0.3778863240740741 0.4985 0.3787744236111111 0.4895 0.3769982245370371 0.48625 0.36856127777777775 0.48000000000000004 0.3614564837962963 0.4775 0.3485790416666667 0.477 0.33436944907407407 0.47950000000000004 0.3312611018518518 0.48075 0.32548845370370366 0.48874999999999996 0.3250444050925926 0.49525 0.3294849027777778 0.5027499999999999 0.33792184722222224 0.50825 0.34280639351851855 0.50925
13 0.5515097685185185 0.506 0.5710479583333333 0.50525 0.5799289513888889 0.49875 0.583037300925926 0.49175 0.580817050925926 0.484 0.5785968032407408 0.48075 0.5674955601851852 0.47625 0.5532859675925926 0.47575 0.543516875 0.4785 0.539520425925926 0.4805 0.5337477800925926 0.48724999999999996 0.5337477800925926 0.49825 0.5381882777777778 0.5027499999999999 0.5439609236111111 0.50525 0.5515097685185185 0.506
13 0.7451154537037037 0.5055000000000001 0.7553285972222222 0.50675 0.7682060393518518 0.5065 0.7779751342592592 0.50375 0.7846358796296296 0.4995 0.7877442268518519 0.49175 0.7868561273148148 0.48675 0.7824156296296296 0.481 0.772646537037037 0.477 0.7486678518518518 0.47725 0.7402309050925925 0.48075 0.7357904074074073 0.48500000000000004 0.7340142106481481 0.4875 0.7349023101851851 0.4945 0.7406749560185185 0.503 0.7451154537037037 0.5055000000000001
13 0.853019537037037 0.5630000000000001 0.8667850810185186 0.564 0.876998224537037 0.5615 0.8836589699074074 0.5575 0.8872113680555556 0.5527500000000001 0.8885435162037036 0.5465 0.8841030185185185 0.5387500000000001 0.8765541736111111 0.535 0.8636767314814814 0.53275 0.8490230902777779 0.53425 0.8445825925925926 0.53525 0.8405861458333334 0.538 0.8370337476851851 0.543 0.8361456481481482 0.55175 0.8383658958333333 0.5575 0.8419182939814815 0.5605 0.853019537037037 0.5630000000000001
13 0.6536412083333333 0.56475 0.6611900532407406 0.5645 0.6740674953703704 0.561 0.6793960925925927 0.55775 0.6856127893518519 0.55025 0.6842806388888889 0.5465 0.6767317939814815 0.53725 0.6687388981481481 0.53425 0.6527531087962963 0.53425 0.6434280648148147 0.53575 0.6363232685185186 0.54125 0.6327708703703704 0.54725 0.6323268217592592 0.55375 0.6363232685185186 0.55825 0.643872113425926 0.5625 0.6536412083333333 0.56475
13 0.4476021319444445 0.5650000000000001 0.4600355231481481 0.5652499999999999 0.4702486689814815 0.5630000000000001 0.4782415625 0.55825 0.48134991203703703 0.55375 0.48134991203703703 0.54675 0.477353462962963 0.54125 0.4698046180555555 0.537 0.4604795740740741 0.5345 0.45248667824074074 0.53425 0.4431616342592593 0.53575 0.43738898842592594 0.53925 0.4293960925925926 0.54675 0.4293960925925926 0.554 0.43472468981481477 0.5605 0.44271758333333333 0.56425 0.4476021319444445 0.5650000000000001
13 0.2446714027777778 0.5675 0.2655417407407408 0.56475 0.27397868518518514 0.55725 0.2753108356481481 0.551 0.27397868518518514 0.54625 0.26998223842592595 0.54125 0.2619893425925926 0.5367500000000001 0.25133214814814814 0.53525 0.23445825925925926 0.5365 0.22513321527777777 0.5415 0.2211367662037037 0.54775 0.22158081712962965 0.5569999999999999 0.22868561342592594 0.56375 0.2349023101851852 0.56625 0.2446714027777778 0.5675
13 0.34147424537037036 0.6234999999999999 0.35790408564814813 0.6234999999999999 0.36767317824074075 0.6215 0.3765541736111111 0.617 0.38010657175925927 0.61275 0.3809946712962963 0.6092500000000001 0.37833037268518516 0.6005 0.36944937731481486 0.5950000000000001 0.3592362337962963 0.59225 0.3454706921296296 0.59225 0.34103019444444443 0.59375 0.33170515046296295 0.5982500000000001 0.3272646527777778 0.60375 0.32682060416666664 0.61125 0.32859680324074075 0.6155 0.33170515046296295 0.619 0.34147424537037036 0.6234999999999999
13 0.5603907638888889 0.6215 0.5701598587962963 0.62 0.5781527523148148 0.6164999999999999 0.581705150462963 0.6125 0.58259325 0.6022500000000001 0.5777087037037036 0.5957499999999999 0.5679396087962962 0.5912499999999999 0.5537300185185186 0.5910000000000001 0.5404085254629629 0.5932499999999999 0.5359680277777777 0.5957499999999999 0.5319715810185185 0.6020000000000001 0.5324156296296296 0.614 0.539520425925926 0.6192500000000001 0.5488454699074075 0.62125 0.5603907638888889 0.6215
13 0.7508880995370371 0.62 0.7686500879629631 0.6204999999999999 0.7784191828703704 0.61725 0.7828596805555555 0.614 0.7859680277777777 0.6097499999999999 0.7864120787037037 0.6022500000000001 0.7797513310185186 0.594 0.772646537037037 0.5912499999999999 0.7597690949074075 0.58975 0.7464476018518519 0.59025 0.7406749560185185 0.593 0.7340142106481481 0.59925 0.7326820601851851 0.6075 0.7349023101851851 0.6125 0.7460035532407407 0.61875 0.7508880995370371 0.62
13 0.6571936064814815 0.6785000000000001 0.6678507986111112 0.67725 0.6780639421296297 0.6735 0.6860568379629629 0.6655 0.6856127893518519 0.65925 0.6833925393518518 0.6555 0.6753996458333333 0.6495 0.6656305509259259 0.6475000000000001 0.6518650092592593 0.6479999999999999 0.6407637662037038 0.6505000000000001 0.6358792175925926 0.653 0.6323268217592592 0.6595 0.6318827708333333 0.6652499999999999 0.6354351689814814 0.6705 0.6447602129629629 0.6759999999999999 0.6571936064814815 0.6785000000000001
13 0.4507104791666667 0.6789999999999999 0.46314387268518514 0.6787500000000001 0.4729129652777778 0.6759999999999999 0.4822380115740741 0.66875 0.4826820601851852 0.664 0.479573712962963 0.6567500000000001 0.4738010648148148 0.65225 0.46714031944444445 0.65 0.45737122453703705 0.6485 0.44538188194444445 0.64925 0.43694493749999996 0.65275 0.43072824074074073 0.65875 0.42984014120370373 0.667 0.4320603912037037 0.67025 0.43960923611111113 0.67625 0.4507104791666667 0.6789999999999999