1 0.4722222222222222 0.37037037037037035 0.47453703703703703 0.3726851851851852 0.4976851851851852 0.3773148148148148 0.5138888888888888 0.3912037037037037 0.5185185185185185 0.40046296296296297 0.5185185185185185 0.4212962962962963 0.5208333333333334 0.4236111111111111 0.5254629629629629 0.42592592592592593 0.5277777777777778 0.4236111111111111 0.5324074074074074 0.4236111111111111 0.5347222222222222 0.42592592592592593 0.5462962962962963 0.42592592592592593 0.5486111111111112 0.42824074074074076 0.5486111111111112 0.4444444444444444 0.5439814814814815 0.44907407407407407 0.5231481481481481 0.44907407407407407 0.5208333333333334 0.4513888888888889 0.5208333333333334 0.4675925925925926 0.5254629629629629 0.4722222222222222 0.5347222222222222 0.47685185185185186 0.5416666666666666 0.47685185185185186 0.5486111111111112 0.48148148148148145 0.5486111111111112 0.5 0.5162037037037037 0.4976851851851852 0.4930555555555556 0.4861111111111111 0.4861111111111111 0.4791666666666667 0.48148148148148145 0.4699074074074074 0.48148148148148145 0.4537037037037037 0.47685185185185186 0.44675925925925924 0.42592592592592593 0.44675925925925924 0.4212962962962963 0.4537037037037037 0.4236111111111111 0.45601851851851855 0.41898148148148145 0.46296296296296297 0.38425925925925924 0.46296296296296297 0.3819444444444444 0.46064814814814814 0.3819444444444444 0.44907407407407407 0.37962962962962965 0.44675925925925924 0.3726851851851852 0.44675925925925924 0.37037037037037035 0.44907407407407407 0.36574074074074076 0.44675925925925924 0.36342592592592593 0.44907407407407407 0.3611111111111111 0.44675925925925924 0.35648148148148145 0.44675925925925924 0.3541666666666667 0.44907407407407407 0.33564814814814814 0.4513888888888889 0.3263888888888889 0.46064814814814814 0.3263888888888889 0.46296296296296297 0.32175925925925924 0.46296296296296297 0.3194444444444444 0.4652777777777778 0.2962962962962963 0.4652777777777778 0.2847222222222222 0.46064814814814814 0.2847222222222222 0.4513888888888889 0.29398148148148145 0.44212962962962965 0.29398148148148145 0.4398148148148148 0.3055555555555556 0.43287037037037035 0.3101851851851852 0.43287037037037035 0.3194444444444444 0.42824074074074076 0.3263888888888889 0.42824074074074076 0.3287037037037037 0.42592592592592593 0.3402777777777778 0.42592592592592593 0.3425925925925926 0.4236111111111111 0.37962962962962965 0.4236111111111111 0.3819444444444444 0.4212962962962963 0.3819444444444444 0.4074074074074074 0.38425925925925924 0.4050925925925926 0.38657407407407407 0.39351851851851855 0.3958333333333333 0.38425925925925924 0.41203703703703703 0.375 0.42824074074074076 0.3726851851851852 0.4305555555555556 0.37037037037037035 0.44907407407407407 0.37037037037037035 0.4513888888888889 0.3680555555555556 0.45601851851851855 0.37037037037037035 0.4699074074074074 0.37037037037037035
11 0 0.728 0.0026642986111111108 0.7316250000000001 0.002220247685185185 0.738 0.004440497685185185 0.74475 0.011989342592592591 0.7525 0.025754884259259262 0.761 0.037300178240740736 0.7655000000000001 0.05017762037037037 0.7667499999999999 0.0532859675925926 0.769 0.07104795833333333 0.77075 0.15586145601851853 0.76875 0.2522202476851852 0.76875 0.3383658958333334 0.76725 0.3516873888888889 0.7652500000000001 0.3592362337962963 0.76625 0.3787744236111111 0.7655000000000001 0.38232682175925925 0.7645000000000001 0.38676731712962964 0.7655000000000001 0.4009769097222222 0.7645000000000001 0.43605683796296296 0.7655000000000001 0.6380994675925926 0.76325 0.6785079930555555 0.762 0.688277087962963 0.76075 0.7149200717592592 0.762 0.8130550624999999 0.7587499999999999 0.854795736111111 0.7587499999999999 0.873001775462963 0.7575000000000001 0.8867673171296296 0.75475 0.8912078148148148 0.7519999999999999 0.9049733564814815 0.74975 0.918294849537037 0.74325 0.9267317939814815 0.7342500000000001 0.9333925393518518 0.72375 0.9311722916666667 0.71775 0.9325044398148149 0.714 0.9316163402777777 0.67825 0.9262877453703703 0.64275 0.9262877453703703 0.6082500000000001 0.918294849537037 0.525 0.914298400462963 0.508 0.9120781527777778 0.45599999999999996 0.9089698055555556 0.44325000000000003 0.9085257546296297 0.4315 0.9036412083333333 0.4255 0.9054174074074074 0.42324999999999996 0.9058614560185185 0.40275 0.9005328587962963 0.342 0.8974245115740741 0.33125 0.893872113425926 0.32975 0.8867673171296296 0.30524999999999997 0.8885435162037036 0.299 0.8907637662037038 0.29675 0.8898756666666666 0.29525 0.895204263888889 0.29025 0.895204263888889 0.2855 0.896980462962963 0.283 0.8947602129629629 0.2715 0.8960923634259259 0.26875 0.8943161643518519 0.2635 0.8898756666666666 0.26225 0.8894316157407408 0.2525 0.8867673171296296 0.24875 0.8765541736111111 0.24925 0.873001775462963 0.24775000000000003 0.8641207824074074 0.24875 0.8596802847222222 0.24775000000000003 0.8281527523148149 0.248 0.8246003541666667 0.24925 0.8170515092592593 0.249 0.809058613425926 0.25075 0.793516875 0.251 0.7912966250000001 0.2535 0.7833037291666666 0.2535 0.7828596805555555 0.252 0.7810834814814815 0.2525 0.7784191828703704 0.2515 0.7757548842592592 0.2485 0.7335701597222223 0.251 0.7109236226851853 0.24950000000000003 0.6904973356481482 0.251 0.6785079930555555 0.24975 0.643872113425926 0.25 0.5985790416666666 0.252 0.5879218472222222 0.2515 0.58259325 0.2545 0.5777087037037036 0.25375000000000003 0.5750444050925926 0.255 0.5710479583333333 0.255 0.5706039074074074 0.256 0.5661634097222222 0.25625000000000003 0.5639431620370371 0.25425 0.5595026643518518 0.2555 0.5572824166666667 0.2535 0.5550621666666666 0.2555 0.5528419189814815 0.25575 0.5466252222222222 0.25175 0.4320603912037037 0.25425 0.4302841921296296 0.256 0.42539964583333334 0.25475000000000003 0.42095914814814817 0.2555 0.41207815277777776 0.2545 0.36856127777777775 0.255 0.36678508101851853 0.25575 0.3627886319444445 0.255 0.3619005324074074 0.25575 0.35657193518518515 0.25575 0.35568383564814815 0.255 0.34147424537037036 0.2565 0.3348135 0.25525 0.33081705092592595 0.25625000000000003 0.32859680324074075 0.255 0.3237122546296296 0.25575 0.3134991111111111 0.255 0.0608348125 0.2615 0.013765541666666667 0.2615 0.004884546296296296 0.263 0 0.265 0 0.728
12 0 0.31763625 0.9323801064814815 0.31763625 0.9323801064814815 0.24996375 0 0.24996375 0 0.31763625
13 0.35568383564814815 0.37325 0.3627886319444445 0.37124999999999997 0.3756660740740741 0.36374999999999996 0.37744227314814816 0.35825 0.37477797453703704 0.35225 0.36944937731481486 0.34750000000000003 0.3592362337962963 0.342 0.3481349907407407 0.342 0.3383658958333334 0.34450000000000003 0.3303730023148148 0.34875 0.3263765532407408 0.35275 0.32548845370370366 0.3575 0.32859680324074075 0.36424999999999996 0.3423623449074074 0.372 0.35568383564814815 0.37325
13 0.5399644768518519 0.36875 0.5479573703703703 0.36924999999999997 0.5581705162037037 0.36774999999999997 0.5639431620370371 0.3655 0.5710479583333333 0.35874999999999996 0.5719360578703704 0.35225 0.5688277083333333 0.34775 0.5652753101851852 0.34400000000000003 0.5568383657407407 0.34025 0.5364120787037037 0.33949999999999997 0.5261989351851851 0.34425 0.520870337962963 0.35025 0.520426287037037 0.35475 0.522646537037037 0.36024999999999996 0.5257548842592593 0.363 0.5399644768518519 0.36875
13 0.6611900532407406 0.42025 0.6696269976851852 0.41375 0.6727353472222222 0.40850000000000003 0.6718472476851851 0.40225 0.666962699074074 0.396 0.6594138541666666 0.39225 0.6474245115740741 0.39175 0.6332149189814814 0.39325 0.6238898749999999 0.398 0.6212255763888889 0.4015 0.6221136759259259 0.4115 0.6354351689814814 0.42050000000000004 0.6487566597222222 0.42175 0.6611900532407406 0.42025
13 0.4462699814814815 0.422 0.4618117222222222 0.422 0.46802841898148145 0.42050000000000004 0.4724689166666667 0.41774999999999995 0.4746891643518519 0.4115 0.4724689166666667 0.403 0.46936056944444443 0.39975 0.46092362268518516 0.3965 0.4498223796296297 0.396 0.44182948379629633 0.39725 0.43605683796296296 0.39925 0.4311722916666667 0.40249999999999997 0.4289520416666666 0.4075 0.4293960925925926 0.41325 0.43383659027777777 0.4195 0.43605683796296296 0.42050000000000004 0.4462699814814815 0.422
13 0.25799289583333335 0.42950000000000005 0.26865008796296297 0.4265 0.27797513425925924 0.4215 0.2824156296296296 0.4165 0.2824156296296296 0.411 0.28063943055555557 0.408 0.2713143865740741 0.40225 0.2619893425925926 0.39875 0.25133214814814814 0.39899999999999997 0.23934280555555554 0.40225 0.2349023101851852 0.4045 0.23134991203703703 0.4095 0.23179396064814814 0.41875 0.23579040740740742 0.42274999999999996 0.2428952037037037 0.42674999999999996 0.25799289583333335 0.42950000000000005
13 0.14742451157407407 0.48425 0.16119005324074073 0.48475 0.17051509722222222 0.48275 0.18072824074074076 0.47825 0.18516873842592593 0.474 0.18516873842592593 0.467 0.18250443981481482 0.4635 0.17406749537037036 0.45799999999999996 0.1647424513888889 0.455 0.1531971574074074 0.45525 0.1429840138888889 0.45799999999999996 0.13499111805555555 0.4635 0.13365896990740742 0.46675 0.1332149189814815 0.47125 0.13499111805555555 0.4755 0.14165186574074073 0.48150000000000004 0.14742451157407407 0.48425
13 0.355239787037037 0.48125 0.36678508101851853 0.48075 0.3765541736111111 0.47625 0.38055062268518514 0.47250000000000003 0.38188277083333333 0.46799999999999997 0.38055062268518514 0.46225 0.37255772685185184 0.4555 0.3658969814814815 0.45275 0.35435168749999996 0.452 0.3463587916666666 0.453 0.3392539953703704 0.45599999999999996 0.33259325 0.46275 0.3330373009259259 0.4705 0.33747779861111116 0.475 0.3450266435185185 0.47875 0.355239787037037 0.48125
13 0.5630550625 0.47725 0.5737122546296296 0.47175 0.5777087037037036 0.46375 0.5768206041666667 0.4585 0.5737122546296296 0.45375000000000004 0.5643872106481482 0.45 0.5501776203703703 0.44825000000000004 0.5346358796296297 0.45275 0.5288632337962963 0.45775 0.5279751342592592 0.464 0.5328596805555555 0.4715 0.5501776203703703 0.47875 0.5630550625 0.47725
13 0.7553285972222222 0.47475 0.7650976898148149 0.47275 0.7722024861111111 0.46825 0.7761989351851852 0.46275 0.7757548842592592 0.45575 0.7699822384259258 0.44899999999999995 0.7650976898148149 0.44675000000000004 0.7553285972222222 0.44525000000000003 0.7451154537037037 0.44525000000000003 0.7353463587962963 0.44775 0.7277975138888889 0.45125 0.7242451157407408 0.45599999999999996 0.7251332152777777 0.4635 0.7304618125 0.46900000000000003 0.7477797523148149 0.47450000000000003 0.7553285972222222 0.47475
13 0.6434280648148147 0.53 0.6492007106481481 0.531 0.6651865 0.53 0.6753996458333333 0.52475 0.6793960925925927 0.51925 0.6793960925925927 0.51325 0.6776198935185185 0.50875 0.6709591481481482 0.50375 0.6576376550925926 0.5015 0.6483126111111112 0.50175 0.6336589699074074 0.50525 0.6292184722222223 0.50925 0.6283303726851851 0.5165 0.6301065717592592 0.5217499999999999 0.6367673171296296 0.52775 0.6434280648148147 0.53
13 0.44937833101851854 0.53425 0.4635879212962963 0.53525 0.4733570162037037 0.5325 0.4809058611111111 0.52625 0.4826820601851852 0.521 0.4809058611111111 0.51375 0.4738010648148148 0.50775 0.4666962708333333 0.506 0.4600355231481481 0.50475 0.45204262962962966 0.50475 0.4462699814814815 0.506 0.4365008888888889 0.51 0.4325044398148148 0.5155 0.4316163402777778 0.51925 0.4365008888888889 0.5287499999999999 0.440053287037037 0.5317500000000001 0.44937833101851854 0.53425
13 0.2477797523148148 0.5367500000000001 0.25799289583333335 0.538 0.26865008796296297 0.53725 0.2788632337962963 0.5337500000000001 0.2841918287037037 0.53 0.2859680277777778 0.52475 0.28330372916666663 0.516 0.2744227361111111 0.51025 0.26865008796296297 0.5085 0.25799289583333335 0.50775 0.2482238009259259 0.509 0.23934280555555554 0.5135 0.2349023101851852 0.51925 0.23401421064814815 0.5237499999999999 0.23579040740740742 0.52925 0.2402309050925926 0.5337500000000001 0.2477797523148148 0.5367500000000001
13 0.16119005324074073 0.5957499999999999 0.17406749537037036 0.5935 0.18250443981481482 0.59025 0.18738898842592594 0.586 0.18872113657407408 0.581 0.18561278935185185 0.5725 0.1749555949074074 0.56725 0.16829484953703702 0.56575 0.15896980555555554 0.5655 0.14786856018518518 0.567 0.1380994675925926 0.5735 0.13543516898148147 0.57775 0.13632326851851853 0.58575 0.1429840138888889 0.592 0.14786856018518518 0.594 0.16119005324074073 0.5957499999999999
13 0.35657193518518515 0.5925 0.36678508101851853 0.593 0.3734458263888889 0.59175 0.38143872222222225 0.587 0.3849911180555555 0.58275 0.3863232685185185 0.579 0.3854351689814815 0.5720000000000001 0.38055062268518514 0.5655 0.3765541736111111 0.5635 0.36412078240740736 0.56175 0.3490230902777778 0.56275 0.34103019444444443 0.5665 0.33747779861111116 0.57025 0.33570159953703704 0.5750000000000001 0.3352575486111111 0.578 0.3383658958333334 0.58575 0.3419182939814815 0.5882499999999999 0.35657193518518515 0.5925
13 0.5643872106481482 0.5885 0.5750444050925926 0.5862499999999999 0.583481349537037 0.57825 0.583037300925926 0.5675 0.5781527523148148 0.56225 0.5714920069444445 0.5597500000000001 0.5528419189814815 0.559 0.543516875 0.561 0.5377442268518519 0.56325 0.5333037291666667 0.571 0.5341918287037037 0.5775 0.539520425925926 0.5842499999999999 0.5497335694444444 0.5885 0.5643872106481482 0.5885
13 0.7548845462962963 0.586 0.7637655416666667 0.5862499999999999 0.7722024861111111 0.585 0.7793072824074074 0.5812499999999999 0.7855239791666667 0.5745 0.7850799282407408 0.5675 0.7801953819444444 0.561 0.7690941388888889 0.5569999999999999 0.7588809953703703 0.556 0.748223800925926 0.5569999999999999 0.7411190046296297 0.55925 0.7331261111111111 0.564 0.7317939606481482 0.569 0.7335701597222223 0.5750000000000001 0.7451154537037037 0.583 0.7548845462962963 0.586
13 0.6478685601851851 0.642 0.6545293078703703 0.644 0.66740675 0.64425 0.6798401412037037 0.6409999999999999 0.6851687384259258 0.63725 0.6891651875 0.63025 0.6887211365740741 0.6262500000000001 0.6856127893518519 0.6204999999999999 0.6798401412037037 0.6162500000000001 0.6722912962962964 0.6145 0.6625222013888888 0.61375 0.6500888101851852 0.61475 0.6429840138888889 0.61725 0.6380994675925926 0.62075 0.6363232685185186 0.6255000000000001 0.6367673171296296 0.63125 0.643872113425926 0.63975 0.6478685601851851 0.642
13 0.4449378333333333 0.64425 0.4560390763888889 0.6477499999999999 0.46714031944444445 0.64825 0.4711367662037037 0.6477499999999999 0.4809058611111111 0.6435000000000001 0.4875666064814815 0.63675 0.4884547060185185 0.62925 0.4853463587962963 0.624 0.47779751388888886 0.6185 0.4675843703703703 0.6167499999999999 0.45248667824074074 0.6174999999999999 0.4431616342592593 0.61975 0.43827708796296294 0.6255000000000001 0.43694493749999996 0.62925 0.437833037037037 0.637 0.4409413865740741 0.642 0.4449378333333333 0.64425
13 0.25133214814814814 0.649 0.25799289583333335 0.6505000000000001 0.27264653703703706 0.65 0.27930728240740743 0.6479999999999999 0.2873001782407407 0.642 0.2886323263888889 0.63875 0.28774422685185186 0.6305 0.2841918287037037 0.6255000000000001 0.27930728240740743 0.6222500000000001 0.2619893425925926 0.6195 0.250888099537037 0.62125 0.2442273541666667 0.62425 0.23889875694444443 0.63 0.2375666064814815 0.6377499999999999 0.2397868564814815 0.64225 0.24600355324074072 0.647 0.25133214814814814 0.649
13 0.355239787037037 0.7072499999999999 0.3730017754629629 0.7072499999999999 0.3778863240740741 0.7055 0.3889875671296296 0.69925 0.3925399652777778 0.693 0.3907637662037037 0.6859999999999999 0.3872113680555555 0.6817500000000001 0.38365896990740744 0.6785000000000001 0.3765541736111111 0.6755 0.3574600347222222 0.67525 0.3521314398148148 0.67625 0.3441385439814815 0.68125 0.33880994675925924 0.6887500000000001 0.3383658958333334 0.6962499999999999 0.34058614583333335 0.69925 0.3468028425925926 0.7042499999999999 0.355239787037037 0.7072499999999999
13 0.5572824166666667 0.704 0.5683836597222223 0.7045 0.5763765532407408 0.7034999999999999 0.5843694490740741 0.70075 0.5901420949074074 0.6960000000000001 0.5923623449074074 0.68975 0.5901420949074074 0.68125 0.5852575486111111 0.6759999999999999 0.5768206041666667 0.67275 0.5688277083333333 0.6717500000000001 0.5501776203703703 0.67325 0.5439609236111111 0.6765 0.5390763773148148 0.68525 0.5386323263888889 0.6905 0.541296625 0.6962499999999999 0.5470692708333333 0.7005 0.5572824166666667 0.704