0 0.38425925925925924 0.5370370370370371 0.38657407407407407 0.5393518518518519 0.39351851851851855 0.5393518518518519 0.3958333333333333 0.5416666666666666 0.4074074074074074 0.5439814814814815 0.4305555555555556 0.5578703703703703 0.4444444444444444 0.5486111111111112 0.4537037037037037 0.5462962962962963 0.47453703703703703 0.5578703703703703 0.4722222222222222 0.5625 0.46064814814814814 0.5671296296296297 0.4652777777777778 0.5763888888888888 0.4861111111111111 0.5856481481481481 0.5069444444444444 0.5856481481481481 0.5092592592592593 0.5833333333333334 0.5208333333333334 0.5810185185185185 0.5416666666666666 0.5902777777777778 0.5462962962962963 0.5949074074074074 0.5416666666666666 0.5995370370370371 0.5370370370370371 0.5995370370370371 0.5277777777777778 0.6041666666666666 0.5208333333333334 0.6041666666666666 0.5185185185185185 0.6064814814814815 0.47685185185185186 0.6064814814814815 0.47453703703703703 0.6041666666666666 0.4675925925925926 0.6041666666666666 0.4652777777777778 0.6018518518518519 0.4537037037037037 0.5995370370370371 0.4444444444444444 0.5925925925925926 0.4305555555555556 0.5879629629629629 0.40046296296296297 0.6064814814814815 0.3819444444444444 0.6087962962962963 0.37962962962962965 0.6111111111111112 0.3472222222222222 0.6111111111111112 0.3449074074074074 0.6087962962962963 0.3263888888888889 0.6064814814814815 0.30092592592592593 0.5925925925925926 0.2916666666666667 0.5925925925925926 0.2708333333333333 0.6064814814814815 0.2638888888888889 0.6064814814814815 0.24537037037037038 0.6134259259259259 0.20833333333333334 0.6134259259259259 0.18287037037037038 0.6041666666666666 0.1875 0.5995370370370371 0.20601851851851852 0.5902777777777778 0.24305555555555555 0.5925925925925926 0.25925925925925924 0.5833333333333334 0.2638888888888889 0.5833333333333334 0.26851851851851855 0.5763888888888888 0.2638888888888889 0.5717592592592593 0.25925925925925924 0.5717592592592593 0.25 0.5671296296296297 0.25 0.5648148148148148 0.26157407407407407 0.5555555555555556 0.2662037037037037 0.5555555555555556 0.27314814814814814 0.5509259259259259 0.2824074074074074 0.5509259259259259 0.2986111111111111 0.5601851851851852 0.3148148148148148 0.5486111111111112 0.32407407407407407 0.5462962962962963 0.33101851851851855 0.5416666666666666 0.34953703703703703 0.5393518518518519 0.35185185185185186 0.5370370370370371 0.3819444444444444 0.5370370370370371
11 0.10568383564814815 0.25925 0.10834813425925925 0.25875 0.11367673148148148 0.2655 0.11767317824074074 0.2655 0.12344582638888889 0.268875 0.12300177546296297 0.27375 0.11900532870370371 0.2755 0.1212255763888889 0.28099999999999997 0.11678508101851852 0.28500000000000003 0.11500888194444443 0.28975 0.11811722916666667 0.29675 0.11589698148148148 0.29824999999999996 0.11589698148148148 0.30450000000000005 0.11412078240740742 0.30725 0.11500888194444443 0.32575 0.11278863194444444 0.3375 0.11545293055555556 0.35874999999999996 0.11412078240740742 0.362 0.11500888194444443 0.37625 0.11767317824074074 0.37925000000000003 0.11545293055555556 0.38299999999999995 0.11456483101851853 0.40325 0.11456483101851853 0.44325000000000003 0.11589698148148148 0.4675 0.11722912962962963 0.46950000000000003 0.11545293055555556 0.47300000000000003 0.11678508101851852 0.47674999999999995 0.11500888194444443 0.48675 0.11589698148148148 0.5125000000000001 0.11412078240740742 0.5217499999999999 0.11545293055555556 0.5865 0.11678508101851852 0.58875 0.11500888194444443 0.592 0.11545293055555556 0.6557499999999999 0.11811722916666667 0.668 0.12300177546296297 0.6755 0.13765541666666667 0.6862499999999999 0.15364120833333333 0.69275 0.17140319675925927 0.69525 0.206483125 0.69525 0.23934280555555554 0.694 0.2619893425925926 0.6955 0.2713143865740741 0.69425 0.2824156296296296 0.6945 0.2846358796296296 0.6935 0.3037300185185185 0.693 0.30728241666666667 0.69525 0.4187388981481482 0.6955 0.4258436944444444 0.69375 0.4462699814814815 0.69525 0.46802841898148145 0.69375 0.501776199074074 0.6957500000000001 0.5182060393518518 0.69425 0.5293072824074074 0.6950000000000001 0.5337477800925926 0.694 0.5461811712962963 0.6950000000000001 0.5537300185185186 0.6945 0.5572824166666667 0.6955 0.5785968032407408 0.69425 0.585701599537037 0.69525 0.604795736111111 0.69375 0.624333925925926 0.694 0.6429840138888889 0.6955 0.6594138541666666 0.69425 0.8627886319444444 0.6950000000000001 0.8707815277777777 0.694 0.8792184722222223 0.69525 0.8996447592592594 0.694 0.918294849537037 0.6945 0.9498223796296296 0.6925 0.9595914745370371 0.6892499999999999 0.960479574074074 0.684 0.9689165185185185 0.6817500000000001 0.9724689166666667 0.6855000000000001 0.9742451157407408 0.6855000000000001 0.9897868564814815 0.67525 0.9968916527777778 0.6652499999999999 0.9951154537037037 0.66125 0.9964476018518519 0.65025 0.9937833032407407 0.64 0.999555951388889 0.6365000000000001 0.999555951388889 0.224 0.9951154537037037 0.21650000000000003 0.9955595023148148 0.21050000000000002 0.9849023101851851 0.20124999999999998 0.9671403194444445 0.2 0.9489342800925926 0.2005 0.9458259328703704 0.19949999999999998 0.8765541736111111 0.2 0.8712255763888889 0.20099999999999998 0.835701599537037 0.20199999999999999 0.8130550624999999 0.2005 0.7995559513888888 0.20175 0.5102131435185185 0.2015 0.4258436944444444 0.20299999999999999 0.18516873842592593 0.20325000000000001 0.1656305509259259 0.20475 0.12078152777777777 0.204 0.1047957361111111 0.2065 0.10968028472222223 0.2075 0.11101243287037038 0.20950000000000002 0.11012433333333334 0.22075 0.1065719351851852 0.2235 0.09902309027777777 0.22274999999999998 0.09813499074074075 0.22375 0.09813499074074075 0.24150000000000002 0.10079928935185185 0.2435 0.1047957361111111 0.2585 0.10568383564814815 0.25925
12 0.9995537291666666 0.19930375 0.0902775300925926 0.19930375 0.0902775300925926 0.26308625 0.9995537291666666 0.26308625 0.9995537291666666 0.19930375
13 0.45293072916666666 0.318 0.4729129652777778 0.316 0.48134991203703703 0.31075 0.4826820601851852 0.3035 0.479573712962963 0.297 0.4666962708333333 0.29025 0.45248667824074074 0.28975 0.44582593287037037 0.2915 0.437833037037037 0.29550000000000004 0.4342806388888889 0.30100000000000005 0.43383659027777777 0.30674999999999997 0.43738898842592594 0.31174999999999997 0.4431616342592593 0.3155 0.45293072916666666 0.318
13 0.646980462962963 0.31699999999999995 0.6611900532407406 0.316 0.6678507986111112 0.31224999999999997 0.6722912962962964 0.307 0.6722912962962964 0.3005 0.6687388981481481 0.29550000000000004 0.6540852569444445 0.289 0.6460923634259259 0.28850000000000003 0.6394316157407408 0.28925 0.6296625231481481 0.29375 0.6238898749999999 0.2995 0.6247779745370371 0.30674999999999997 0.6292184722222223 0.31125 0.6358792175925926 0.315 0.646980462962963 0.31699999999999995
13 0.7375666064814815 0.37 0.7477797523148149 0.37050000000000005 0.7548845462962963 0.36924999999999997 0.7650976898148149 0.3645 0.7695381875 0.36000000000000004 0.7695381875 0.3535 0.7673179398148149 0.349 0.7593250439814815 0.34474999999999995 0.7486678518518518 0.342 0.7375666064814815 0.34275000000000005 0.7313499120370369 0.34474999999999995 0.725577263888889 0.34824999999999995 0.7211367662037037 0.3535 0.7206927175925926 0.3575 0.7233570162037037 0.36325 0.727353462962963 0.3665 0.7375666064814815 0.37
13 0.5497335694444444 0.3735 0.5639431620370371 0.37074999999999997 0.5692717592592592 0.3685 0.5754884537037037 0.36424999999999996 0.5777087037037036 0.35975 0.5746003541666667 0.35025 0.5643872106481482 0.34474999999999995 0.5546181180555555 0.34349999999999997 0.5466252222222222 0.34400000000000003 0.5373001782407407 0.34725 0.5324156296296296 0.35075 0.5297513310185186 0.35575 0.5293072824074074 0.3595 0.5315275300925926 0.365 0.539520425925926 0.37050000000000005 0.5497335694444444 0.3735
13 0.3627886319444445 0.37325 0.36989342824074073 0.37375 0.3787744236111111 0.37050000000000005 0.38454706944444444 0.36675 0.3872113680555555 0.36275 0.38765541666666664 0.35650000000000004 0.3841030185185185 0.35100000000000003 0.3765541736111111 0.34625 0.37078152777777773 0.34450000000000003 0.3592362337962963 0.34450000000000003 0.3485790416666667 0.34750000000000003 0.34147424537037036 0.35174999999999995 0.3392539953703704 0.35575 0.3392539953703704 0.36275 0.3432504444444444 0.36724999999999997 0.35568383564814815 0.372 0.3627886319444445 0.37325
13 0.8312611018518519 0.42324999999999996 0.8521314398148149 0.42274999999999996 0.8605683842592592 0.41900000000000004 0.8654529305555556 0.4145 0.8663410300925926 0.40700000000000003 0.8627886319444444 0.4015 0.8490230902777779 0.396 0.8388099467592594 0.39549999999999996 0.8294849027777778 0.39699999999999996 0.8223801064814815 0.40049999999999997 0.8170515092592593 0.40650000000000003 0.8166074606481482 0.41200000000000003 0.8188277083333333 0.41625 0.8228241574074074 0.42 0.8312611018518519 0.42324999999999996
13 0.643872113425926 0.42525 0.6554174074074074 0.42525 0.6638543518518518 0.42274999999999996 0.6727353472222222 0.415 0.6731793958333333 0.40724999999999995 0.6714031967592592 0.40425 0.6634103009259259 0.3995 0.6531971574074075 0.3965 0.6367673171296296 0.39775 0.6287744236111111 0.40225 0.6247779745370371 0.40724999999999995 0.6234458263888889 0.4115 0.6287744236111111 0.41925 0.6367673171296296 0.42375 0.643872113425926 0.42525
13 0.46625221990740745 0.42575 0.4746891643518519 0.42324999999999996 0.48046181250000003 0.42025 0.4831261111111111 0.41550000000000004 0.4826820601851852 0.40825 0.4782415625 0.40275 0.4720248657407407 0.3995 0.4604795740740741 0.398 0.4498223796296297 0.39899999999999997 0.43960923611111113 0.40325 0.4356127893518518 0.4095 0.4356127893518518 0.41625 0.4391651875 0.42050000000000004 0.4538188287037037 0.4255 0.46625221990740745 0.42575
13 0.270426287037037 0.434 0.27220248611111114 0.4355 0.2864120787037037 0.436 0.29662522222222226 0.43275 0.30728241666666667 0.4275 0.312166962962963 0.42175 0.31394316203703704 0.41400000000000003 0.309946712962963 0.4045 0.30195381944444444 0.39875 0.2859680277777778 0.39275 0.27930728240740743 0.39199999999999996 0.2584369444444445 0.39375 0.24378330324074074 0.401 0.23934280555555554 0.408 0.23889875694444443 0.41550000000000004 0.24600355324074072 0.42575 0.25177619907407406 0.429 0.270426287037037 0.434
13 0.3601243333333333 0.47975 0.3734458263888889 0.47950000000000004 0.38321491898148147 0.47674999999999995 0.3894316157407407 0.47 0.3898756666666667 0.46325 0.38765541666666664 0.45975 0.3841030185185185 0.45575 0.3756660740740741 0.45225000000000004 0.3619005324074074 0.45175000000000004 0.3521314398148148 0.453 0.34369449305555555 0.45875 0.34147424537037036 0.4635 0.34103019444444443 0.46925 0.34369449305555555 0.47324999999999995 0.35301953703703703 0.47775 0.3601243333333333 0.47975
13 0.5541740671296297 0.47975 0.5697158078703703 0.47625 0.5746003541666667 0.474 0.5781527523148148 0.47 0.5790408518518518 0.46299999999999997 0.5750444050925926 0.457 0.5679396087962962 0.453 0.5577264652777778 0.45075 0.5390763773148148 0.453 0.5333037291666667 0.45775 0.5306394305555555 0.462 0.5306394305555555 0.467 0.5364120787037037 0.47600000000000003 0.5470692708333333 0.47925 0.5541740671296297 0.47975
13 0.2664298402777778 0.533 0.27930728240740743 0.533 0.2859680277777778 0.53125 0.2957371226851852 0.52425 0.29662522222222226 0.51825 0.2952930717592593 0.51425 0.2873001782407407 0.50775 0.28019538194444443 0.50525 0.25888099537037035 0.5055000000000001 0.25 0.5105 0.24644760185185183 0.516 0.24733570138888888 0.524 0.2535523981481482 0.52975 0.2584369444444445 0.5317500000000001 0.2664298402777778 0.533
13 0.45293072916666666 0.532 0.4591474236111111 0.5325 0.46492007175925926 0.53225 0.47690941435185186 0.5295 0.48179396064814817 0.52525 0.4849023101851852 0.51975 0.4844582592592592 0.515 0.4786856134259259 0.50775 0.47424511574074074 0.50575 0.46403197222222226 0.50425 0.45293072916666666 0.50475 0.44271758333333333 0.50775 0.43694493749999996 0.51625 0.43694493749999996 0.52075 0.44049733564814814 0.52625 0.4476021319444445 0.53025 0.45293072916666666 0.532
13 0.6376554166666666 0.53025 0.6465364120370369 0.53125 0.6598579050925926 0.5307499999999999 0.6651865 0.5295 0.6727353472222222 0.5237499999999999 0.6749555949074074 0.51975 0.6745115462962963 0.51425 0.6705150972222222 0.50825 0.6620781527777778 0.50475 0.6487566597222222 0.50375 0.6345470694444444 0.50575 0.6296625231481481 0.508 0.6261101250000001 0.51325 0.625666074074074 0.5175 0.6278863240740741 0.5225 0.6327708703703704 0.5275 0.6376554166666666 0.53025
13 0.8312611018518519 0.5295 0.8419182939814815 0.531 0.8521314398148149 0.5307499999999999 0.8592362337962962 0.5285000000000001 0.8667850810185186 0.52325 0.8690053287037037 0.519 0.8676731782407408 0.513 0.8641207824074074 0.508 0.8556838356481481 0.5035 0.8396980462962963 0.503 0.8312611018518519 0.504 0.8228241574074074 0.5075000000000001 0.8183836597222223 0.5115 0.8170515092592593 0.5167499999999999 0.8188277083333333 0.521 0.8250444050925926 0.52675 0.8312611018518519 0.5295
13 0.7415630555555555 0.58475 0.7473357013888888 0.5855 0.7557726458333334 0.585 0.7668738888888889 0.58 0.7722024861111111 0.5745 0.772646537037037 0.56825 0.7690941388888889 0.5630000000000001 0.7650976898148149 0.5599999999999999 0.7548845462962963 0.55775 0.7433392546296297 0.5575 0.7304618125 0.56025 0.7264653634259259 0.5625 0.7229129652777778 0.56725 0.7224689166666667 0.5715 0.7264653634259259 0.578 0.7340142106481481 0.58275 0.7415630555555555 0.58475
13 0.5617229120370371 0.5845 0.5710479583333333 0.58275 0.5768206041666667 0.5795 0.5799289513888889 0.57525 0.5799289513888889 0.5680000000000001 0.5754884537037037 0.56175 0.5723801064814814 0.5599999999999999 0.5617229120370371 0.55775 0.5528419189814815 0.5575 0.541296625 0.5597500000000001 0.5350799282407407 0.56325 0.5319715810185185 0.5680000000000001 0.5328596805555555 0.57775 0.5373001782407407 0.5815 0.5466252222222222 0.58475 0.5617229120370371 0.5845
13 0.3592362337962963 0.5865 0.36722912962962967 0.587 0.3787744236111111 0.58575 0.38365896990740744 0.58375 0.3907637662037037 0.57825 0.39165186574074073 0.57375 0.3898756666666667 0.56775 0.37833037268518516 0.56075 0.3730017754629629 0.55925 0.3587921851851852 0.55875 0.3521314398148148 0.5605 0.3450266435185185 0.56425 0.34103019444444443 0.56925 0.34058614583333335 0.5745 0.3432504444444444 0.57875 0.3521314398148148 0.585 0.3592362337962963 0.5865
13 0.456483125 0.6402500000000001 0.46314387268518514 0.64125 0.4711367662037037 0.6405000000000001 0.48179396064814817 0.635 0.4853463587962963 0.631 0.48623445833333334 0.6225 0.48134991203703703 0.6152500000000001 0.4666962708333333 0.61025 0.45426287731481485 0.61125 0.4498223796296297 0.6125 0.44049733564814814 0.61725 0.437833037037037 0.62125 0.43738898842592594 0.6267499999999999 0.4409413865740741 0.6339999999999999 0.44582593287037037 0.637 0.456483125 0.6402500000000001
13 0.6505328587962963 0.6395000000000001 0.6589698055555556 0.6395000000000001 0.6651865 0.638 0.6722912962962964 0.63425 0.6767317939814815 0.62975 0.6776198935185185 0.6237499999999999 0.6758436944444445 0.6195 0.6718472476851851 0.6152500000000001 0.6611900532407406 0.611 0.6434280648148147 0.61175 0.6345470694444444 0.6155 0.6287744236111111 0.62175 0.6283303726851851 0.6277499999999999 0.6314387222222222 0.633 0.643872113425926 0.63825 0.6505328587962963 0.6395000000000001
13 0.7317939606481482 0.47600000000000003 0.7388987569444445 0.47775 0.748223800925926 0.47800000000000004 0.7615452939814815 0.475 0.7673179398148149 0.47125 0.770870337962963 0.46325 0.7673179398148149 0.45575 0.7624333935185185 0.45225000000000004 0.7522202476851851 0.44925 0.7375666064814815 0.45025000000000004 0.7295737129629629 0.452 0.7238010648148148 0.45599999999999996 0.7211367662037037 0.45975 0.7215808171296296 0.46649999999999997 0.727353462962963 0.47375 0.7317939606481482 0.47600000000000003