10 0.6296296296296297 0.3287037037037037 0.6319444444444444 0.33101851851851855 0.6412037037037037 0.33101851851851855 0.6527777777777778 0.33796296296296297 0.6574074074074074 0.33796296296296297 0.6712962962962963 0.3541666666666667 0.6712962962962963 0.3680555555555556 0.6689814814814815 0.3726851851851852 0.6597222222222222 0.3819444444444444 0.6527777777777778 0.38425925925925924 0.6481481481481481 0.3888888888888889 0.6365740740740741 0.39351851851851855 0.6296296296296297 0.39351851851851855 0.6273148148148148 0.3958333333333333 0.5879629629629629 0.3958333333333333 0.5856481481481481 0.39814814814814814 0.5856481481481481 0.4050925925925926 0.5717592592592593 0.4050925925925926 0.5694444444444444 0.4074074074074074 0.5578703703703703 0.4074074074074074 0.5509259259259259 0.39351851851851855 0.5439814814814815 0.39351851851851855 0.5416666666666666 0.3958333333333333 0.5370370370370371 0.39351851851851855 0.5324074074074074 0.39351851851851855 0.5300925925925926 0.3958333333333333 0.5046296296296297 0.3958333333333333 0.5 0.40046296296296297 0.5 0.4050925925925926 0.49537037037037035 0.4074074074074074 0.4722222222222222 0.4074074074074074 0.4699074074074074 0.4097222222222222 0.4675925925925926 0.39814814814814814 0.4652777777777778 0.3958333333333333 0.44675925925925924 0.3958333333333333 0.4444444444444444 0.39351851851851855 0.4444444444444444 0.37962962962962965 0.44907407407407407 0.375 0.4513888888888889 0.3773148148148148 0.4652777777777778 0.3773148148148148 0.4699074074074074 0.3726851851851852 0.4699074074074074 0.3611111111111111 0.4675925925925926 0.35648148148148145 0.46064814814814814 0.35185185185185186 0.4537037037037037 0.35185185185185186 0.4444444444444444 0.3472222222222222 0.4444444444444444 0.33564814814814814 0.44212962962962965 0.3333333333333333 0.4444444444444444 0.3287037037037037 0.4652777777777778 0.33101851851851855 0.48842592592592593 0.3402777777777778 0.4976851851851852 0.34953703703703703 0.4976851851851852 0.3541666666666667 0.5 0.35648148148148145 0.5 0.37037037037037035 0.5046296296296297 0.3773148148148148 0.5509259259259259 0.3773148148148148 0.5555555555555556 0.3726851851851852 0.5555555555555556 0.3541666666666667 0.5671296296296297 0.3402777777777778 0.5740740740740741 0.33796296296296297 0.5787037037037037 0.3333333333333333 0.5949074074074074 0.33101851851851855 0.5972222222222222 0.3287037037037037 0.6273148148148148 0.3287037037037037
6 0.5 0.4097222222222222 0.5115740740740741 0.4236111111111111 0.5162037037037037 0.4236111111111111 0.5185185185185185 0.42592592592592593 0.5486111111111112 0.42592592592592593 0.5532407407407407 0.4212962962962963 0.5532407407407407 0.41203703703703703 0.5555555555555556 0.4097222222222222 0.5833333333333334 0.4097222222222222 0.5856481481481481 0.41203703703703703 0.5856481481481481 0.4212962962962963 0.5902777777777778 0.42592592592592593 0.5995370370370371 0.42592592592592593 0.6018518518518519 0.4236111111111111 0.6319444444444444 0.42592592592592593 0.6574074074074074 0.4351851851851852 0.6666666666666666 0.4444444444444444 0.6712962962962963 0.4537037037037037 0.6712962962962963 0.4583333333333333 0.6666666666666666 0.4675925925925926 0.6550925925925926 0.4791666666666667 0.6296296296296297 0.48842592592592593 0.5902777777777778 0.48842592592592593 0.5856481481481481 0.4930555555555556 0.5856481481481481 0.5023148148148148 0.5601851851851852 0.5023148148148148 0.5555555555555556 0.5046296296296297 0.5532407407407407 0.5023148148148148 0.5532407407407407 0.4930555555555556 0.5509259259259259 0.49074074074074076 0.5162037037037037 0.49074074074074076 0.5115740740740741 0.4930555555555556 0.5023148148148148 0.5023148148148148 0.5023148148148148 0.5046296296296297 0.4791666666666667 0.5046296296296297 0.47685185185185186 0.5069444444444444 0.4722222222222222 0.5069444444444444 0.4722222222222222 0.49537037037037035 0.4837962962962963 0.4837962962962963 0.4976851851851852 0.47685185185185186 0.5023148148148148 0.47685185185185186 0.5046296296296297 0.47453703703703703 0.5162037037037037 0.47453703703703703 0.5185185185185185 0.4722222222222222 0.5509259259259259 0.4722222222222222 0.5532407407407407 0.4699074074074074 0.5532407407407407 0.44907407407407407 0.5462962962962963 0.44212962962962965 0.5439814814814815 0.4444444444444444 0.5416666666666666 0.44212962962962965 0.5069444444444444 0.44212962962962965 0.4837962962962963 0.43287037037037035 0.4722222222222222 0.4212962962962963 0.4699074074074074 0.4166666666666667 0.4699074074074074 0.41203703703703703 0.4722222222222222 0.4097222222222222 0.4976851851851852 0.4097222222222222
8 0.47453703703703703 0.5046296296296297 0.47685185185185186 0.5069444444444444 0.5 0.5069444444444444 0.5092592592592593 0.5162037037037037 0.5277777777777778 0.5231481481481481 0.5509259259259259 0.5208333333333334 0.5532407407407407 0.5185185185185185 0.5532407407407407 0.5092592592592593 0.5578703703703703 0.5046296296296297 0.5833333333333334 0.5046296296296297 0.5879629629629629 0.5115740740740741 0.5856481481481481 0.5162037037037037 0.5902777777777778 0.5208333333333334 0.6180555555555556 0.5185185185185185 0.6203703703703703 0.5208333333333334 0.6435185185185185 0.5231481481481481 0.6504629629629629 0.5277777777777778 0.6550925925925926 0.5277777777777778 0.6712962962962963 0.5416666666666666 0.6736111111111112 0.5462962962962963 0.6736111111111112 0.5625 0.6759259259259259 0.5648148148148148 0.6828703703703703 0.5648148148148148 0.6851851851851852 0.5671296296296297 0.6967592592592593 0.5671296296296297 0.6990740740740741 0.5648148148148148 0.7013888888888888 0.5671296296296297 0.7175925925925926 0.5671296296296297 0.7199074074074074 0.5694444444444444 0.7337962962962963 0.5717592592592593 0.7546296296296297 0.5833333333333334 0.7615740740740741 0.5972222222222222 0.7592592592592593 0.5995370370370371 0.7337962962962963 0.5995370370370371 0.7314814814814815 0.5972222222222222 0.7268518518518519 0.5972222222222222 0.7222222222222222 0.5902777777777778 0.7152777777777778 0.5856481481481481 0.6851851851851852 0.5856481481481481 0.6828703703703703 0.5833333333333334 0.6782407407407407 0.5833333333333334 0.6759259259259259 0.5856481481481481 0.6759259259259259 0.5972222222222222 0.6736111111111112 0.5995370370370371 0.6435185185185185 0.5995370370370371 0.6412037037037037 0.5972222222222222 0.6412037037037037 0.5879629629629629 0.6388888888888888 0.5856481481481481 0.6041666666666666 0.5856481481481481 0.6018518518518519 0.5833333333333334 0.5925925925925926 0.5833333333333334 0.5740740740740741 0.5763888888888888 0.5671296296296297 0.5717592592592593 0.5555555555555556 0.5578703703703703 0.5555555555555556 0.5393518518518519 0.5532407407407407 0.5370370370370371 0.5092592592592593 0.5370370370370371 0.5069444444444444 0.5347222222222222 0.49537037037037035 0.5324074074074074 0.4791666666666667 0.5231481481481481 0.4722222222222222 0.5138888888888888 0.4722222222222222 0.5069444444444444
3 0.5324074074074074 0.5694444444444444 0.5347222222222222 0.5717592592592593 0.5532407407407407 0.5717592592592593 0.5787037037037037 0.5833333333333334 0.5856481481481481 0.5925925925925926 0.5856481481481481 0.5972222222222222 0.5879629629629629 0.5995370370370371 0.5879629629629629 0.6157407407407407 0.5902777777777778 0.6180555555555556 0.6365740740740741 0.6180555555555556 0.6412037037037037 0.6134259259259259 0.6412037037037037 0.6041666666666666 0.6736111111111112 0.6041666666666666 0.6759259259259259 0.6064814814814815 0.6736111111111112 0.6157407407407407 0.6782407407407407 0.6203703703703703 0.6805555555555556 0.6180555555555556 0.6898148148148148 0.6180555555555556 0.6921296296296297 0.6203703703703703 0.6967592592592593 0.6180555555555556 0.7129629629629629 0.6180555555555556 0.7245370370370371 0.6041666666666666 0.7592592592592593 0.6041666666666666 0.7592592592592593 0.6134259259259259 0.7569444444444444 0.6180555555555556 0.7361111111111112 0.6319444444444444 0.7291666666666666 0.6319444444444444 0.7175925925925926 0.6365740740740741 0.6782407407407407 0.6365740740740741 0.6736111111111112 0.6412037037037037 0.6736111111111112 0.6504629629629629 0.6643518518518519 0.6504629629629629 0.6620370370370371 0.6527777777777778 0.6574074074074074 0.6527777777777778 0.6550925925925926 0.6504629629629629 0.6412037037037037 0.6504629629629629 0.6388888888888888 0.6412037037037037 0.6296296296296297 0.6365740740740741 0.5925925925925926 0.6365740740740741 0.5902777777777778 0.6342592592592593 0.5879629629629629 0.6365740740740741 0.5879629629629629 0.6435185185185185 0.5833333333333334 0.6504629629629629 0.5578703703703703 0.6504629629629629 0.5555555555555556 0.6481481481481481 0.5555555555555556 0.6365740740740741 0.5532407407407407 0.6342592592592593 0.5138888888888888 0.6342592592592593 0.5115740740740741 0.6319444444444444 0.5046296296296297 0.6319444444444444 0.4976851851851852 0.6273148148148148 0.48842592592592593 0.625 0.47453703703703703 0.6087962962962963 0.47453703703703703 0.5949074074074074 0.4791666666666667 0.5856481481481481 0.5046296296296297 0.5717592592592593 0.5231481481481481 0.5717592592592593 0.5254629629629629 0.5694444444444444 0.5300925925925926 0.5717592592592593
11 0.13987566666666668 0.6027375 0.14031971527777778 0.6094999999999999 0.14209591435185184 0.61125 0.14165186574074073 0.698 0.13987566666666668 0.70175 0.1385435162037037 0.71775 0.1407637662037037 0.73075 0.14831261111111113 0.7384999999999999 0.1505328587962963 0.73925 0.206483125 0.74 0.290408525462963 0.7384999999999999 0.293516875 0.7372500000000001 0.3059502662037037 0.7384999999999999 0.3392539953703704 0.7372500000000001 0.35657193518518515 0.738 0.38232682175925925 0.736 0.39387211342592593 0.738 0.4325044398148148 0.73775 0.4471580810185185 0.73625 0.45293072916666666 0.7365 0.458703375 0.73825 0.46447602083333334 0.73825 0.47690941435185186 0.7365 0.4884547060185185 0.73775 0.5750444050925926 0.73775 0.5870337476851852 0.73675 0.5945825925925926 0.7375 0.6323268217592592 0.7365 0.6647424513888889 0.737 0.7015985787037037 0.7354999999999999 0.7113676736111111 0.737 0.7166962708333334 0.73625 0.8241563055555555 0.737 0.8428063935185185 0.73575 0.8521314398148149 0.73775 0.854795736111111 0.73675 0.8596802847222222 0.7372500000000001 0.8716696273148149 0.73575 0.9009769097222221 0.73825 0.9214031967592592 0.73675 0.9276198935185185 0.7340000000000001 0.9298401412037037 0.731 0.9307282407407407 0.7225 0.9293960925925927 0.6957500000000001 0.9200710486111111 0.6799999999999999 0.9271758425925926 0.6677500000000001 0.9276198935185185 0.6515 0.9231793958333333 0.3405 0.9218472476851851 0.3285 0.9187388981481481 0.3215 0.9134103009259259 0.315 0.9005328587962963 0.306 0.8863232685185186 0.3005 0.8796625231481481 0.299 0.8627886319444444 0.29725 0.8374777986111112 0.29675 0.7961811712962963 0.298 0.5661634097222222 0.3 0.5328596805555555 0.3015 0.5177619884259259 0.30100000000000005 0.2158081712962963 0.30425 0.1793960925925926 0.3065 0.16429840046296298 0.31024999999999997 0.1505328587962963 0.31725 0.1456483125 0.321 0.13676731712962964 0.33099999999999996 0.13587921759259258 0.33725 0.14031971527777778 0.5155 0.13943161574074073 0.54125 0.1412078148148148 0.5645 0.13987566666666668 0.6027375
12 0.9454551504629629 0.6772750000000001 0.13658747685185185 0.6772750000000001 0.13658747685185185 0.74493 0.9454551504629629 0.74493 0.9454551504629629 0.6772750000000001
13 0.43472468981481477 0.37675 0.44182948379629633 0.37675 0.44937833101851854 0.37400000000000005 0.456483125 0.37325 0.4613676736111111 0.368 0.46314387268518514 0.3625 0.46092362268518516 0.35725 0.456483125 0.35375 0.4462699814814815 0.35100000000000003 0.44271758333333333 0.3505 0.440053287037037 0.35150000000000003 0.4316163402777778 0.35174999999999995 0.42184724768518517 0.356 0.4187388981481482 0.3605 0.41829484953703705 0.36625 0.42140319675925925 0.371 0.42850799305555554 0.3755 0.43472468981481477 0.37675
13 0.6039076365740741 0.37474999999999997 0.6163410300925926 0.3745 0.6265541736111111 0.373 0.6349911180555556 0.36774999999999997 0.6363232685185186 0.3625 0.6336589699074074 0.357 0.6283303726851851 0.35225 0.6221136759259259 0.34975 0.6158969814814815 0.3485 0.6052397870370371 0.34875 0.5932504444444445 0.3525 0.5896980462962963 0.356 0.5879218472222222 0.35874999999999996 0.5883658958333333 0.37050000000000005 0.5919182939814815 0.37375 0.6039076365740741 0.37474999999999997
13 0.689609236111111 0.42250000000000004 0.6998223796296296 0.42274999999999996 0.7095914745370371 0.42025 0.7135879212962963 0.41825 0.7184724699074074 0.4115 0.7184724699074074 0.40724999999999995 0.7126998217592593 0.4 0.706483125 0.39699999999999996 0.6962699814814814 0.39499999999999996 0.689609236111111 0.39549999999999996 0.6807282407407407 0.39849999999999997 0.6731793958333333 0.40549999999999997 0.6722912962962964 0.41200000000000003 0.6745115462962963 0.41575 0.6789520416666667 0.41900000000000004 0.689609236111111 0.42250000000000004
13 0.5155417407407408 0.422 0.522646537037037 0.42375 0.5279751342592592 0.42375 0.5417406759259259 0.422 0.5448490231481481 0.42075 0.5484014212962963 0.41550000000000004 0.5488454699074075 0.40850000000000003 0.5475133217592593 0.40425 0.5408525763888888 0.3995 0.5230905856481481 0.3975 0.5106571944444445 0.39849999999999997 0.5075488449074074 0.4 0.5048845462962963 0.40525000000000005 0.5039964467592593 0.40975 0.5057726458333334 0.41475 0.5088809953703703 0.41875 0.5155417407407408 0.422
13 0.3614564837962963 0.42624999999999996 0.3743339259259259 0.42100000000000004 0.37833037268518516 0.415 0.37833037268518516 0.41125 0.3765541736111111 0.40775 0.3690053287037037 0.40249999999999997 0.3627886319444445 0.40075 0.3481349907407407 0.40125 0.33880994675925924 0.4045 0.3352575486111111 0.40925 0.3361456481481482 0.4185 0.3450266435185185 0.42375 0.35257548842592595 0.42575 0.3614564837962963 0.42624999999999996
13 0.26865008796296297 0.47375 0.2766429837962963 0.474 0.28285968055555555 0.47275 0.2917406759259259 0.4675 0.29484902314814815 0.46175 0.2939609236111111 0.45725000000000005 0.290408525462963 0.45275 0.28285968055555555 0.4485 0.2713143865740741 0.448 0.26065719444444446 0.44899999999999995 0.25399644675925925 0.45249999999999996 0.25133214814814814 0.4555 0.250888099537037 0.46075000000000005 0.25532859722222223 0.46775000000000005 0.25888099537037035 0.47075 0.26865008796296297 0.47375
13 0.4356127893518518 0.47175 0.45026643055555554 0.4715 0.4604795740740741 0.46675 0.46447602083333334 0.46099999999999997 0.46403197222222226 0.4565 0.4591474236111111 0.4515 0.45159857870370373 0.44775 0.44271758333333333 0.447 0.4289520416666666 0.44825000000000004 0.42451154629629634 0.45 0.42140319675925925 0.45325 0.4205150972222222 0.46 0.4222912962962963 0.46449999999999997 0.42850799305555554 0.46925 0.4356127893518518 0.47175
13 0.5990230902777779 0.46925 0.6092362337962962 0.47025 0.6185612777777778 0.46974999999999995 0.6247779745370371 0.46775000000000005 0.6332149189814814 0.46299999999999997 0.6341030185185185 0.45525 0.6301065717592592 0.44975 0.6216696273148149 0.446 0.6136767314814814 0.4445 0.6021314398148149 0.44525000000000003 0.5963587916666667 0.44825000000000004 0.5919182939814815 0.45249999999999996 0.5910301944444444 0.45725000000000005 0.5932504444444445 0.4635 0.5950266435185185 0.467 0.5990230902777779 0.46925
13 0.7841918287037037 0.47025 0.7952930717592592 0.46799999999999997 0.8019538194444444 0.464 0.8046181180555556 0.46075000000000005 0.8055062175925926 0.45599999999999996 0.8023978680555556 0.4495 0.8001776203703704 0.44725 0.7930728240740741 0.44425 0.7775310833333333 0.444 0.7686500879629631 0.445 0.7628774421296297 0.44825000000000004 0.7588809953703703 0.45325 0.7584369444444445 0.45675 0.7611012430555555 0.46225 0.7757548842592592 0.46950000000000003 0.7841918287037037 0.47025
13 0.5293072824074074 0.51925 0.543516875 0.518 0.5466252222222222 0.5167499999999999 0.5497335694444444 0.512 0.5488454699074075 0.50775 0.5501776203703703 0.5045 0.5444049722222223 0.49624999999999997 0.5399644768518519 0.49475 0.5364120787037037 0.49525 0.5319715810185185 0.493 0.5248667847222221 0.49274999999999997 0.5155417407407408 0.4935 0.5084369444444444 0.498 0.5071047962962963 0.506 0.5084369444444444 0.512 0.5119893425925925 0.51575 0.5293072824074074 0.51925
13 0.6714031967592592 0.516 0.6762877453703703 0.5155 0.6816163402777777 0.5215000000000001 0.6851687384259258 0.5225 0.690053287037037 0.5217499999999999 0.6998223796296296 0.5225 0.7113676736111111 0.5195 0.7166962708333334 0.5195 0.7233570162037037 0.5155 0.7220248657407408 0.508 0.7246891643518518 0.505 0.7220248657407408 0.50225 0.7206927175925926 0.49424999999999997 0.7166962708333334 0.491 0.6904973356481482 0.4895 0.6833925393518518 0.49125 0.6807282407407407 0.491 0.6785079930555555 0.48775 0.6780639421296297 0.4895 0.6749555949074074 0.49025 0.6736234467592593 0.4925 0.666962699074074 0.49624999999999997 0.6656305509259259 0.49774999999999997 0.6660745995370371 0.50875 0.6678507986111112 0.51275 0.6714031967592592 0.516
13 0.3516873888888889 0.52 0.3627886319444445 0.52075 0.37033747685185187 0.51975 0.3809946712962963 0.513 0.38188277083333333 0.50825 0.38010657175925927 0.50125 0.3765541736111111 0.49825 0.36678508101851853 0.49475 0.35834813425925927 0.4945 0.3468028425925926 0.49675 0.33792184722222224 0.50225 0.3370337476851852 0.509 0.3392539953703704 0.51325 0.3445825925925926 0.51725 0.3516873888888889 0.52
13 0.27220248611111114 0.5680000000000001 0.27930728240740743 0.56725 0.29218472453703703 0.5635 0.29484902314814815 0.56125 0.29751332175925926 0.55625 0.29662522222222226 0.5505 0.2917406759259259 0.54675 0.2824156296296296 0.5435 0.27397868518518514 0.54275 0.26287744212962966 0.5445 0.25799289583333335 0.5465 0.2535523981481482 0.55075 0.2526642986111111 0.5569999999999999 0.2548845462962963 0.5605 0.2624333935185185 0.56575 0.27220248611111114 0.5680000000000001
13 0.44937833101851854 0.5665 0.4569271759259259 0.5650000000000001 0.4618117222222222 0.5619999999999999 0.4658081712962963 0.55725 0.4666962708333333 0.5535 0.4626998217592593 0.54675 0.45115453009259254 0.54225 0.4391651875 0.542 0.4289520416666666 0.5437500000000001 0.4249555949074074 0.5465 0.42317939583333336 0.5499999999999999 0.4227353472222222 0.556 0.4249555949074074 0.561 0.4387211365740741 0.5665 0.44937833101851854 0.5665
13 0.7873001782407407 0.5665 0.7930728240740741 0.5655 0.8023978680555556 0.561 0.8059502662037038 0.55775 0.8072824166666668 0.5525 0.8055062175925926 0.547 0.8019538194444444 0.5437500000000001 0.7930728240740741 0.54 0.7841918287037037 0.53925 0.7722024861111111 0.5405 0.7677619884259259 0.54225 0.7615452939814815 0.5485 0.7624333935185185 0.55725 0.7655417407407407 0.5605 0.7766429837962963 0.56575 0.7873001782407407 0.5665
13 0.6918294837962963 0.6122500000000001 0.6989342800925926 0.61325 0.706483125 0.61275 0.7158081712962963 0.61 0.7229129652777778 0.6024999999999999 0.7184724699074074 0.59375 0.7118117222222222 0.5885 0.7069271759259259 0.58725 0.6887211365740741 0.58775 0.6833925393518518 0.59075 0.6789520416666667 0.5957499999999999 0.6780639421296297 0.603 0.6793960925925927 0.60575 0.6865008888888888 0.611 0.6918294837962963 0.6122500000000001
13 0.5257548842592593 0.61475 0.5430728240740741 0.6152500000000001 0.5515097685185185 0.613 0.5537300185185186 0.606 0.5519538194444444 0.5954999999999999 0.5488454699074075 0.592 0.543516875 0.58975 0.5301953819444445 0.58775 0.5230905856481481 0.5885 0.5119893425925925 0.5925 0.5079928958333334 0.5985 0.5075488449074074 0.6027499999999999 0.5093250439814815 0.6064999999999999 0.5190941388888889 0.613 0.5257548842592593 0.61475
13 0.35124334027777776 0.61425 0.36944937731481486 0.6145 0.38055062268518514 0.6090000000000001 0.38277087037037033 0.604 0.38188277083333333 0.5975 0.3778863240740741 0.5932499999999999 0.36944937731481486 0.5895 0.3636767314814815 0.588 0.355239787037037 0.588 0.3459147430555556 0.59075 0.34058614583333335 0.5954999999999999 0.33880994675925924 0.5985 0.3392539953703704 0.60575 0.34147424537037036 0.6092500000000001 0.35124334027777776 0.61425
13 0.4471580810185185 0.6625 0.4538188287037037 0.6615 0.4591474236111111 0.66 0.4658081712962963 0.6549999999999999 0.46714031944444445 0.649 0.46492007175925926 0.64325 0.46092362268518516 0.64 0.45293072916666666 0.6365000000000001 0.43827708796296294 0.63675 0.4320603912037037 0.6385 0.4262877453703704 0.643 0.42451154629629634 0.6475000000000001 0.42406749537037036 0.651 0.4271758425925926 0.6557499999999999 0.4391651875 0.66175 0.4471580810185185 0.6625
13 0.6127886319444444 0.6615 0.626998224537037 0.6595 0.6323268217592592 0.6565 0.6372113680555556 0.651 0.6345470694444444 0.6417499999999999 0.6274422731481482 0.6377499999999999 0.6025754884259259 0.63825 0.5976909421296297 0.64225 0.5950266435185185 0.64675 0.5945825925925926 0.651 0.5963587916666667 0.6545000000000001 0.6021314398148149 0.6589999999999999 0.6127886319444444 0.6615
13 0.6096802847222222 0.5655 0.6203374768518519 0.5655 0.6349911180555556 0.5625 0.6372113680555556 0.55025 0.6296625231481481 0.542 0.6194493773148148 0.53925 0.604795736111111 0.54 0.5972468912037037 0.5415 0.5919182939814815 0.5457500000000001 0.5914742453703704 0.55175 0.5932504444444445 0.55725 0.5994671412037037 0.56325 0.6096802847222222 0.5655