9 0.49537037037037035 0.4351851851851852 0.4976851851851852 0.4375 0.5162037037037037 0.4375 0.5185185185185185 0.4398148148148148 0.5324074074074074 0.44212962962962965 0.5555555555555556 0.45601851851851855 0.5625 0.45601851851851855 0.5694444444444444 0.44907407407407407 0.5740740740740741 0.44907407407407407 0.5879629629629629 0.44212962962962965 0.6111111111111112 0.4398148148148148 0.6134259259259259 0.4375 0.6365740740740741 0.4375 0.6388888888888888 0.4398148148148148 0.6550925925925926 0.44212962962962965 0.6620370370370371 0.44675925925925924 0.6597222222222222 0.4513888888888889 0.6458333333333334 0.4583333333333333 0.6064814814814815 0.45601851851851855 0.5925925925925926 0.4652777777777778 0.5879629629629629 0.4652777777777778 0.5856481481481481 0.4675925925925926 0.5856481481481481 0.4722222222222222 0.5995370370370371 0.48148148148148145 0.5787037037037037 0.4930555555555556 0.5717592592592593 0.4930555555555556 0.5625 0.4861111111111111 0.5532407407407407 0.4837962962962963 0.5324074074074074 0.4976851851851852 0.5277777777777778 0.4976851851851852 0.5185185185185185 0.5023148148148148 0.5092592592592593 0.5023148148148148 0.5069444444444444 0.5046296296296297 0.4837962962962963 0.5046296296296297 0.48148148148148145 0.5023148148148148 0.4722222222222222 0.5023148148148148 0.4652777777777778 0.4976851851851852 0.4583333333333333 0.4976851851851852 0.44907407407407407 0.4930555555555556 0.4351851851851852 0.47685185185185186 0.4351851851851852 0.46296296296296297 0.44907407407407407 0.44675925925925924 0.4652777777777778 0.4398148148148148 0.48842592592592593 0.4375 0.4930555555555556 0.4351851851851852
11 0.05017762037037037 0.26375 0.04928952083333333 0.265 0.04928952083333333 0.2805 0.05017762037037037 0.28925 0.0532859675925926 0.29375 0.0532859675925926 0.30025 0.055950266203703705 0.303 0.05239786805555555 0.30725 0.05239786805555555 0.31525 0.05506216666666667 0.3385 0.058170516203703705 0.34149999999999997 0.05728241666666666 0.34525 0.058614564814814814 0.34675 0.060390763888888886 0.42875 0.06616340972222222 0.43475 0.06705150925925926 0.44075 0.06971580787037036 0.44175000000000003 0.07415630555555557 0.4475 0.06616340972222222 0.5095000000000001 0.06749556018518518 0.51175 0.07460035416666667 0.6649999999999999 0.07726465277777778 0.6799999999999999 0.08081705092592592 0.6815 0.08436944907407408 0.68075 0.08570159953703704 0.6815 0.08081705092592592 0.68775 0.08126110185185186 0.691 0.08836589583333333 0.690625 0.08925399537037038 0.694 0.09547069212962962 0.69425 0.09769094212962963 0.69275 0.0968028425925926 0.6862499999999999 0.1043516875 0.6857500000000001 0.10834813425925925 0.68825 0.11101243287037038 0.6935 0.12166962731481482 0.6975 0.11900532870370371 0.69925 0.12078152777777777 0.7025 0.12033747685185185 0.7065 0.12300177546296297 0.708 0.13010657175925924 0.70875 0.14831261111111113 0.7032499999999999 0.15452930787037036 0.705 0.1598579050925926 0.70225 0.16740675 0.7030000000000001 0.17095914814814817 0.701 0.17850799305555556 0.701 0.18028419212962965 0.6995 0.2015985787037037 0.7005 0.206483125 0.70225 0.2135879212962963 0.70225 0.21980461805555557 0.70375 0.2353463587962963 0.7042499999999999 0.3250444050925926 0.7020000000000001 0.35834813425925927 0.7025 0.37744227314814816 0.701 0.49200710416666665 0.701 0.5008880995370371 0.7 0.5759325046296296 0.69925 0.5803730023148148 0.698 0.5883658958333333 0.6995 0.5936944930555555 0.69825 0.6007992893518519 0.69925 0.6056838356481481 0.69825 0.6194493773148148 0.6990000000000001 0.6247779745370371 0.69825 0.6607460046296296 0.6985 0.664298400462963 0.69775 0.668294849537037 0.69875 0.6776198935185185 0.6975 0.7029307291666667 0.69775 0.7055950277777777 0.697 0.7144760208333333 0.69825 0.7171403194444445 0.6975 0.8259325046296296 0.69675 0.8521314398148149 0.694 0.8645648310185186 0.6880000000000001 0.8694493773148148 0.6869999999999999 0.8796625231481481 0.681 0.8894316157407408 0.66825 0.8912078148148148 0.6625 0.8912078148148148 0.63275 0.8827708703703704 0.486 0.8832149189814814 0.4635 0.876998224537037 0.33475 0.874333925925926 0.3315 0.8752220254629629 0.321 0.8725577268518518 0.30450000000000005 0.874333925925926 0.28400000000000003 0.8721136759259259 0.265 0.8658969814814815 0.2485 0.8619005324074074 0.2485 0.8596802847222222 0.245 0.8481349907407407 0.23775 0.8388099467592594 0.23375 0.8188277083333333 0.23149999999999998 0.8183836597222223 0.23074999999999998 0.7797513310185186 0.23 0.770870337962963 0.23125 0.7686500879629631 0.23074999999999998 0.7633214930555555 0.23249999999999998 0.7566607453703703 0.23224999999999998 0.7553285972222222 0.23074999999999998 0.7535523981481481 0.23074999999999998 0.751776199074074 0.23149999999999998 0.7184724699074074 0.23249999999999998 0.689609236111111 0.23475000000000001 0.6856127893518519 0.23399999999999999 0.6816163402777777 0.23525 0.6736234467592593 0.2335 0.646980462962963 0.23324999999999999 0.6416518657407407 0.23424999999999999 0.6398756666666666 0.23625000000000002 0.6358792175925926 0.237 0.6301065717592592 0.23525 0.6167850810185186 0.23424999999999999 0.6136767314814814 0.23625000000000002 0.6096802847222222 0.237 0.6056838356481481 0.23575 0.5985790416666666 0.23625000000000002 0.5954706921296297 0.23525 0.5923623449074074 0.236 0.5883658958333333 0.23525 0.58259325 0.237 0.5603907638888889 0.23575 0.5555062175925927 0.23725000000000002 0.5368561273148148 0.2395 0.5324156296296296 0.23925 0.5261989351851851 0.237 0.5213143865740741 0.2375 0.518650087962963 0.23650000000000002 0.4849023101851852 0.23825000000000002 0.43516873842592596 0.23800000000000002 0.3885435162037037 0.241 0.3645648310185185 0.24000000000000002 0.3592362337962963 0.241 0.3134991111111111 0.24125 0.2810834814814815 0.24275 0.27264653703703706 0.24425000000000002 0.26154529398148146 0.24275 0.22380106481481482 0.24325 0.2158081712962963 0.24425000000000002 0.206483125 0.2435 0.18827708796296297 0.245 0.17628774537037037 0.24475 0.16918294907407408 0.2465 0.1647424513888889 0.24525 0.1620781527777778 0.2485 0.14875665972222224 0.24825 0.14031971527777778 0.2455 0.13543516898148147 0.24675 0.11589698148148148 0.2435 0.11190053240740741 0.24375 0.10568383564814815 0.242 0.09369449305555556 0.242 0.09147424537037037 0.24125 0.08658969907407409 0.243 0.08126110185185186 0.24250000000000002 0.05373001851851852 0.24625 0.04973356944444445 0.251 0.05373001851851852 0.259 0.058170516203703705 0.25975 0.058170516203703705 0.26225 0.05017762037037037 0.26375
12 0.1615475138888889 0.225505 0.038976465277777775 0.225505 0.038976465277777775 0.7165900000000001 0.1615475138888889 0.7165900000000001 0.1615475138888889 0.225505
13 0.3912078148148148 0.33475 0.4000888101851852 0.3355 0.4076376550925926 0.33475 0.41252220138888884 0.3335 0.42140319675925925 0.328 0.42317939583333336 0.3245 0.42140319675925925 0.31675000000000003 0.4169626990740741 0.3125 0.4080817060185185 0.30824999999999997 0.3978685601851852 0.30725 0.38676731712962964 0.30874999999999997 0.38232682175925925 0.31075 0.3756660740740741 0.3175 0.37522202546296296 0.321 0.37966252314814813 0.3285 0.38365896990740744 0.332 0.3912078148148148 0.33475
13 0.5746003541666667 0.33075 0.5870337476851852 0.3305 0.5985790416666666 0.32399999999999995 0.6003552407407406 0.31575 0.5981349907407407 0.3105 0.5839254004629629 0.30425 0.5794849027777778 0.3035 0.5701598587962963 0.30425 0.559946712962963 0.30874999999999997 0.5550621666666666 0.31425 0.5550621666666666 0.3215 0.5590586134259259 0.3255 0.5661634097222222 0.32925 0.5746003541666667 0.33075
13 0.6731793958333333 0.38025 0.6851687384259258 0.3775 0.689609236111111 0.3745 0.6931616342592593 0.36975 0.6936056828703704 0.366 0.690053287037037 0.35825 0.6851687384259258 0.35475 0.6762877453703703 0.352 0.668294849537037 0.35174999999999995 0.6611900532407406 0.35325 0.6505328587962963 0.35725 0.6465364120370369 0.362 0.6460923634259259 0.36724999999999997 0.6505328587962963 0.3755 0.6607460046296296 0.38025 0.6731793958333333 0.38025
13 0.4924511550925926 0.38525 0.49822380092592594 0.38475 0.5053285972222222 0.38225000000000003 0.5128774421296296 0.3765 0.5142095925925926 0.37375 0.5128774421296296 0.3665 0.5084369444444444 0.3615 0.5008880995370371 0.35800000000000004 0.4875666064814815 0.357 0.48046181250000003 0.35825 0.4733570162037037 0.361 0.46847246990740743 0.366 0.4698046180555555 0.37625 0.477353462962963 0.38175 0.4844582592592592 0.38425000000000004 0.4924511550925926 0.38525
13 0.3143872106481482 0.38675 0.3272646527777778 0.3845 0.33436944907407407 0.3805 0.33570159953703704 0.37124999999999997 0.3330373009259259 0.36625 0.3263765532407408 0.3625 0.31927175925925927 0.361 0.3068383657407407 0.36024999999999996 0.29706927083333334 0.3625 0.29218472453703703 0.36700000000000005 0.2908525763888889 0.37675 0.2930728240740741 0.3805 0.29973356944444446 0.38475 0.3143872106481482 0.38675
13 0.22158081712962965 0.43925 0.22735346296296297 0.44075 0.24111900462962962 0.44175000000000003 0.2446714027777778 0.43825000000000003 0.2482238009259259 0.4395 0.24911190046296297 0.432 0.2531083472222222 0.42875 0.24866785185185183 0.41675 0.23401421064814815 0.40975 0.22291296527777776 0.41074999999999995 0.21802841898148148 0.413 0.2135879212962963 0.413 0.20959147453703703 0.4145 0.206483125 0.41825 0.20515097685185182 0.4265 0.2069271759259259 0.43125 0.21003552314814816 0.43374999999999997 0.22158081712962965 0.43925
13 0.41252220138888884 0.43825000000000003 0.4151865 0.43925 0.42007104861111116 0.43374999999999997 0.4236234467592592 0.4325 0.4302841921296296 0.43275 0.4316163402777778 0.42875 0.4293960925925926 0.416 0.4271758425925926 0.41325 0.4147424513888889 0.40724999999999995 0.39698046296296297 0.40700000000000003 0.38676731712962964 0.41125 0.38277087037037033 0.416 0.3765541736111111 0.41900000000000004 0.37833037268518516 0.42775 0.3903197152777778 0.43625 0.4005328587962963 0.44025 0.41252220138888884 0.43825000000000003
13 0.5741563055555555 0.43174999999999997 0.5892539953703704 0.43275 0.6039076365740741 0.42600000000000005 0.606127886574074 0.422 0.6039076365740741 0.41375 0.6016873888888888 0.41074999999999995 0.5923623449074074 0.40675 0.5781527523148148 0.40599999999999997 0.5714920069444445 0.40724999999999995 0.5634991111111111 0.41050000000000003 0.559946712962963 0.415 0.5595026643518518 0.42175 0.5630550625 0.4265 0.5674955601851852 0.42950000000000005 0.5741563055555555 0.43174999999999997
13 0.7588809953703703 0.42824999999999996 0.772646537037037 0.42824999999999996 0.7788632337962963 0.42624999999999996 0.7855239791666667 0.42175 0.7877442268518519 0.416 0.7864120787037037 0.41025 0.7828596805555555 0.40599999999999997 0.7722024861111111 0.40199999999999997 0.7650976898148149 0.401 0.751776199074074 0.403 0.7428952037037037 0.40700000000000003 0.7393428055555555 0.4125 0.7393428055555555 0.41825 0.7433392546296297 0.423 0.748223800925926 0.42575 0.7588809953703703 0.42824999999999996
13 0.6678507986111112 0.4805 0.6793960925925927 0.48075 0.6847246898148148 0.47950000000000004 0.6936056828703704 0.47425 0.6971580810185185 0.47025 0.6958259328703704 0.46225 0.6922735347222222 0.45925 0.6816163402777777 0.45525 0.6718472476851851 0.45425 0.6647424513888889 0.4555 0.6567495555555555 0.45925 0.6518650092592593 0.46375 0.6509769097222221 0.46825 0.6527531087962963 0.47425 0.6585257546296297 0.47825 0.6678507986111112 0.4805
13 0.5013321481481482 0.48425 0.5088809953703703 0.48225 0.516873888888889 0.477 0.5182060393518518 0.47125 0.5150976898148149 0.46325 0.5048845462962963 0.45875 0.4977797523148148 0.45775 0.4853463587962963 0.4585 0.4738010648148148 0.46475 0.4724689166666667 0.46775000000000005 0.4733570162037037 0.47725 0.479573712962963 0.48150000000000004 0.4871225578703704 0.48374999999999996 0.5013321481481482 0.48425
13 0.32548845370370366 0.4865 0.3312611018518518 0.48574999999999996 0.33880994675925924 0.4825 0.3432504444444444 0.47725 0.3432504444444444 0.47100000000000003 0.3383658958333334 0.466 0.333481349537037 0.46299999999999997 0.32460035416666666 0.46075000000000005 0.30728241666666667 0.4625 0.3015097685185185 0.466 0.29840142129629627 0.4705 0.29751332175925926 0.477 0.29973356944444446 0.48024999999999995 0.3112788634259259 0.486 0.32548845370370366 0.4865
13 0.22735346296296297 0.5375 0.2402309050925926 0.53725 0.25177619907407406 0.5335 0.2562166967592593 0.52675 0.25532859722222223 0.519 0.2442273541666667 0.51275 0.23801065740740743 0.5115 0.22335701620370368 0.5125000000000001 0.21492007175925926 0.51625 0.2113676736111111 0.521 0.21003552314814816 0.5255 0.2113676736111111 0.52925 0.21980461805555557 0.53625 0.22735346296296297 0.5375
13 0.4054174074074074 0.53425 0.4147424513888889 0.53475 0.42184724768518517 0.5335 0.4293960925925926 0.52925 0.43294849074074077 0.5257499999999999 0.43383659027777777 0.52 0.43072824074074073 0.5145000000000001 0.4249555949074074 0.511 0.4151865 0.5085 0.4014209583333333 0.5095000000000001 0.3929840138888889 0.5135 0.3889875671296296 0.51825 0.3885435162037037 0.5225 0.39387211342592593 0.5305 0.39742451157407405 0.5325 0.4054174074074074 0.53425
13 0.5781527523148148 0.5305 0.5901420949074074 0.5317500000000001 0.5963587916666667 0.5307499999999999 0.606127886574074 0.52675 0.6096802847222222 0.5225 0.6105683842592592 0.51825 0.6070159861111111 0.5115 0.6025754884259259 0.50825 0.5976909421296297 0.507 0.583481349537037 0.50625 0.5750444050925926 0.50725 0.5697158078703703 0.51 0.5652753101851852 0.51525 0.5643872106481482 0.52025 0.5670515092592593 0.52525 0.5728241574074074 0.52925 0.5781527523148148 0.5305
13 0.7615452939814815 0.5295 0.7761989351851852 0.5295 0.7835999120370369 0.52658325 0.789520425925926 0.522 0.7912966250000001 0.519 0.7904085254629629 0.5105 0.7864120787037037 0.5065 0.7810834814814815 0.504 0.7704262870370371 0.5027499999999999 0.7557726458333334 0.50375 0.7468916527777778 0.5075000000000001 0.7442273541666666 0.5115 0.7442273541666666 0.51925 0.7464476018518519 0.52275 0.7557726458333334 0.52775 0.7615452939814815 0.5295
13 0.6780639421296297 0.58075 0.6865008888888888 0.58025 0.6949378333333334 0.578 0.7015985787037037 0.5725 0.7033747777777778 0.56775 0.6998223796296296 0.5595 0.6936056828703704 0.5565 0.6820603912037037 0.55425 0.6740674953703704 0.55425 0.6651865 0.5565 0.6603019537037037 0.56025 0.6571936064814815 0.5650000000000001 0.6567495555555555 0.57125 0.6598579050925926 0.5755 0.6647424513888889 0.578 0.6780639421296297 0.58075
13 0.3210479583333334 0.587 0.32460035416666666 0.587 0.3272646527777778 0.58475 0.3312611018518518 0.58575 0.333925400462963 0.58525 0.3383658958333334 0.58675 0.3419182939814815 0.58325 0.3476909421296296 0.58525 0.3521314398148148 0.585 0.3516873888888889 0.56725 0.3485790416666667 0.566 0.3459147430555556 0.56175 0.3383658958333334 0.55875 0.3241563055555556 0.559 0.30950266435185186 0.5615 0.3028419189814815 0.571 0.3023978680555555 0.578 0.31039076388888887 0.585 0.31261101157407406 0.58475 0.3210479583333334 0.587
13 0.49067495601851846 0.586 0.5062166967592593 0.58675 0.5119893425925925 0.5855 0.5146536412037037 0.5825 0.5266429837962963 0.58 0.5306394305555555 0.56775 0.5275310833333333 0.56375 0.5301953819444445 0.56075 0.5235346365740741 0.5525 0.5164298402777777 0.55225 0.5124333935185186 0.55125 0.5119893425925925 0.5499999999999999 0.5106571944444445 0.5515 0.5071047962962963 0.55175 0.5048845462962963 0.5499999999999999 0.47690941435185186 0.55675 0.4738010648148148 0.55925 0.4738010648148148 0.57575 0.477353462962963 0.5795 0.4840142106481482 0.5812499999999999 0.49067495601851846 0.586
13 0.4222912962962963 0.635 0.4320603912037037 0.633 0.43960923611111113 0.6237499999999999 0.4387211365740741 0.6160000000000001 0.4365008888888889 0.6122500000000001 0.42539964583333334 0.6085 0.41429840046296296 0.6075 0.4045293078703704 0.6092500000000001 0.39653641203703704 0.6134999999999999 0.39342806481481485 0.618 0.39342806481481485 0.6255000000000001 0.39742451157407405 0.6305 0.4107460046296296 0.63525 0.4222912962962963 0.635
13 0.5963587916666667 0.63275 0.6056838356481481 0.631 0.6105683842592592 0.62825 0.6158969814814815 0.6230000000000001 0.6163410300925926 0.6155 0.6145648310185186 0.6122500000000001 0.6074600347222222 0.6082500000000001 0.5985790416666666 0.6052500000000001 0.5812611018518519 0.60575 0.5741563055555555 0.61075 0.5706039074074074 0.61575 0.5701598587962963 0.62025 0.5741563055555555 0.6275 0.5883658958333333 0.63225 0.5963587916666667 0.63275