2 0.3194444444444444 0.45601851851851855 0.3194444444444444 0.4699074074074074 0.3263888888888889 0.47453703703703703 0.3472222222222222 0.47453703703703703 0.34953703703703703 0.4722222222222222 0.3541666666666667 0.4722222222222222 0.35648148148148145 0.47453703703703703 0.375 0.47453703703703703 0.38657407407407407 0.4699074074074074 0.38657407407407407 0.45601851851851855 0.3888888888888889 0.4537037037037037 0.42824074074074076 0.4537037037037037 0.43287037037037035 0.45601851851851855 0.43287037037037035 0.4675925925925926 0.4375 0.47453703703703703 0.47685185185185186 0.47453703703703703 0.4791666666666667 0.47685185185185186 0.4930555555555556 0.47685185185185186 0.5254629629629629 0.48842592592592593 0.5416666666666666 0.5023148148148148 0.5462962962962963 0.5115740740740741 0.5462962962962963 0.5185185185185185 0.5439814814814815 0.5208333333333334 0.5138888888888888 0.5208333333333334 0.5115740740740741 0.5185185185185185 0.5023148148148148 0.5185185185185185 0.4976851851851852 0.5115740740740741 0.4861111111111111 0.5023148148148148 0.4791666666666667 0.5023148148148148 0.47685185185185186 0.5 0.4513888888888889 0.5 0.44907407407407407 0.4976851851851852 0.4398148148148148 0.4976851851851852 0.4351851851851852 0.5 0.43287037037037035 0.5023148148148148 0.43287037037037035 0.5162037037037037 0.42824074074074076 0.5162037037037037 0.42592592592592593 0.5185185185185185 0.3912037037037037 0.5185185185185185 0.38657407407407407 0.5162037037037037 0.38657407407407407 0.5023148148148148 0.3819444444444444 0.4976851851851852 0.32407407407407407 0.4976851851851852 0.3194444444444444 0.5023148148148148 0.3194444444444444 0.5138888888888888 0.31712962962962965 0.5162037037037037 0.26851851851851855 0.5162037037037037 0.2662037037037037 0.5115740740740741 0.26851851851851855 0.5092592592592593 0.26851851851851855 0.5023148148148148 0.2638888888888889 0.4976851851851852 0.24768518518518517 0.4976851851851852 0.24537037037037038 0.49537037037037035 0.24074074074074073 0.49537037037037035 0.23842592592592593 0.4976851851851852 0.22685185185185186 0.4976851851851852 0.22453703703703703 0.5 0.21296296296296297 0.5023148148148148 0.2013888888888889 0.5162037037037037 0.1875 0.5162037037037037 0.18518518518518517 0.5185185185185185 0.1527777777777778 0.5185185185185185 0.15046296296296297 0.5138888888888888 0.1550925925925926 0.5023148148148148 0.16898148148148148 0.48842592592592593 0.18287037037037038 0.48148148148148145 0.1875 0.48148148148148145 0.19675925925925927 0.47685185185185186 0.20601851851851852 0.47685185185185186 0.20833333333333334 0.47453703703703703 0.26157407407407407 0.47453703703703703 0.26851851851851855 0.4699074074074074 0.26851851851851855 0.45601851851851855 0.2708333333333333 0.4537037037037037 0.3148148148148148 0.4537037037037037 0.31712962962962965 0.45601851851851855
11 0 0.6582499999999999 0.004884546296296296 0.6685 0.012877442129629631 0.6685 0.019982238425925926 0.66675 0.025754884259259262 0.6677500000000001 0.028863233796296295 0.6665 0.039520425925925924 0.66875 0.04662522222222222 0.6689999999999999 0.0608348125 0.6689999999999999 0.06483126157407407 0.66725 0.07415630555555557 0.66875 0.08348134953703704 0.66875 0.08880994675925925 0.6675 0.12344582638888889 0.6689999999999999 0.12921847222222224 0.67025 0.13365896990740742 0.6695 0.13676731712962964 0.67125 0.1407637662037037 0.67025 0.14342806481481482 0.6735 0.15008881018518516 0.6755 0.15186500925925925 0.6787500000000001 0.15408525694444444 0.67975 0.15630550694444445 0.6789999999999999 0.1549733564814815 0.67625 0.15941385416666665 0.6725 0.16385435185185185 0.6722499999999999 0.1647424513888889 0.67325 0.16607459953703702 0.67125 0.17806394212962964 0.6715000000000001 0.17850799305555556 0.6729999999999999 0.18206039120370368 0.67 0.18516873842592593 0.671 0.18960923611111113 0.66975 0.19849023148148148 0.67025 0.2015985787037037 0.66925 0.2144760208333333 0.67 0.22868561342592594 0.66825 0.24644760185185183 0.6745 0.2442273541666667 0.677 0.2446714027777778 0.6792499999999999 0.24866785185185183 0.678 0.25177619907407406 0.6795 0.2548845462962963 0.67325 0.26687388888888885 0.6689999999999999 0.27087033796296295 0.67 0.28285968055555555 0.67025 0.2873001782407407 0.66925 0.2961811712962963 0.6695 0.30639431712962967 0.6677500000000001 0.31039076388888887 0.66875 0.31394316203703704 0.668 0.3210479583333334 0.6705 0.3303730023148148 0.6689999999999999 0.3383658958333334 0.67025 0.34280639351851855 0.66925 0.3516873888888889 0.6705 0.36323268287037036 0.67 0.36678508101851853 0.6707500000000001 0.38277087037037033 0.6685 0.39387211342592593 0.6715000000000001 0.40941385416666665 0.66975 0.41740675 0.671 0.42451154629629634 0.66975 0.4320603912037037 0.67125 0.456483125 0.6707500000000001 0.4626998217592593 0.6722499999999999 0.4675843703703703 0.67125 0.4853463587962963 0.6715000000000001 0.49422735416666663 0.6705 0.5048845462962963 0.6735 0.5190941388888889 0.6715000000000001 0.5386323263888889 0.67325 0.5492895208333333 0.6717500000000001 0.5586145648148149 0.674 0.5679396087962962 0.674 0.5763765532407408 0.6719999999999999 0.5843694490740741 0.67275 0.6092362337962962 0.6719999999999999 0.6132326828703704 0.67325 0.6363232685185186 0.6729999999999999 0.6531971574074075 0.674 0.7158081712962963 0.6729999999999999 0.7251332152777777 0.674 0.7486678518518518 0.67275 0.7513321481481482 0.67375 0.7619893425925925 0.6729999999999999 0.7655417407407407 0.674 0.7766429837962963 0.67425 0.7877442268518519 0.6729999999999999 0.7930728240740741 0.675 0.8507992893518519 0.6745 0.8627886319444444 0.67525 0.8774422731481482 0.675 0.8867673171296296 0.67375 0.8903197152777778 0.6747500000000001 0.8996447592592594 0.674 0.9147424513888889 0.67625 0.9493783310185185 0.6722499999999999 0.9560390763888889 0.6722499999999999 0.9733570162037037 0.66825 0.9871225578703703 0.663 0.9955595023148148 0.65725 0.9973357013888888 0.64375 0.999555951388889 0.643 0.999555951388889 0.11925 0.9968916527777778 0.1165 0.9964476018518519 0.11349999999999999 0.9964476018518519 0.07125000000000001 0.9951154537037037 0.06849999999999999 0.9906749560185185 0.0695 0.9809058611111111 0.066 0.9809058611111111 0.06375 0.9738010648148148 0.063 0.9218472476851851 0.063 0.9178507986111112 0.06225 0.9094138541666666 0.06725 0.8934280648148147 0.0675 0.8925399652777778 0.06849999999999999 0.8632326828703704 0.06575 0.8627886319444444 0.06375 0.8592362337962962 0.06375 0.8570159861111111 0.065 0.8512433402777778 0.064 0.8485790416666666 0.065 0.8494671412037037 0.06925 0.8459147430555555 0.07024999999999999 0.8419182939814815 0.06925 0.8348135 0.06975 0.831705150462963 0.06775 0.8312611018518519 0.064 0.8223801064814815 0.072 0.8183836597222223 0.07325 0.8152753101851852 0.07575 0.7966252222222222 0.06975 0.7930728240740741 0.0635 0.7890763773148147 0.0645 0.7753108356481482 0.064 0.7730905856481483 0.0665 0.7642095925925927 0.06525 0.7624333935185185 0.06874999999999999 0.7588809953703703 0.06999999999999999 0.7548845462962963 0.066 0.7535523981481481 0.067 0.7539964467592593 0.0705 0.7455595023148148 0.0745 0.7335701597222223 0.07175 0.7344582592592593 0.0675 0.7242451157407408 0.064 0.6922735347222222 0.06425 0.690053287037037 0.06725 0.6851687384259258 0.06775 0.6811722916666667 0.06674999999999999 0.6785079930555555 0.064 0.6727353472222222 0.06525 0.6678507986111112 0.06375 0.6603019537037037 0.06625 0.6505328587962963 0.06325 0.6443161643518519 0.06525 0.6380994675925926 0.064 0.6292184722222223 0.06575 0.6190053287037037 0.065 0.6167850810185186 0.06775 0.6141207824074074 0.06825 0.6092362337962962 0.066 0.5994671412037037 0.06625 0.5981349907407407 0.06425 0.5950266435185185 0.064 0.5914742453703704 0.068 0.5852575486111111 0.069 0.5812611018518519 0.064 0.5772646527777778 0.06575 0.5275310833333333 0.06525 0.5261989351851851 0.0645 0.5239786851851852 0.06775 0.5217584375 0.06849999999999999 0.518650087962963 0.06775 0.5155417407407408 0.069 0.5088809953703703 0.0665 0.5039964467592593 0.06674999999999999 0.501776199074074 0.06575 0.456483125 0.06575 0.44671403240740737 0.06775 0.43472468981481477 0.0675 0.43294849074074077 0.06874999999999999 0.4280639421296296 0.067 0.42451154629629634 0.067 0.42007104861111116 0.0695 0.41119005324074076 0.0665 0.4076376550925926 0.0675 0.4049733564814815 0.0745 0.4014209583333333 0.07525000000000001 0.39209591435185187 0.07125000000000001 0.39209591435185187 0.06775 0.3863232685185185 0.0665 0.3730017754629629 0.0675 0.33081705092592595 0.066 0.32593250462962964 0.06725 0.3237122546296296 0.069 0.31660746064814815 0.067 0.31305506250000004 0.0675 0.3086145648148148 0.07225 0.3037300185185185 0.074 0.3001776203703703 0.07375 0.29751332175925926 0.07225 0.29662522222222226 0.0675 0.28996447685185184 0.0665 0.27309058564814814 0.067 0.26865008796296297 0.069 0.22735346296296297 0.0675 0.22468916435185185 0.07175 0.1993783310185185 0.07075 0.19138543518518517 0.07425 0.18561278935185185 0.07375 0.18339253935185185 0.07875 0.1722912962962963 0.08025 0.16829484953703702 0.07575 0.16429840046296298 0.07875 0.16119005324074073 0.0785 0.1598579050925926 0.07625 0.15452930787037036 0.07375 0.15008881018518516 0.0735 0.14387211342592593 0.07100000000000001 0.13010657175925924 0.07100000000000001 0.123889875 0.0725 0.11634103009259258 0.06999999999999999 0.025754884259259262 0.072 0.02220248611111111 0.07475 0.014653641203703703 0.072 0.00666074537037037 0.07375 0.004440497685185185 0.0755 0 0.08725 0 0.6582499999999999
12 0 0.13671125 0.999555951388889 0.13671125 0.999555951388889 0.06009875 0 0.06009875 0 0.13671125
13 0.3419182939814815 0.20725 0.355239787037037 0.20850000000000002 0.36989342824074073 0.20775000000000002 0.38010657175925927 0.20350000000000001 0.38454706944444444 0.19949999999999998 0.38587921759259264 0.1965 0.38454706944444444 0.18625 0.3809946712962963 0.1815 0.3730017754629629 0.17575000000000002 0.3619005324074074 0.17425 0.3463587916666666 0.17525 0.33436944907407407 0.18000000000000002 0.3277087037037037 0.18700000000000003 0.32682060416666664 0.194 0.32992895138888884 0.2 0.33170515046296295 0.20199999999999999 0.3419182939814815 0.20725
13 0.5777087037037036 0.20700000000000002 0.5901420949074074 0.208 0.6016873888888888 0.20725 0.6114564837962964 0.20350000000000001 0.6185612777777778 0.197 0.6194493773148148 0.191 0.6163410300925926 0.18275 0.6074600347222222 0.17650000000000002 0.5972468912037037 0.17375000000000002 0.5839254004629629 0.17325 0.5732682060185185 0.17550000000000002 0.5630550625 0.182 0.5590586134259259 0.18925 0.5595026643518518 0.19599999999999998 0.5634991111111111 0.2005 0.5679396087962962 0.204 0.5777087037037036 0.20700000000000002
13 0.2206927175925926 0.272 0.2309058611111111 0.27425 0.2446714027777778 0.2755 0.24689165277777778 0.27399999999999997 0.2548845462962963 0.27325 0.26154529398148146 0.27075 0.26865008796296297 0.26475 0.26998223842592595 0.26175 0.26865008796296297 0.252 0.2619893425925926 0.2455 0.25177619907407406 0.24075000000000002 0.2304618125 0.2405 0.21936056944444446 0.2445 0.21225577314814817 0.25175 0.21047957407407408 0.255 0.2113676736111111 0.263 0.2135879212962963 0.26675 0.2206927175925926 0.272
13 0.4698046180555555 0.27275 0.4849023101851852 0.272 0.49067495601851846 0.27075 0.4977797523148148 0.26575 0.501776199074074 0.25975 0.501776199074074 0.25475000000000003 0.4964476018518518 0.24625 0.4880106574074074 0.24075000000000002 0.477353462962963 0.23900000000000002 0.4658081712962963 0.23925 0.45337477777777774 0.242 0.44538188194444445 0.24825 0.4422735347222222 0.255 0.4422735347222222 0.2595 0.4476021319444445 0.26675 0.456483125 0.27125 0.4698046180555555 0.27275
13 0.6931616342592593 0.2715 0.7091474236111112 0.27325 0.7198046180555556 0.27225 0.7264653634259259 0.27 0.7335701597222223 0.26475 0.7371225578703703 0.2555 0.7357904074074073 0.25075 0.7326820601851851 0.2455 0.7242451157407408 0.24025 0.7135879212962963 0.23800000000000002 0.7055950277777777 0.23800000000000002 0.6931616342592593 0.23975000000000002 0.6891651875 0.241 0.6802841921296297 0.24675 0.6762877453703703 0.25225 0.6753996458333333 0.257 0.6785079930555555 0.26375 0.6847246898148148 0.26825 0.6931616342592593 0.2715
13 0.8179396087962963 0.33975 0.8343694490740741 0.339 0.8454706921296297 0.3355 0.8507992893518519 0.33225000000000005 0.856127886574074 0.32475 0.856127886574074 0.31725 0.8507992893518519 0.3105 0.8419182939814815 0.30625 0.8285968032407408 0.303 0.8210479583333333 0.3035 0.8046181180555556 0.30874999999999997 0.7975133217592593 0.31275000000000003 0.793516875 0.31725 0.793516875 0.325 0.7992895208333333 0.33275 0.8037300185185186 0.33575000000000005 0.8179396087962963 0.33975
13 0.5843694490740741 0.339 0.5954706921296297 0.33925000000000005 0.6021314398148149 0.33775 0.6127886319444444 0.33175 0.6181172291666667 0.3245 0.6185612777777778 0.31825000000000003 0.6136767314814814 0.311 0.6039076365740741 0.30625 0.5923623449074074 0.3035 0.5848135 0.304 0.5741563055555555 0.30674999999999997 0.5626110115740741 0.3125 0.5581705162037037 0.31725 0.5581705162037037 0.325 0.5639431620370371 0.33225000000000005 0.5741563055555555 0.33675 0.5843694490740741 0.339
13 0.3499111898148148 0.33875 0.3619005324074074 0.3385 0.37477797453703704 0.33525 0.37966252314814813 0.33249999999999996 0.3849911180555555 0.32525000000000004 0.3854351689814815 0.31775 0.38010657175925927 0.31075 0.36323268287037036 0.305 0.3485790416666667 0.3055 0.33792184722222224 0.30800000000000005 0.32992895138888884 0.312 0.32593250462962964 0.3175 0.32593250462962964 0.325 0.32992895138888884 0.3315 0.33658969907407404 0.335 0.3499111898148148 0.33875
13 0.11589698148148148 0.33875 0.13010657175925924 0.33949999999999997 0.1412078148148148 0.337 0.14875665972222224 0.33299999999999996 0.1549733564814815 0.32475 0.15230905787037036 0.31699999999999995 0.14520426388888888 0.31 0.13365896990740742 0.3055 0.1265541736111111 0.30474999999999997 0.10879218518518519 0.30725 0.1016873888888889 0.31075 0.09502664351851851 0.31925 0.09547069212962962 0.32775 0.10213143981481482 0.33475 0.10612788657407408 0.33675 0.11589698148148148 0.33875
13 0.23401421064814815 0.4045 0.2482238009259259 0.4045 0.25532859722222223 0.40225 0.2642095925925926 0.39775 0.26953818749999997 0.39125000000000004 0.26953818749999997 0.38475 0.26687388888888885 0.38025 0.2562166967592593 0.3735 0.2482238009259259 0.37050000000000005 0.23357015972222223 0.37025 0.22291296527777776 0.37225 0.2140319722222222 0.3765 0.20825932407407408 0.38375 0.20825932407407408 0.3905 0.2135879212962963 0.39725 0.22158081712962965 0.40175000000000005 0.23401421064814815 0.4045
13 0.46403197222222226 0.40549999999999997 0.4809058611111111 0.40599999999999997 0.4840142106481482 0.40525000000000005 0.4951154537037037 0.39875 0.49955595138888886 0.39325 0.5008880995370371 0.386 0.4955595023148148 0.37775 0.4875666064814815 0.37325 0.4764653634259259 0.37050000000000005 0.4702486689814815 0.3695 0.45337477777777774 0.37325 0.4440497337962963 0.379 0.44049733564814814 0.38375 0.440053287037037 0.38925000000000004 0.4422735347222222 0.39475000000000005 0.45337477777777774 0.40249999999999997 0.46403197222222226 0.40549999999999997
13 0.7042628773148147 0.40575 0.7144760208333333 0.40549999999999997 0.7202486689814814 0.40425 0.7282415624999999 0.39925 0.7353463587962963 0.3905 0.7353463587962963 0.384 0.7295737129629629 0.37599999999999995 0.7229129652777778 0.37274999999999997 0.7069271759259259 0.36975 0.6936056828703704 0.37124999999999997 0.6891651875 0.37274999999999997 0.6767317939814815 0.37975 0.6736234467592593 0.3845 0.6731793958333333 0.391 0.6780639421296297 0.3975 0.6922735347222222 0.40375 0.7042628773148147 0.40575
13 0.8139431620370371 0.47025 0.8232682060185185 0.47125 0.8352575486111111 0.4705 0.8436944930555555 0.46775000000000005 0.8539076365740741 0.46025 0.8525754884259259 0.44625 0.8481349907407407 0.44199999999999995 0.8352575486111111 0.437 0.8201598587962963 0.43650000000000005 0.8032859675925926 0.43925 0.792184724537037 0.4495 0.7917406759259259 0.45625 0.7966252222222222 0.46325 0.8032859675925926 0.46725 0.8139431620370371 0.47025
13 0.5772646527777778 0.47025 0.5923623449074074 0.47125 0.6021314398148149 0.46875 0.6123445833333334 0.4635 0.6158969814814815 0.45925 0.6167850810185186 0.45225000000000004 0.6141207824074074 0.44575 0.6056838356481481 0.43975000000000003 0.5985790416666666 0.4375 0.58259325 0.43625 0.5719360578703704 0.43775000000000003 0.5630550625 0.4415 0.5559502662037037 0.44899999999999995 0.5546181180555555 0.45599999999999996 0.5590586134259259 0.4625 0.5670515092592593 0.46775000000000005 0.5772646527777778 0.47025
13 0.3485790416666667 0.47025 0.3570159861111111 0.47025 0.36944937731481486 0.46849999999999997 0.3769982245370371 0.46425000000000005 0.3841030185185185 0.4535 0.3841030185185185 0.4495 0.3809946712962963 0.4435 0.3730017754629629 0.439 0.3627886319444445 0.43575 0.3476909421296296 0.43625 0.3383658958333334 0.43825000000000003 0.32859680324074075 0.4445 0.32460035416666666 0.4495 0.3241563055555556 0.45325 0.3352575486111111 0.4675 0.34147424537037036 0.46974999999999995 0.3485790416666667 0.47025
13 0.10746003472222222 0.46775000000000005 0.11811722916666667 0.46925 0.1327708703703704 0.46799999999999997 0.14342806481481482 0.464 0.15008881018518516 0.45775 0.15230905787037036 0.45 0.14786856018518518 0.44225 0.14031971527777778 0.43775000000000003 0.13010657175925924 0.435 0.11234458333333333 0.43575 0.10568383564814815 0.437 0.09813499074074075 0.44175000000000003 0.09413854398148148 0.446 0.09236234490740741 0.45525 0.0945825925925926 0.4605 0.10213143981481482 0.466 0.10746003472222222 0.46775000000000005
13 0.2304618125 0.53475 0.23889875694444443 0.535 0.2482238009259259 0.53425 0.2522202476851852 0.533 0.2584369444444445 0.52975 0.2655417407407408 0.52275 0.2664298402777778 0.5185 0.2571047962962963 0.50625 0.2535523981481482 0.50375 0.24111900462962962 0.5015 0.2304618125 0.5015 0.21669627083333334 0.50475 0.2113676736111111 0.5085 0.20781527546296297 0.51525 0.20781527546296297 0.52025 0.2135879212962963 0.5275 0.22380106481481482 0.533 0.2304618125 0.53475
13 0.46225577314814814 0.53575 0.47779751388888886 0.53625 0.4849023101851852 0.5345 0.49289520370370365 0.53 0.4977797523148148 0.52275 0.4968916527777778 0.5167499999999999 0.49111900462962965 0.5085 0.4857904074074074 0.50525 0.4755772638888889 0.5027499999999999 0.46714031944444445 0.5025000000000001 0.45293072916666666 0.504 0.44582593287037037 0.5075000000000001 0.440053287037037 0.516 0.4391651875 0.519 0.44271758333333333 0.52825 0.45159857870370373 0.53325 0.46225577314814814 0.53575
13 0.6922735347222222 0.5365 0.7131438726851852 0.537 0.7233570162037037 0.5339999999999999 0.7277975138888889 0.5315 0.7326820601851851 0.5257499999999999 0.7340142106481481 0.5187499999999999 0.7313499120370369 0.512 0.7238010648148148 0.50525 0.7131438726851852 0.503 0.7020426296296297 0.50225 0.687833037037037 0.50425 0.6776198935185185 0.508 0.6722912962962964 0.5167499999999999 0.6722912962962964 0.523 0.6749555949074074 0.5285000000000001 0.6767317939814815 0.53025 0.6922735347222222 0.5365
13 0.5759325046296296 0.6027499999999999 0.5870337476851852 0.6034999999999999 0.5994671412037037 0.6022500000000001 0.606127886574074 0.5994999999999999 0.6136767314814814 0.59175 0.6154529305555556 0.58375 0.6132326828703704 0.5775 0.6056838356481481 0.57125 0.5928063935185185 0.567 0.5777087037037036 0.567 0.5706039074074074 0.569 0.5617229120370371 0.5735 0.5546181180555555 0.58175 0.5537300185185186 0.58525 0.5559502662037037 0.59175 0.5657193611111111 0.59975 0.5759325046296296 0.6027499999999999
13 0.3481349907407407 0.6022500000000001 0.36856127777777775 0.6 0.3778863240740741 0.5935 0.38188277083333333 0.5885 0.38232682175925925 0.58025 0.37921847222222227 0.57375 0.36944937731481486 0.56875 0.3596802847222222 0.566 0.34147424537037036 0.56675 0.3348135 0.569 0.32548845370370366 0.576 0.3228241574074074 0.5812499999999999 0.3228241574074074 0.58875 0.3277087037037037 0.5952500000000001 0.33747779861111116 0.60025 0.3481349907407407 0.6022500000000001