3 0.5856481481481481 0.3912037037037037 0.5879629629629629 0.39351851851851855 0.6087962962962963 0.3958333333333333 0.6296296296296297 0.4050925925925926 0.6412037037037037 0.4166666666666667 0.6458333333333334 0.42592592592592593 0.6458333333333334 0.44675925925925924 0.6504629629629629 0.4513888888888889 0.6782407407407407 0.4513888888888889 0.6805555555555556 0.4537037037037037 0.6805555555555556 0.4699074074074074 0.6782407407407407 0.4722222222222222 0.6550925925925926 0.4722222222222222 0.6481481481481481 0.4791666666666667 0.6481481481481481 0.49074074074074076 0.6504629629629629 0.4930555555555556 0.6504629629629629 0.5092592592592593 0.6527777777777778 0.5115740740740741 0.6620370370370371 0.5115740740740741 0.6643518518518519 0.5138888888888888 0.6666666666666666 0.5115740740740741 0.6805555555555556 0.5115740740740741 0.6851851851851852 0.5162037037037037 0.6851851851851852 0.5277777777777778 0.6828703703703703 0.5324074074074074 0.6574074074074074 0.5324074074074074 0.6504629629629629 0.5393518518518519 0.6527777777777778 0.5555555555555556 0.6504629629629629 0.5578703703703703 0.6504629629629629 0.5648148148148148 0.6412037037037037 0.5740740740740741 0.6412037037037037 0.5763888888888888 0.6342592592592593 0.5787037037037037 0.625 0.5856481481481481 0.6203703703703703 0.5856481481481481 0.6111111111111112 0.5902777777777778 0.6018518518518519 0.5902777777777778 0.5995370370370371 0.5925925925925926 0.5810185185185185 0.5925925925925926 0.5810185185185185 0.5717592592592593 0.5902777777777778 0.5671296296296297 0.5995370370370371 0.5671296296296297 0.6111111111111112 0.5578703703703703 0.6111111111111112 0.5370370370370371 0.6064814814814815 0.5324074074074074 0.5810185185185185 0.5347222222222222 0.5787037037037037 0.5324074074074074 0.5787037037037037 0.5115740740740741 0.6041666666666666 0.5115740740740741 0.6087962962962963 0.5069444444444444 0.6064814814814815 0.47685185185185186 0.6018518518518519 0.4722222222222222 0.5625 0.47453703703703703 0.5601851851851852 0.4722222222222222 0.5393518518518519 0.4699074074074074 0.5208333333333334 0.46064814814814814 0.5162037037037037 0.46064814814814814 0.5 0.44212962962962965 0.5 0.4236111111111111 0.5046296296296297 0.4166666666666667 0.5208333333333334 0.4027777777777778 0.5254629629629629 0.4027777777777778 0.5462962962962963 0.39351851851851855 0.5833333333333334 0.3912037037037037
4 0.3680555555555556 0.26851851851851855 0.37037037037037035 0.2708333333333333 0.37962962962962965 0.2708333333333333 0.3819444444444444 0.27314814814814814 0.39351851851851855 0.27546296296296297 0.41203703703703703 0.28703703703703703 0.4236111111111111 0.3055555555555556 0.4236111111111111 0.32175925925925924 0.4305555555555556 0.33101851851851855 0.4791666666666667 0.33101851851851855 0.48842592592592593 0.33564814814814814 0.5023148148148148 0.33796296296296297 0.5231481481481481 0.35185185185185186 0.5324074074074074 0.37037037037037035 0.5277777777777778 0.375 0.49537037037037035 0.375 0.49074074074074076 0.3726851851851852 0.48148148148148145 0.3611111111111111 0.4699074074074074 0.35648148148148145 0.46064814814814814 0.35648148148148145 0.4583333333333333 0.3541666666666667 0.4305555555555556 0.3541666666666667 0.42592592592592593 0.3587962962962963 0.42592592592592593 0.3726851851851852 0.4166666666666667 0.3726851851851852 0.41435185185185186 0.375 0.39351851851851855 0.375 0.3912037037037037 0.3726851851851852 0.38425925925925924 0.3726851851851852 0.3819444444444444 0.3680555555555556 0.3819444444444444 0.3587962962962963 0.37962962962962965 0.35648148148148145 0.32407407407407407 0.35648148148148145 0.3194444444444444 0.3611111111111111 0.3194444444444444 0.3726851851851852 0.31712962962962965 0.375 0.3148148148148148 0.3726851851851852 0.2777777777777778 0.3726851851851852 0.27546296296296297 0.37037037037037035 0.27546296296296297 0.3611111111111111 0.2708333333333333 0.35648148148148145 0.23842592592592593 0.35648148148148145 0.2361111111111111 0.3587962962962963 0.22453703703703703 0.3611111111111111 0.21296296296296297 0.375 0.16898148148148148 0.375 0.16666666666666666 0.3726851851851852 0.16666666666666666 0.36574074074074076 0.1712962962962963 0.35648148148148145 0.18055555555555555 0.3472222222222222 0.19212962962962962 0.3425925925925926 0.19675925925925927 0.33796296296296297 0.21296296296296297 0.33564814814814814 0.2152777777777778 0.3333333333333333 0.22916666666666666 0.3333333333333333 0.23148148148148148 0.33101851851851855 0.2708333333333333 0.33101851851851855 0.27314814814814814 0.3287037037037037 0.27314814814814814 0.30324074074074076 0.27546296296296297 0.30092592592592593 0.27546296296296297 0.2962962962962963 0.28935185185185186 0.2824074074074074 0.30787037037037035 0.27314814814814814 0.32407407407407407 0.2708333333333333 0.3263888888888889 0.26851851851851855 0.36574074074074076 0.26851851851851855
7 0.21296296296296297 0.37962962962962965 0.21296296296296297 0.38425925925925924 0.2152777777777778 0.38657407407407407 0.21296296296296297 0.3912037037037037 0.2175925925925926 0.3958333333333333 0.25 0.3958333333333333 0.2523148148148148 0.39351851851851855 0.2662037037037037 0.39351851851851855 0.26851851851851855 0.3958333333333333 0.27314814814814814 0.3958333333333333 0.27546296296296297 0.39351851851851855 0.27546296296296297 0.3773148148148148 0.2777777777777778 0.375 0.3125 0.375 0.32175925925925924 0.37962962962962965 0.32175925925925924 0.3912037037037037 0.3263888888888889 0.3958333333333333 0.3402777777777778 0.3958333333333333 0.3425925925925926 0.39351851851851855 0.3726851851851852 0.3958333333333333 0.375 0.39814814814814814 0.3912037037037037 0.40046296296296297 0.41435185185185186 0.41203703703703703 0.4236111111111111 0.4212962962962963 0.42592592592592593 0.42592592592592593 0.42592592592592593 0.4351851851851852 0.38425925925925924 0.4351851851851852 0.37962962962962965 0.42592592592592593 0.3680555555555556 0.41898148148148145 0.33796296296296297 0.41898148148148145 0.33564814814814814 0.4166666666666667 0.33101851851851855 0.41898148148148145 0.3263888888888889 0.4166666666666667 0.32407407407407407 0.41898148148148145 0.32407407407407407 0.4375 0.3148148148148148 0.4375 0.3125 0.4351851851851852 0.2986111111111111 0.4351851851851852 0.2962962962962963 0.4375 0.2916666666666667 0.4351851851851852 0.28935185185185186 0.4375 0.2824074074074074 0.4375 0.2777777777777778 0.4305555555555556 0.2777777777777778 0.4212962962962963 0.27314814814814814 0.4166666666666667 0.2569444444444444 0.4166666666666667 0.25462962962962965 0.41898148148148145 0.2523148148148148 0.4166666666666667 0.25 0.41898148148148145 0.2199074074074074 0.41898148148148145 0.2175925925925926 0.4212962962962963 0.2175925925925926 0.44675925925925924 0.20601851851851852 0.46296296296296297 0.18055555555555555 0.47453703703703703 0.1736111111111111 0.47453703703703703 0.1712962962962963 0.47685185185185186 0.1550925925925926 0.47685185185185186 0.1527777777777778 0.4791666666666667 0.1412037037037037 0.4791666666666667 0.13657407407407407 0.47685185185185186 0.13425925925925927 0.47453703703703703 0.13425925925925927 0.46064814814814814 0.1388888888888889 0.45601851851851855 0.14583333333333334 0.45601851851851855 0.14814814814814814 0.4537037037037037 0.1597222222222222 0.4513888888888889 0.16898148148148148 0.44212962962962965 0.1712962962962963 0.4236111111111111 0.16666666666666666 0.41898148148148145 0.1412037037037037 0.41898148148148145 0.13657407407407407 0.4166666666666667 0.13194444444444445 0.41203703703703703 0.13194444444444445 0.40046296296296297 0.1388888888888889 0.3958333333333333 0.1550925925925926 0.3958333333333333 0.1574074074074074 0.39814814814814814 0.16435185185185186 0.39814814814814814 0.16898148148148148 0.39351851851851855 0.16898148148148148 0.3888888888888889 0.16666666666666666 0.38657407407407407 0.16666666666666666 0.37962962962962965 0.16898148148148148 0.3773148148148148 0.20833333333333334 0.3773148148148148 0.21064814814814814 0.37962962962962965
0 0.30787037037037035 0.4375 0.3101851851851852 0.4398148148148148 0.3194444444444444 0.4398148148148148 0.32407407407407407 0.44212962962962965 0.3425925925925926 0.45601851851851855 0.37962962962962965 0.45601851851851855 0.3819444444444444 0.4583333333333333 0.38657407407407407 0.45601851851851855 0.38657407407407407 0.4444444444444444 0.3888888888888889 0.44212962962962965 0.3888888888888889 0.4375 0.42592592592592593 0.4375 0.4305555555555556 0.4444444444444444 0.42824074074074076 0.44907407407407407 0.43287037037037035 0.45601851851851855 0.4837962962962963 0.45601851851851855 0.4861111111111111 0.4583333333333333 0.4930555555555556 0.4583333333333333 0.49537037037037035 0.46064814814814814 0.5138888888888888 0.4652777777777778 0.5324074074074074 0.48148148148148145 0.5370370370370371 0.4930555555555556 0.5370370370370371 0.5092592592592593 0.5416666666666666 0.5138888888888888 0.5509259259259259 0.5138888888888888 0.5532407407407407 0.5115740740740741 0.5671296296296297 0.5115740740740741 0.5694444444444444 0.5138888888888888 0.5694444444444444 0.5185185185185185 0.5717592592592593 0.5208333333333334 0.5717592592592593 0.5347222222222222 0.5671296296296297 0.5370370370370371 0.5439814814814815 0.5347222222222222 0.5393518518518519 0.5393518518518519 0.5393518518518519 0.5555555555555556 0.5509259259259259 0.5671296296296297 0.5717592592592593 0.5717592592592593 0.5740740740740741 0.5763888888888888 0.5740740740740741 0.5856481481481481 0.5763888888888888 0.5879629629629629 0.5763888888888888 0.5925925925925926 0.5740740740740741 0.5949074074074074 0.5462962962962963 0.5925925925925926 0.5439814814814815 0.5902777777777778 0.5254629629629629 0.5856481481481481 0.5208333333333334 0.5810185185185185 0.5138888888888888 0.5787037037037037 0.5069444444444444 0.5717592592592593 0.5 0.5578703703703703 0.5 0.5393518518518519 0.4976851851851852 0.5370370370370371 0.44675925925925924 0.5370370370370371 0.4444444444444444 0.5347222222222222 0.42592592592592593 0.5324074074074074 0.4074074074074074 0.5231481481481481 0.39351851851851855 0.5092592592592593 0.39351851851851855 0.5046296296296297 0.3888888888888889 0.4976851851851852 0.3888888888888889 0.48148148148148145 0.38657407407407407 0.4791666666666667 0.33796296296296297 0.4791666666666667 0.33564814814814814 0.47685185185185186 0.31712962962962965 0.47453703703703703 0.30787037037037035 0.4699074074074074 0.29398148148148145 0.46064814814814814 0.2824074074074074 0.44675925925925924 0.2824074074074074 0.4398148148148148 0.2847222222222222 0.4375 0.3055555555555556 0.4375
1 0.32407407407407407 0.5 0.3263888888888889 0.5023148148148148 0.3194444444444444 0.5162037037037037 0.2986111111111111 0.5300925925925926 0.29398148148148145 0.5300925925925926 0.28703703703703703 0.5347222222222222 0.2800925925925926 0.5347222222222222 0.2777777777777778 0.5370370370370371 0.2638888888888889 0.5370370370370371 0.26157407407407407 0.5393518518518519 0.24074074074074073 0.5393518518518519 0.23842592592592593 0.5370370370370371 0.2361111111111111 0.5393518518518519 0.22685185185185186 0.5393518518518519 0.22453703703703703 0.5416666666666666 0.22453703703703703 0.5717592592592593 0.2222222222222222 0.5740740740740741 0.22685185185185186 0.5787037037037037 0.23148148148148148 0.5763888888888888 0.24305555555555555 0.5763888888888888 0.24537037037037038 0.5740740740740741 0.2569444444444444 0.5787037037037037 0.2569444444444444 0.5925925925925926 0.25 0.5995370370370371 0.2337962962962963 0.5995370370370371 0.23148148148148148 0.6018518518518519 0.22916666666666666 0.5995370370370371 0.22453703703703703 0.5995370370370371 0.2222222222222222 0.6018518518518519 0.22453703703703703 0.6064814814814815 0.2222222222222222 0.6087962962962963 0.22453703703703703 0.6111111111111112 0.22685185185185186 0.6226851851851852 0.24074074074074073 0.6319444444444444 0.2523148148148148 0.6365740740740741 0.25462962962962965 0.6342592592592593 0.25925925925925924 0.6388888888888888 0.25925925925925924 0.6504629629629629 0.2569444444444444 0.6550925925925926 0.24768518518518517 0.6597222222222222 0.2175925925925926 0.6574074074074074 0.2037037037037037 0.6504629629629629 0.19907407407407407 0.6504629629629629 0.18518518518518517 0.6412037037037037 0.17592592592592593 0.6273148148148148 0.17592592592592593 0.6064814814814815 0.1712962962962963 0.5995370370370371 0.12037037037037036 0.5995370370370371 0.11805555555555555 0.5972222222222222 0.10185185185185185 0.5949074074074074 0.08333333333333333 0.5856481481481481 0.06712962962962964 0.5694444444444444 0.06712962962962964 0.5509259259259259 0.08333333333333333 0.5324074074074074 0.1111111111111111 0.5208333333333334 0.12268518518518519 0.5208333333333334 0.125 0.5185185185185185 0.15046296296296297 0.5185185185185185 0.1527777777777778 0.5162037037037037 0.16203703703703703 0.5162037037037037 0.16666666666666666 0.5185185185185185 0.17592592592592593 0.5115740740740741 0.1736111111111111 0.5069444444444444 0.1736111111111111 0.5023148148148148 0.17592592592592593 0.5 0.2199074074074074 0.5 0.2222222222222222 0.5023148148148148 0.2222222222222222 0.5092592592592593 0.2199074074074074 0.5115740740740741 0.22916666666666666 0.5185185185185185 0.25925925925925924 0.5185185185185185 0.26157407407407407 0.5162037037037037 0.2662037037037037 0.5162037037037037 0.2708333333333333 0.5138888888888888 0.2824074074074074 0.5 0.32175925925925924 0.5
10 0.4305555555555556 0.6134259259259259 0.4375 0.6180555555555556 0.4351851851851852 0.6226851851851852 0.4351851851851852 0.6296296296296297 0.4375 0.6319444444444444 0.4398148148148148 0.6296296296296297 0.4976851851851852 0.6296296296296297 0.5023148148148148 0.625 0.5023148148148148 0.6157407407407407 0.5046296296296297 0.6134259259259259 0.5115740740740741 0.6134259259259259 0.5138888888888888 0.6111111111111112 0.5208333333333334 0.6111111111111112 0.5231481481481481 0.6134259259259259 0.5254629629629629 0.6111111111111112 0.5324074074074074 0.6111111111111112 0.5347222222222222 0.6134259259259259 0.5416666666666666 0.6134259259259259 0.5416666666666666 0.6203703703703703 0.5439814814814815 0.6226851851851852 0.5416666666666666 0.6273148148148148 0.5439814814814815 0.6296296296296297 0.5486111111111112 0.6296296296296297 0.5509259259259259 0.6319444444444444 0.5532407407407407 0.6296296296296297 0.5879629629629629 0.6296296296296297 0.5902777777777778 0.6319444444444444 0.5995370370370371 0.6319444444444444 0.6018518518518519 0.6342592592592593 0.6180555555555556 0.6365740740740741 0.6273148148148148 0.6435185185185185 0.6342592592592593 0.6458333333333334 0.6435185185185185 0.6550925925925926 0.6504629629629629 0.6666666666666666 0.6504629629629629 0.6851851851851852 0.6481481481481481 0.6898148148148148 0.6412037037037037 0.6990740740740741 0.6157407407407407 0.7129629629629629 0.5902777777777778 0.7152777777777778 0.5879629629629629 0.7175925925925926 0.5532407407407407 0.7152777777777778 0.5509259259259259 0.7129629629629629 0.5370370370370371 0.7106481481481481 0.5231481481481481 0.7037037037037037 0.5046296296296297 0.6828703703703703 0.5046296296296297 0.6620370370370371 0.5 0.6550925925925926 0.49537037037037035 0.6550925925925926 0.4930555555555556 0.6574074074074074 0.44212962962962965 0.6574074074074074 0.4375 0.6620370370370371 0.4375 0.6759259259259259 0.4351851851851852 0.6782407407407407 0.43287037037037035 0.6921296296296297 0.4212962962962963 0.7037037037037037 0.4166666666666667 0.7037037037037037 0.4027777777777778 0.7129629629629629 0.3680555555555556 0.7175925925925926 0.36574074074074076 0.7152777777777778 0.36574074074074076 0.7013888888888888 0.37037037037037035 0.6921296296296297 0.3819444444444444 0.6921296296296297 0.39351851851851855 0.6875 0.39814814814814814 0.6828703703703703 0.40046296296296297 0.6712962962962963 0.39814814814814814 0.6689814814814815 0.39814814814814814 0.6620370370370371 0.39351851851851855 0.6574074074074074 0.37037037037037035 0.6574074074074074 0.36342592592592593 0.6527777777777778 0.36342592592592593 0.6412037037037037 0.36574074074074076 0.6388888888888888 0.36574074074074076 0.6342592592592593 0.37037037037037035 0.6342592592592593 0.3726851851851852 0.6319444444444444 0.3888888888888889 0.6319444444444444 0.3912037037037037 0.6342592592592593 0.3958333333333333 0.6296296296296297 0.3958333333333333 0.6203703703703703 0.39814814814814814 0.6157407407407407 0.4050925925925926 0.6157407407407407 0.4074074074074074 0.6134259259259259 0.42824074074074076 0.6134259259259259
11 0 0.7255 0.001776199074074074 0.72575 0.0039964467592592595 0.7340000000000001 0.00888099537037037 0.73775 0.015097689814814816 0.74 0.022646537037037034 0.74475 0.03197158101851852 0.7480000000000001 0.04973356944444445 0.7515000000000001 0.13188277083333333 0.7527499999999999 0.16429840046296298 0.751 0.20248667824074074 0.7515000000000001 0.30639431712962967 0.75025 0.3610124328703704 0.75025 0.36811722916666667 0.751 0.5466252222222222 0.7494999999999999 0.5870337476851852 0.74775 0.603019537037037 0.74925 0.6123445833333334 0.74775 0.6745115462962963 0.7465 0.8667850810185186 0.74525 0.9049733564814815 0.74275 0.9347246898148148 0.7344999999999999 0.9462699814814814 0.7274999999999999 0.9533747777777778 0.7207499999999999 0.960479574074074 0.7100000000000001 0.9626998217592593 0.6935 0.9618117222222222 0.23475000000000001 0.9644760208333333 0.2275 0.9649200717592592 0.212 0.9613676736111111 0.19674999999999998 0.9569271759259259 0.19025 0.9489342800925926 0.18700000000000003 0.9071936064814815 0.1865 0.8525754884259259 0.18725 0.8419182939814815 0.18925 0.7961811712962963 0.1895 0.7859680277777777 0.19075 0.7717584375000001 0.18875 0.5293072824074074 0.194 0.018650087962962966 0.20124999999999998 0.004440497685185185 0.2025 0 0.20375 0 0.7255
12 0 0.2550925 0.9805328587962963 0.2550925 0.9805328587962963 0.1917925 0 0.1917925 0 0.2550925
13 0.3277087037037037 0.32475 0.33170515046296295 0.328 0.3587921851851852 0.32825 0.36944937731481486 0.32525000000000004 0.37255772685185184 0.32 0.373889875 0.31224999999999997 0.3712255763888889 0.30524999999999997 0.3658969814814815 0.30025 0.35479573611111115 0.29725 0.34147424537037036 0.29725 0.3352575486111111 0.2985 0.32815275231481483 0.3015 0.3241563055555556 0.30375 0.32238010648148147 0.30674999999999997 0.3206039074074074 0.3105 0.3206039074074074 0.31825000000000003 0.32326820601851847 0.32325000000000004 0.3277087037037037 0.32475
13 0.5537300185185186 0.32749999999999996 0.5612788634259259 0.32875000000000004 0.5746003541666667 0.327 0.583481349537037 0.32399999999999995 0.5892539953703704 0.31875 0.5919182939814815 0.31224999999999997 0.5905861458333334 0.305 0.5870337476851852 0.3 0.5772646527777778 0.29575 0.559946712962963 0.2945 0.5510657199074074 0.296 0.541296625 0.30124999999999996 0.5373001782407407 0.3055 0.5364120787037037 0.311 0.539520425925926 0.3185 0.5452930717592592 0.32325000000000004 0.5537300185185186 0.32749999999999996
13 0.6722912962962964 0.3875 0.6793960925925927 0.38775000000000004 0.6887211365740741 0.38575000000000004 0.6962699814814814 0.381 0.7011545300925925 0.37474999999999997 0.7011545300925925 0.36625 0.6993783310185185 0.36275 0.6944937824074074 0.35850000000000004 0.6860568379629629 0.3555 0.6758436944444445 0.35450000000000004 0.6647424513888889 0.3555 0.6500888101851852 0.362 0.6460923634259259 0.36625 0.6460923634259259 0.373 0.6492007106481481 0.37825 0.6611900532407406 0.3855 0.6722912962962964 0.3875
13 0.4498223796296297 0.39025 0.46403197222222226 0.3905 0.4706927175925926 0.38875 0.48134991203703703 0.384 0.4849023101851852 0.38025 0.4871225578703704 0.373 0.48134991203703703 0.3655 0.477353462962963 0.36175 0.4666962708333333 0.35800000000000004 0.458703375 0.3575 0.44582593287037037 0.35850000000000004 0.43605683796296296 0.363 0.4311722916666667 0.3695 0.4302841921296296 0.3755 0.43516873842592596 0.3825 0.440053287037037 0.387 0.4498223796296297 0.39025
13 0.23934280555555554 0.39275 0.2522202476851852 0.3925 0.2655417407407408 0.38775000000000004 0.26953818749999997 0.37375 0.26598578935185185 0.36724999999999997 0.2593250439814815 0.36374999999999996 0.24600355324074072 0.3605 0.23223801157407406 0.36175 0.22291296527777776 0.366 0.21714031944444445 0.373 0.21669627083333334 0.3765 0.21936056944444446 0.38425000000000004 0.23268206018518517 0.39149999999999996 0.23934280555555554 0.39275
13 0.13765541666666667 0.45475 0.1505328587962963 0.45325 0.15674955555555556 0.451 0.1620781527777778 0.447 0.1656305509259259 0.4405 0.1651865 0.4355 0.16074600462962962 0.429 0.15142095833333333 0.42425 0.13676731712962964 0.42274999999999996 0.13365896990740742 0.4215 0.11944937731481481 0.4275 0.11456483101851853 0.43225 0.11367673148148148 0.439 0.11589698148148148 0.44475000000000003 0.13010657175925924 0.45375000000000004 0.13765541666666667 0.45475
13 0.34369449305555555 0.453 0.3481349907407407 0.45425 0.3592362337962963 0.45425 0.3765541736111111 0.4495 0.38232682175925925 0.4425 0.38321491898148147 0.43674999999999997 0.37966252314814813 0.42925 0.36989342824074073 0.4215 0.3592362337962963 0.41975 0.34147424537037036 0.42050000000000004 0.3348135 0.42225 0.33081705092592595 0.42474999999999996 0.32904085185185183 0.4285 0.3263765532407408 0.4355 0.32815275231481483 0.44275 0.33570159953703704 0.44925 0.34369449305555555 0.453
13 0.5612788634259259 0.44925 0.5688277083333333 0.45 0.5781527523148148 0.44925 0.5892539953703704 0.4445 0.5928063935185185 0.4405 0.5945825925925926 0.43300000000000005 0.5932504444444445 0.427 0.585701599537037 0.42075 0.5790408518518518 0.41925 0.564831261574074 0.41774999999999995 0.5559502662037037 0.4195 0.5466252222222222 0.42474999999999996 0.542184724537037 0.43024999999999997 0.542184724537037 0.436 0.5466252222222222 0.44199999999999995 0.5523978680555556 0.44625 0.5612788634259259 0.44925
13 0.7757548842592592 0.44525000000000003 0.7904085254629629 0.44625 0.7997335694444444 0.44425 0.8077264652777778 0.44075 0.8130550624999999 0.4355 0.8139431620370371 0.42824999999999996 0.8095026643518518 0.42124999999999996 0.7930728240740741 0.41400000000000003 0.7788632337962963 0.41400000000000003 0.772646537037037 0.41550000000000004 0.7628774421296297 0.42050000000000004 0.7575488449074074 0.4265 0.7571047962962963 0.43225 0.7588809953703703 0.43650000000000005 0.7624333935185185 0.4395 0.7757548842592592 0.44525000000000003
13 0.6678507986111112 0.5065 0.6714031967592592 0.5075000000000001 0.6856127893518519 0.50825 0.7002664305555556 0.50175 0.7047069282407408 0.495 0.7051509768518519 0.4905 0.7029307291666667 0.48574999999999996 0.6962699814814814 0.47975 0.6887211365740741 0.4775 0.6776198935185185 0.47625 0.6722912962962964 0.47800000000000004 0.6611900532407406 0.47925 0.6554174074074074 0.48524999999999996 0.6536412083333333 0.49125 0.6558614560185185 0.4975 0.6589698055555556 0.5015 0.6678507986111112 0.5065
13 0.45515097685185185 0.5115 0.46403197222222226 0.51275 0.4840142106481482 0.5095000000000001 0.49378330324074077 0.50325 0.4951154537037037 0.4995 0.49378330324074077 0.49074999999999996 0.48623445833333334 0.48374999999999996 0.47779751388888886 0.48024999999999995 0.4666962708333333 0.47875 0.44937833101851854 0.48024999999999995 0.4391651875 0.48374999999999996 0.43516873842592596 0.48975 0.43472468981481477 0.49475 0.43738898842592594 0.5025000000000001 0.4471580810185185 0.50925 0.45515097685185185 0.5115
13 0.24111900462962962 0.51375 0.2584369444444445 0.515 0.2619893425925926 0.5135 0.2650976898148148 0.5135 0.27309058564814814 0.5097499999999999 0.2788632337962963 0.502 0.27797513425925924 0.4945 0.27264653703703706 0.487 0.26110124305555554 0.4825 0.24733570138888888 0.48175 0.23712255787037037 0.48374999999999996 0.23001776157407405 0.487 0.22468916435185185 0.49424999999999997 0.22424511574074074 0.49825 0.22646536342592594 0.5035 0.23223801157407406 0.5097499999999999 0.24111900462962962 0.51375
13 0.14653641203703704 0.5755 0.1651865 0.57475 0.17140319675925927 0.573 0.17140319675925927 0.55025 0.1647424513888889 0.5435 0.15097690972222222 0.542 0.13632326851851853 0.5425 0.123889875 0.54725 0.11900532870370371 0.5527500000000001 0.11856127777777778 0.558 0.12078152777777777 0.564 0.12966252314814813 0.5715 0.14653641203703704 0.5755
13 0.3521314398148148 0.571 0.36678508101851853 0.57175 0.3730017754629629 0.5700000000000001 0.38232682175925925 0.56575 0.3880994675925926 0.5605 0.3880994675925926 0.55325 0.38321491898148147 0.546 0.3778863240740741 0.5425 0.36989342824074073 0.54025 0.35568383564814815 0.53975 0.3485790416666667 0.54125 0.3392539953703704 0.5457500000000001 0.33436944907407407 0.55175 0.333925400462963 0.55625 0.33792184722222224 0.5635 0.3454706921296296 0.56875 0.3521314398148148 0.571
13 0.5572824166666667 0.5665 0.5639431620370371 0.56775 0.5777087037037036 0.56825 0.5928063935185185 0.56275 0.5968028425925925 0.559 0.5981349907407407 0.5529999999999999 0.5959147430555555 0.54625 0.5883658958333333 0.5407500000000001 0.5812611018518519 0.53825 0.5737122546296296 0.538 0.5572824166666667 0.53975 0.5479573703703703 0.543 0.5439609236111111 0.5475 0.543516875 0.554 0.5457371226851851 0.55875 0.5523978680555556 0.56425 0.5572824166666667 0.5665
13 0.7824156296296296 0.566 0.7948490231481481 0.5665 0.7992895208333333 0.56575 0.810390763888889 0.56125 0.8152753101851852 0.55725 0.8166074606481482 0.552 0.8126110115740741 0.542 0.8068383657407407 0.538 0.7966252222222222 0.535 0.789520425925926 0.5345 0.7735346365740741 0.536 0.7664298402777777 0.53975 0.7611012430555555 0.5465 0.7606571944444445 0.5515 0.7628774421296297 0.55725 0.770870337962963 0.56225 0.7824156296296296 0.566
13 0.6780639421296297 0.6269999999999999 0.6869449375000001 0.62725 0.6927175833333332 0.626 0.7029307291666667 0.6215 0.7069271759259259 0.61825 0.7091474236111112 0.6097499999999999 0.707815275462963 0.6052500000000001 0.6993783310185185 0.59875 0.6891651875 0.5952500000000001 0.6749555949074074 0.5952500000000001 0.668294849537037 0.597 0.6611900532407406 0.6012500000000001 0.6563055069444445 0.6064999999999999 0.6554174074074074 0.61325 0.6576376550925926 0.61775 0.6647424513888889 0.6225 0.6780639421296297 0.6269999999999999
13 0.45293072916666666 0.6269999999999999 0.46314387268518514 0.62925 0.48134991203703703 0.629 0.4880106574074074 0.6277499999999999 0.49200710416666665 0.6232500000000001 0.4964476018518518 0.614 0.4951154537037037 0.60875 0.4893428055555556 0.6024999999999999 0.4764653634259259 0.5982500000000001 0.46492007175925926 0.598 0.45293072916666666 0.6005 0.44538188194444445 0.6064999999999999 0.44271758333333333 0.6125 0.44360568287037033 0.6162500000000001 0.4471580810185185 0.62275 0.45293072916666666 0.6269999999999999
13 0.2584369444444445 0.632 0.2690941388888889 0.63175 0.2744227361111111 0.63025 0.28285968055555555 0.625 0.2873001782407407 0.6167499999999999 0.2868561273148148 0.6122500000000001 0.2824156296296296 0.60675 0.27220248611111114 0.60175 0.2624333935185185 0.6005 0.2544404976851852 0.6005 0.23667850694444445 0.60575 0.23179396064814814 0.6092500000000001 0.2304618125 0.613 0.2304618125 0.6204999999999999 0.23667850694444445 0.62725 0.24333925462962963 0.63025 0.2584369444444445 0.632
13 0.3592362337962963 0.68975 0.36634103009259256 0.6905 0.3863232685185185 0.68725 0.3929840138888889 0.6825 0.39165186574074073 0.6715000000000001 0.3885435162037037 0.66575 0.38676731712962964 0.663 0.3809946712962963 0.661 0.3627886319444445 0.65925 0.35257548842592595 0.6607500000000001 0.3419182939814815 0.6659999999999999 0.3392539953703704 0.6719999999999999 0.3392539953703704 0.6777500000000001 0.34103019444444443 0.6805 0.3490230902777778 0.6865 0.3592362337962963 0.68975
13 0.5710479583333333 0.68775 0.581705150462963 0.68775 0.5919182939814815 0.6862499999999999 0.6007992893518519 0.682 0.6079040856481482 0.67525 0.6070159861111111 0.66875 0.603019537037037 0.6637500000000001 0.5928063935185185 0.65925 0.5848135 0.6579999999999999 0.5697158078703703 0.6575000000000001 0.5568383657407407 0.6595 0.5488454699074075 0.6637500000000001 0.5466252222222222 0.667 0.5466252222222222 0.6755 0.5515097685185185 0.682 0.5586145648148149 0.685 0.5710479583333333 0.68775