7 0.5925925925925926 0.4050925925925926 0.5972222222222222 0.4097222222222222 0.5949074074074074 0.41898148148148145 0.5902777777777778 0.42592592592592593 0.5879629629629629 0.42592592592592593 0.5856481481481481 0.4305555555555556 0.5787037037037037 0.4351851851851852 0.5601851851851852 0.4444444444444444 0.5324074074074074 0.44675925925925924 0.5300925925925926 0.44907407407407407 0.5023148148148148 0.44907407407407407 0.5 0.4513888888888889 0.5 0.4791666666666667 0.4976851851851852 0.48148148148148145 0.5023148148148148 0.4861111111111111 0.5069444444444444 0.4837962962962963 0.5185185185185185 0.4837962962962963 0.5231481481481481 0.4861111111111111 0.5208333333333334 0.49537037037037035 0.5254629629629629 0.5046296296296297 0.5208333333333334 0.5069444444444444 0.5069444444444444 0.5069444444444444 0.5023148148148148 0.5046296296296297 0.5 0.5069444444444444 0.5 0.5162037037037037 0.5023148148148148 0.5185185185185185 0.5023148148148148 0.5254629629629629 0.5069444444444444 0.5324074074074074 0.5254629629629629 0.5416666666666666 0.5254629629629629 0.5462962962962963 0.5231481481481481 0.5486111111111112 0.5231481481481481 0.5578703703703703 0.5254629629629629 0.5625 0.5046296296296297 0.5625 0.47453703703703703 0.5509259259259259 0.46064814814814814 0.5416666666666666 0.45601851851851855 0.5324074074074074 0.4537037037037037 0.5092592592592593 0.4513888888888889 0.5069444444444444 0.42824074074074076 0.5069444444444444 0.4236111111111111 0.5046296296296297 0.4212962962962963 0.5 0.4236111111111111 0.4861111111111111 0.4513888888888889 0.4861111111111111 0.4537037037037037 0.4837962962962963 0.4537037037037037 0.4513888888888889 0.4513888888888889 0.44907407407407407 0.42824074074074076 0.44907407407407407 0.4236111111111111 0.44675925925925924 0.41898148148148145 0.4398148148148148 0.4212962962962963 0.4305555555555556 0.4236111111111111 0.42824074074074076 0.4537037037037037 0.42824074074074076 0.45601851851851855 0.42592592592592593 0.4513888888888889 0.41435185185185186 0.4537037037037037 0.4097222222222222 0.49537037037037035 0.4097222222222222 0.4976851851851852 0.41203703703703703 0.4976851851851852 0.4236111111111111 0.5 0.42592592592592593 0.5300925925925926 0.42592592592592593 0.5416666666666666 0.4212962962962963 0.5555555555555556 0.4050925925925926 0.5902777777777778 0.4050925925925926
10 0.7013888888888888 0.46296296296296297 0.7060185185185185 0.4675925925925926 0.7037037037037037 0.4699074074074074 0.7037037037037037 0.47453703703703703 0.6921296296296297 0.48842592592592593 0.6805555555555556 0.49537037037037035 0.6759259259259259 0.49537037037037035 0.6689814814814815 0.5 0.6620370370370371 0.5 0.6597222222222222 0.5023148148148148 0.6481481481481481 0.5023148148148148 0.6458333333333334 0.5046296296296297 0.6064814814814815 0.5046296296296297 0.6018518518518519 0.5092592592592593 0.6018518518518519 0.5162037037037037 0.6041666666666666 0.5185185185185185 0.6041666666666666 0.5347222222222222 0.6018518518518519 0.5370370370370371 0.6064814814814815 0.5439814814814815 0.6273148148148148 0.5439814814814815 0.6296296296296297 0.5416666666666666 0.6388888888888888 0.5416666666666666 0.6412037037037037 0.5439814814814815 0.6597222222222222 0.5439814814814815 0.6620370370370371 0.5462962962962963 0.6689814814814815 0.5462962962962963 0.6712962962962963 0.5486111111111112 0.6828703703703703 0.5509259259259259 0.6875 0.5555555555555556 0.6944444444444444 0.5578703703703703 0.6944444444444444 0.5601851851851852 0.6990740740740741 0.5625 0.7060185185185185 0.5717592592592593 0.7060185185185185 0.5763888888888888 0.7083333333333334 0.5787037037037037 0.7083333333333334 0.5902777777777778 0.7037037037037037 0.5995370370370371 0.6967592592592593 0.6064814814814815 0.6759259259259259 0.6180555555555556 0.6712962962962963 0.6180555555555556 0.6620370370370371 0.6226851851851852 0.6527777777777778 0.6226851851851852 0.6504629629629629 0.625 0.6180555555555556 0.625 0.6157407407407407 0.6226851851851852 0.5995370370370371 0.6203703703703703 0.5787037037037037 0.6111111111111112 0.5648148148148148 0.5995370370370371 0.5601851851851852 0.5902777777777778 0.5601851851851852 0.5787037037037037 0.5578703703703703 0.5763888888888888 0.5601851851851852 0.5671296296296297 0.5555555555555556 0.5625 0.5509259259259259 0.5625 0.5486111111111112 0.5648148148148148 0.5324074074074074 0.5648148148148148 0.5254629629629629 0.5601851851851852 0.5254629629629629 0.5462962962962963 0.5300925925925926 0.5416666666666666 0.5555555555555556 0.5416666666666666 0.5578703703703703 0.5393518518518519 0.5578703703703703 0.5069444444444444 0.5555555555555556 0.5046296296296297 0.5277777777777778 0.5046296296296297 0.5231481481481481 0.5 0.5231481481481481 0.4861111111111111 0.5277777777777778 0.4837962962962963 0.5555555555555556 0.4837962962962963 0.5578703703703703 0.48148148148148145 0.5555555555555556 0.4699074074074074 0.5601851851851852 0.4652777777777778 0.5972222222222222 0.4652777777777778 0.6018518518518519 0.4675925925925926 0.6018518518518519 0.48148148148148145 0.6041666666666666 0.4837962962962963 0.6388888888888888 0.4837962962962963 0.6412037037037037 0.48148148148148145 0.6504629629629629 0.48148148148148145 0.6527777777777778 0.47685185185185186 0.6666666666666666 0.4652777777777778 0.6990740740740741 0.46296296296296297
8 0.42592592592592593 0.5462962962962963 0.4305555555555556 0.5439814814814815 0.45601851851851855 0.5439814814814815 0.4583333333333333 0.5462962962962963 0.46296296296296297 0.5462962962962963 0.47453703703703703 0.5555555555555556 0.4861111111111111 0.5578703703703703 0.49074074074074076 0.5625 0.4976851851851852 0.5625 0.5069444444444444 0.5763888888888888 0.5069444444444444 0.5902777777777778 0.5046296296296297 0.5925925925925926 0.5092592592592593 0.5995370370370371 0.5509259259259259 0.5995370370370371 0.5532407407407407 0.6018518518518519 0.5601851851851852 0.6018518518518519 0.5763888888888888 0.6134259259259259 0.5949074074074074 0.6226851851851852 0.6041666666666666 0.625 0.6064814814814815 0.6365740740740741 0.6087962962962963 0.6388888888888888 0.6087962962962963 0.6574074074074074 0.6111111111111112 0.6597222222222222 0.6365740740740741 0.6597222222222222 0.6412037037037037 0.6620370370370371 0.6412037037037037 0.6782407407407407 0.6388888888888888 0.6828703703703703 0.6296296296296297 0.6875 0.6134259259259259 0.6851851851851852 0.6087962962962963 0.6898148148148148 0.6111111111111112 0.7037037037037037 0.6203703703703703 0.7129629629629629 0.6458333333333334 0.7245370370370371 0.6458333333333334 0.7361111111111112 0.6388888888888888 0.7453703703703703 0.6180555555555556 0.7453703703703703 0.6157407407407407 0.7430555555555556 0.5995370370370371 0.7407407407407407 0.5810185185185185 0.7314814814814815 0.5671296296296297 0.7175925925925926 0.5648148148148148 0.7013888888888888 0.5625 0.6990740740740741 0.5625 0.6851851851851852 0.5601851851851852 0.6828703703703703 0.5162037037037037 0.6828703703703703 0.5138888888888888 0.6805555555555556 0.5046296296296297 0.6805555555555556 0.5023148148148148 0.6782407407407407 0.49074074074074076 0.6759259259259259 0.4791666666666667 0.6689814814814815 0.4675925925925926 0.6574074074074074 0.46296296296296297 0.6481481481481481 0.46296296296296297 0.6412037037037037 0.46064814814814814 0.6388888888888888 0.46064814814814814 0.6226851851851852 0.4583333333333333 0.6203703703703703 0.4351851851851852 0.6226851851851852 0.4305555555555556 0.6203703703703703 0.42824074074074076 0.6157407407407407 0.42824074074074076 0.6087962962962963 0.43287037037037035 0.6018518518518519 0.4375 0.5995370370370371 0.4583333333333333 0.5995370370370371 0.46296296296296297 0.5879629629629629 0.46064814814814814 0.5856481481481481 0.4583333333333333 0.5740740740740741 0.4537037037037037 0.5694444444444444 0.4375 0.5671296296296297 0.42592592592592593 0.5601851851851852 0.42592592592592593 0.5555555555555556 0.4236111111111111 0.5532407407407407 0.42592592592592593 0.5486111111111112
3 0.4236111111111111 0.5462962962962963 0.4236111111111111 0.5601851851851852 0.42592592592592593 0.5625 0.42592592592592593 0.5671296296296297 0.41435185185185186 0.5694444444444444 0.4050925925925926 0.5810185185185185 0.4074074074074074 0.5972222222222222 0.4097222222222222 0.5995370370370371 0.4166666666666667 0.5995370370370371 0.41898148148148145 0.6018518518518519 0.42824074074074076 0.5995370370370371 0.42824074074074076 0.6064814814814815 0.42592592592592593 0.6087962962962963 0.42824074074074076 0.6226851851851852 0.41435185185185186 0.6226851851851852 0.4097222222222222 0.6273148148148148 0.41203703703703703 0.6550925925925926 0.41435185185185186 0.6574074074074074 0.4583333333333333 0.6574074074074074 0.46064814814814814 0.6597222222222222 0.4652777777777778 0.6597222222222222 0.47685185185185186 0.6712962962962963 0.49537037037037035 0.6805555555555556 0.5046296296296297 0.6828703703703703 0.5092592592592593 0.6875 0.5092592592592593 0.6944444444444444 0.5115740740740741 0.6967592592592593 0.5092592592592593 0.7083333333333334 0.4930555555555556 0.7245370370370371 0.4652777777777778 0.7384259259259259 0.4537037037037037 0.7384259259259259 0.4513888888888889 0.7407407407407407 0.42592592592592593 0.7407407407407407 0.4236111111111111 0.7384259259259259 0.41435185185185186 0.7384259259259259 0.41203703703703703 0.7361111111111112 0.4050925925925926 0.7361111111111112 0.38657407407407407 0.7268518518518519 0.3773148148148148 0.7199074074074074 0.37037037037037035 0.7106481481481481 0.37037037037037035 0.7060185185185185 0.3680555555555556 0.7037037037037037 0.3680555555555556 0.6851851851851852 0.36342592592592593 0.6805555555555556 0.3587962962962963 0.6782407407407407 0.35648148148148145 0.6805555555555556 0.3402777777777778 0.6805555555555556 0.3333333333333333 0.6759259259259259 0.3333333333333333 0.6666666666666666 0.33796296296296297 0.6597222222222222 0.34953703703703703 0.6550925925925926 0.3587962962962963 0.6550925925925926 0.36342592592592593 0.6504629629629629 0.36342592592592593 0.6273148148148148 0.3587962962962963 0.6226851851851852 0.3333333333333333 0.6226851851851852 0.3287037037037037 0.6157407407407407 0.3333333333333333 0.6041666666666666 0.33564814814814814 0.6018518518518519 0.35648148148148145 0.6018518518518519 0.3611111111111111 0.5972222222222222 0.3611111111111111 0.5810185185185185 0.36574074074074076 0.5694444444444444 0.3819444444444444 0.5555555555555556 0.3912037037037037 0.5532407407407407 0.39814814814814814 0.5486111111111112 0.4212962962962963 0.5462962962962963
9 0.28703703703703703 0.5486111111111112 0.30092592592592593 0.5555555555555556 0.3148148148148148 0.5694444444444444 0.3148148148148148 0.5763888888888888 0.31712962962962965 0.5787037037037037 0.3148148148148148 0.5972222222222222 0.31712962962962965 0.5995370370370371 0.3333333333333333 0.6018518518518519 0.3287037037037037 0.6087962962962963 0.3287037037037037 0.6226851851851852 0.32175925925925924 0.6226851851851852 0.3148148148148148 0.6296296296296297 0.3194444444444444 0.6435185185185185 0.33101851851851855 0.6527777777777778 0.33796296296296297 0.6550925925925926 0.33101851851851855 0.6643518518518519 0.33101851851851855 0.6782407407407407 0.3125 0.6782407407407407 0.30324074074074076 0.6736111111111112 0.2962962962962963 0.6736111111111112 0.27314814814814814 0.6597222222222222 0.2662037037037037 0.6481481481481481 0.2662037037037037 0.6412037037037037 0.2638888888888889 0.6388888888888888 0.2662037037037037 0.6273148148148148 0.26157407407407407 0.6203703703703703 0.22453703703703703 0.6203703703703703 0.2222222222222222 0.6180555555555556 0.20601851851851852 0.6157407407407407 0.18981481481481483 0.6064814814814815 0.18055555555555555 0.5972222222222222 0.17592592592592593 0.5879629629629629 0.17592592592592593 0.5763888888888888 0.17824074074074073 0.5717592592592593 0.1875 0.5601851851851852 0.2037037037037037 0.5509259259259259 0.20833333333333334 0.5509259259259259 0.2175925925925926 0.5462962962962963 0.23842592592592593 0.5462962962962963 0.24074074074074073 0.5439814814814815 0.2662037037037037 0.5439814814814815 0.26851851851851855 0.5462962962962963 0.2847222222222222 0.5486111111111112
11 0.0848135 0.6745 0.08836589583333333 0.76325 0.08925399537037038 0.76925 0.09547069212962962 0.78125 0.11589698148148148 0.7845 0.13676731712962964 0.78525 0.14031971527777778 0.78225 0.15763765509259262 0.782 0.16163410416666668 0.7829999999999999 0.1696269976851852 0.7799999999999999 0.18561278935185185 0.7797499999999999 0.19227353472222222 0.7785000000000001 0.19316163425925925 0.7767499999999999 0.20248667824074074 0.7745 0.2109236226851852 0.77425 0.23001776157407405 0.7792500000000001 0.25177619907407406 0.78125 0.27708703472222224 0.78125 0.3028419189814815 0.7839999999999999 0.3219360578703704 0.78375 0.33658969907407404 0.7855 0.36545293055555556 0.7857500000000001 0.38232682175925925 0.7869999999999999 0.3903197152777778 0.78925 0.44360568287037033 0.79125 0.44893428009259256 0.79225 0.4764653634259259 0.7935 0.48046181250000003 0.7927500000000001 0.49111900462962965 0.79375 0.5093250439814815 0.79325 0.519982238425926 0.79475 0.5306394305555555 0.7945 0.5839254004629629 0.7985 0.5879218472222222 0.7997500000000001 0.7464476018518519 0.8042499999999999 0.7544404976851852 0.80575 0.835701599537037 0.80875 0.8506514212962962 0.80775 0.8801065717592592 0.8112499999999999 0.8935759328703704 0.81025 0.9067495555555555 0.8119999999999999 0.9253996458333333 0.8115 0.9351687384259258 0.81275 0.956483125 0.81275 0.9875666064814815 0.80725 0.9937833032407407 0.8042499999999999 0.999555951388889 0.7969999999999999 0.999555951388889 0.34750000000000003 0.9968916527777778 0.34525 0.9964476018518519 0.3425 0.9973357013888888 0.2915 0.9955595023148148 0.26175 0.9928952037037037 0.255 0.9875666064814815 0.24600000000000002 0.9689165185185185 0.233 0.9484902314814815 0.2265 0.9289520416666667 0.22325 0.9151865 0.2225 0.895204263888889 0.22325 0.8516873888888888 0.22724999999999998 0.8250444050925926 0.2285 0.8108348125 0.23049999999999998 0.7269094143518517 0.236 0.6931616342592593 0.23975000000000002 0.6287744236111111 0.24275 0.6127886319444444 0.245 0.5896980462962963 0.24600000000000002 0.5714920069444445 0.24825 0.5390763773148148 0.24925 0.520426287037037 0.252 0.44937833101851854 0.256 0.39964475925925924 0.261 0.3490230902777778 0.26325 0.3263765532407408 0.26625 0.24378330324074074 0.27175 0.22912966203703705 0.27399999999999997 0.20248667824074074 0.2755 0.1962699814814815 0.27649999999999997 0.18250443981481482 0.28125 0.17362344675925925 0.28025 0.1718472476851852 0.27575 0.15630550694444445 0.27399999999999997 0.15186500925925925 0.27225 0.12921847222222224 0.27125 0.12744227314814816 0.272 0.08792184722222222 0.2725 0.08792184722222222 0.27399999999999997 0.0848135 0.27499999999999997 0.08348134953703704 0.27725 0.07104795833333333 0.27649999999999997 0.06971580787037036 0.27925 0.06527531018518519 0.28099999999999997 0.06216696296296296 0.28500000000000003 0.06261101157407407 0.32525000000000004 0.0701598587962963 0.41424999999999995 0.07682060416666667 0.56375 0.0848135 0.6745
12 0.17601243287037036 0.26155125 0.07360568287037036 0.26155125 0.07360568287037036 0.78941375 0.17601243287037036 0.78941375 0.17601243287037036 0.26155125
13 0.42140319675925925 0.3685 0.4356127893518518 0.36875 0.4444937824074074 0.36424999999999996 0.4484902314814815 0.35775 0.4484902314814815 0.3485 0.4431616342592593 0.34175 0.4325044398148148 0.33725 0.4227353472222222 0.33675 0.41252220138888884 0.3385 0.4058614560185185 0.34175 0.39964475925925924 0.34824999999999995 0.4005328587962963 0.35925 0.4040852569444444 0.36350000000000005 0.41030195370370365 0.3665 0.42140319675925925 0.3685
13 0.6127886319444444 0.35850000000000004 0.6194493773148148 0.35975 0.6341030185185185 0.36000000000000004 0.6434280648148147 0.35625 0.6509769097222221 0.34875 0.6527531087962963 0.345 0.6527531087962963 0.3385 0.6465364120370369 0.3315 0.6363232685185186 0.32675000000000004 0.6194493773148148 0.326 0.6127886319444444 0.32749999999999996 0.6016873888888888 0.33299999999999996 0.5976909421296297 0.33825 0.5968028425925925 0.34600000000000003 0.5981349907407407 0.349 0.6016873888888888 0.35300000000000004 0.6127886319444444 0.35850000000000004
13 0.7300177615740742 0.41525 0.7433392546296297 0.41525 0.751776199074074 0.4125 0.7588809953703703 0.408 0.7633214930555555 0.4015 0.7628774421296297 0.39475000000000005 0.7584369444444445 0.38875 0.7513321481481482 0.3845 0.7375666064814815 0.3815 0.7304618125 0.3815 0.7206927175925926 0.384 0.7122557731481481 0.389 0.7069271759259259 0.39625 0.7069271759259259 0.4035 0.7122557731481481 0.40975 0.7184724699074074 0.413 0.7300177615740742 0.41525
13 0.5079928958333334 0.42175 0.5146536412037037 0.42274999999999996 0.5257548842592593 0.423 0.5364120787037037 0.42100000000000004 0.5452930717592592 0.41475 0.5515097685185185 0.40575 0.5634991111111111 0.40249999999999997 0.5652753101851852 0.40075 0.562166962962963 0.398 0.562166962962963 0.39525 0.5639431620370371 0.394 0.5590586134259259 0.391 0.5501776203703703 0.38675 0.5452930717592592 0.387 0.5355239791666667 0.3855 0.5222024861111111 0.387 0.5177619884259259 0.39075 0.5084369444444444 0.39225 0.499111900462963 0.401 0.4973357013888889 0.4045 0.49866785185185186 0.41125 0.5039964467592593 0.41975 0.5079928958333334 0.42175
13 0.3361456481481482 0.43174999999999997 0.34280639351851855 0.43425 0.35257548842592595 0.43425 0.35568383564814815 0.43524999999999997 0.3619005324074074 0.43425 0.36989342824074073 0.43125 0.3778863240740741 0.425 0.38143872222222225 0.4185 0.38143872222222225 0.41050000000000003 0.37921847222222227 0.40475 0.3765541736111111 0.40275 0.3765541736111111 0.401 0.36811722916666667 0.39875 0.36634103009259256 0.39725 0.35568383564814815 0.39525 0.34147424537037036 0.39475000000000005 0.3206039074074074 0.3995 0.31172291203703706 0.40425 0.3086145648148148 0.40925 0.30817051620370367 0.4185 0.31483126157407404 0.42624999999999996 0.3241563055555556 0.42974999999999997 0.3361456481481482 0.43174999999999997
13 0.2424511550925926 0.4875 0.2482238009259259 0.48775 0.2584369444444445 0.486 0.2664298402777778 0.47925 0.26953818749999997 0.474 0.26865008796296297 0.46925 0.26376554166666666 0.46325 0.25666074537037037 0.45949999999999996 0.2495559513888889 0.45799999999999996 0.2375666064814815 0.45875 0.23268206018518517 0.46 0.22646536342592594 0.46375 0.22246891666666666 0.46900000000000003 0.22202486574074076 0.47475 0.22646536342592594 0.48125 0.23357015972222223 0.4855 0.2424511550925926 0.4875
13 0.440053287037037 0.4825 0.44893428009259256 0.47875 0.45159857870370373 0.47125 0.45115453009259254 0.46299999999999997 0.44937833101851854 0.45925 0.44271758333333333 0.45475 0.43516873842592596 0.45449999999999996 0.42850799305555554 0.453 0.41785079861111113 0.45449999999999996 0.41030195370370365 0.45875 0.40630550694444445 0.46375 0.4054174074074074 0.4675 0.4067495555555556 0.47450000000000003 0.41829484953703705 0.48225 0.42673179398148153 0.48325 0.440053287037037 0.4825
13 0.6287744236111111 0.47950000000000004 0.6372113680555556 0.47925 0.646980462962963 0.47575 0.6536412083333333 0.47075 0.6585257546296297 0.46375 0.6558614560185185 0.45675 0.6523090578703703 0.45325 0.643872113425926 0.4485 0.6332149189814814 0.44725 0.6221136759259259 0.4475 0.6158969814814815 0.44875000000000004 0.6092362337962962 0.45249999999999996 0.6034635879629631 0.46 0.603019537037037 0.46725 0.6056838356481481 0.47175 0.6198934282407408 0.47825 0.6287744236111111 0.47950000000000004
13 0.8450266435185185 0.47375 0.8574600347222222 0.47425 0.8658969814814815 0.47300000000000003 0.8765541736111111 0.46775000000000005 0.8818827708333333 0.462 0.8832149189814814 0.45599999999999996 0.8801065717592592 0.44825000000000004 0.8698934282407408 0.44199999999999995 0.8592362337962962 0.43925 0.8459147430555555 0.439 0.8348135 0.44225 0.8272646527777778 0.44625 0.8228241574074074 0.4515 0.8210479583333333 0.46 0.8241563055555555 0.46525 0.8281527523148149 0.46849999999999997 0.8450266435185185 0.47375
13 0.7366785069444445 0.537 0.7486678518518518 0.53725 0.7548845462962963 0.536 0.7646536412037037 0.5307499999999999 0.7695381875 0.5257499999999999 0.7699822384259258 0.518 0.7655417407407407 0.51175 0.751776199074074 0.506 0.7300177615740742 0.5055000000000001 0.7202486689814814 0.50875 0.7131438726851852 0.5175 0.7126998217592593 0.523 0.7171403194444445 0.53 0.727353462962963 0.53475 0.7366785069444445 0.537
13 0.5222024861111111 0.539 0.5306394305555555 0.5395 0.5408525763888888 0.539 0.5484014212962963 0.53625 0.5541740671296297 0.52975 0.5546181180555555 0.52125 0.5501776203703703 0.51425 0.543516875 0.51075 0.539520425925926 0.50925 0.5328596805555555 0.50875 0.518650087962963 0.5097499999999999 0.5119893425925925 0.51275 0.5088809953703703 0.513 0.5044404976851852 0.5165 0.5044404976851852 0.52925 0.5079928958333334 0.53325 0.5150976898148149 0.53725 0.5222024861111111 0.539
13 0.3450266435185185 0.5425 0.35479573611111115 0.5415 0.3627886319444445 0.53825 0.36944937731481486 0.53275 0.37078152777777773 0.52975 0.37033747685185187 0.525 0.3650088819444445 0.5187499999999999 0.35568383564814815 0.5135 0.3485790416666667 0.51175 0.33570159953703704 0.5115 0.3277087037037037 0.5135 0.3197158078703704 0.51825 0.31616340972222223 0.525 0.31616340972222223 0.53025 0.32149200694444446 0.536 0.32992895138888884 0.54 0.3450266435185185 0.5425
13 0.2442273541666667 0.59725 0.2593250439814815 0.59725 0.2624333935185185 0.59625 0.2650976898148148 0.5885 0.2642095925925926 0.581 0.26110124305555554 0.5750000000000001 0.25532859722222223 0.5705 0.2477797523148148 0.5685 0.23801065740740743 0.5685 0.2282415625 0.57275 0.22513321527777777 0.57775 0.22513321527777777 0.585 0.23312611111111112 0.5925 0.23889875694444443 0.5954999999999999 0.2442273541666667 0.59725
13 0.43516873842592596 0.5975 0.45337477777777774 0.5957499999999999 0.4569271759259259 0.594 0.4595914745370371 0.5855 0.4582593240740741 0.57825 0.45515097685185185 0.5735 0.44893428009259256 0.56975 0.4365008888888889 0.5675 0.42317939583333336 0.569 0.416518650462963 0.57175 0.4098579050925926 0.57775 0.41119005324074076 0.589 0.41829484953703705 0.59375 0.4249555949074074 0.59625 0.43516873842592596 0.5975
13 0.6309946712962963 0.59875 0.6389875671296296 0.5994999999999999 0.6474245115740741 0.5985 0.6585257546296297 0.5932499999999999 0.6616341041666667 0.58925 0.6611900532407406 0.5812499999999999 0.6554174074074074 0.574 0.6465364120370369 0.56925 0.6349911180555556 0.56725 0.6198934282407408 0.56825 0.6154529305555556 0.56975 0.6114564837962964 0.57275 0.6083481342592593 0.5770000000000001 0.6083481342592593 0.58575 0.6145648310185186 0.59275 0.6225577268518518 0.5964999999999999 0.6309946712962963 0.59875
13 0.8419182939814815 0.5964999999999999 0.8516873888888888 0.599 0.8690053287037037 0.59975 0.8823268217592592 0.59375 0.8880994675925926 0.58875 0.8894316157407408 0.581 0.8854351689814814 0.574 0.8796625231481481 0.5695 0.8694493773148148 0.5665 0.8565719351851853 0.5655 0.8419182939814815 0.567 0.833037300925926 0.57275 0.8294849027777778 0.57675 0.8277087037037036 0.582 0.8285968032407408 0.58775 0.8312611018518519 0.5910000000000001 0.8419182939814815 0.5964999999999999
13 0.7313499120370369 0.656 0.7380106574074075 0.6585 0.7468916527777778 0.6595 0.7646536412037037 0.6585 0.7699822384259258 0.656 0.7757548842592592 0.6485 0.7766429837962963 0.64225 0.7739786851851852 0.637 0.7686500879629631 0.63275 0.7553285972222222 0.6285 0.7442273541666666 0.6269999999999999 0.7304618125 0.62975 0.7246891643518518 0.633 0.7215808171296296 0.6365000000000001 0.7202486689814814 0.64 0.7211367662037037 0.6477499999999999 0.7269094143518517 0.654 0.7313499120370369 0.656
13 0.522646537037037 0.652 0.5301953819444445 0.6545000000000001 0.5364120787037037 0.65525 0.5581705162037037 0.6547499999999999 0.5603907638888889 0.6479999999999999 0.559946712962963 0.6405000000000001 0.5550621666666666 0.63275 0.5492895208333333 0.62925 0.539520425925926 0.62575 0.5293072824074074 0.62525 0.5133214930555555 0.62925 0.5106571944444445 0.63275 0.5106571944444445 0.6395000000000001 0.5128774421296296 0.644 0.5182060393518518 0.6495 0.522646537037037 0.652
13 0.35568383564814815 0.65275 0.3605683842592593 0.6505000000000001 0.3627886319444445 0.6472500000000001 0.3627886319444445 0.63675 0.3619005324074074 0.6295000000000001 0.3596802847222222 0.6275 0.35257548842592595 0.6255000000000001 0.33747779861111116 0.625 0.32238010648148147 0.63 0.3197158078703704 0.6345 0.3197158078703704 0.6409999999999999 0.32682060416666664 0.6487499999999999 0.34147424537037036 0.65325 0.35568383564814815 0.65275
13 0.4356127893518518 0.7130000000000001 0.4462699814814815 0.7142499999999999 0.45248667824074074 0.7130000000000001 0.458703375 0.7100000000000001 0.46225577314814814 0.70525 0.46225577314814814 0.69925 0.458703375 0.693 0.45204262962962966 0.68775 0.44271758333333333 0.6845 0.4302841921296296 0.68375 0.41918294907407405 0.6862499999999999 0.41740675 0.6905 0.41740675 0.6995 0.42140319675925925 0.70525 0.4289520416666666 0.7104999999999999 0.4356127893518518 0.7130000000000001
13 0.6567495555555555 0.7207499999999999 0.6616341041666667 0.7207499999999999 0.6789520416666667 0.7170000000000001 0.6851687384259258 0.7145 0.690941386574074 0.7095 0.6940497337962962 0.7034999999999999 0.6944937824074074 0.6960000000000001 0.6891651875 0.6859999999999999 0.6776198935185185 0.67825 0.6607460046296296 0.6729999999999999 0.6478685601851851 0.67375 0.6412078148148148 0.68375 0.6336589699074074 0.68775 0.6198934282407408 0.6905 0.6145648310185186 0.6972499999999999 0.6150088819444444 0.7032499999999999 0.6221136759259259 0.7112499999999999 0.6332149189814814 0.71575 0.6567495555555555 0.7207499999999999