4 0.7199074074074074 0.34953703703703703 0.7314814814814815 0.3541666666666667 0.7453703703703703 0.36574074074074076 0.7476851851851852 0.37037037037037035 0.7476851851851852 0.3888888888888889 0.7453703703703703 0.39351851851851855 0.7476851851851852 0.3958333333333333 0.7523148148148148 0.39814814814814814 0.7777777777777778 0.39814814814814814 0.7800925925925926 0.40046296296296297 0.7916666666666666 0.40046296296296297 0.8171296296296297 0.41203703703703703 0.8217592592592593 0.4166666666666667 0.8263888888888888 0.42592592592592593 0.8263888888888888 0.4351851851851852 0.8217592592592593 0.43287037037037035 0.7986111111111112 0.43287037037037035 0.7916666666666666 0.4375 0.7893518518518519 0.4375 0.7893518518518519 0.4351851851851852 0.7731481481481481 0.4212962962962963 0.7453703703703703 0.4212962962962963 0.7407407407407407 0.42824074074074076 0.7337962962962963 0.42824074074074076 0.7314814814814815 0.42592592592592593 0.7083333333333334 0.42592592592592593 0.7013888888888888 0.4305555555555556 0.7037037037037037 0.42824074074074076 0.7037037037037037 0.4236111111111111 0.6967592592592593 0.4166666666666667 0.6736111111111112 0.41435185185185186 0.6712962962962963 0.41203703703703703 0.6550925925925926 0.41203703703703703 0.6504629629629629 0.41898148148148145 0.6412037037037037 0.41898148148148145 0.6365740740740741 0.4212962962962963 0.6342592592592593 0.41898148148148145 0.6157407407407407 0.41898148148148145 0.6157407407407407 0.41203703703703703 0.6111111111111112 0.4074074074074074 0.5995370370370371 0.4074074074074074 0.5972222222222222 0.4050925925925926 0.5717592592592593 0.4074074074074074 0.5671296296296297 0.4097222222222222 0.5648148148148148 0.41435185185185186 0.5486111111111112 0.41203703703703703 0.5462962962962963 0.4097222222222222 0.5277777777777778 0.4097222222222222 0.5439814814814815 0.3912037037037037 0.5486111111111112 0.3912037037037037 0.5648148148148148 0.38425925925925924 0.5925925925925926 0.3819444444444444 0.5949074074074074 0.38425925925925924 0.6134259259259259 0.38425925925925924 0.6157407407407407 0.38657407407407407 0.6226851851851852 0.3819444444444444 0.6226851851851852 0.3773148148148148 0.6296296296296297 0.36574074074074076 0.6388888888888888 0.35648148148148145 0.6504629629629629 0.34953703703703703 0.6712962962962963 0.3472222222222222 0.6736111111111112 0.3449074074074074 0.6944444444444444 0.3449074074074074 0.6967592592592593 0.3472222222222222 0.7106481481481481 0.3472222222222222 0.7129629629629629 0.34953703703703703 0.7175925925925926 0.34953703703703703
2 0.5648148148148148 0.41435185185185186 0.5648148148148148 0.4236111111111111 0.5787037037037037 0.43287037037037035 0.5972222222222222 0.43287037037037035 0.5995370370370371 0.4305555555555556 0.6041666666666666 0.4305555555555556 0.6111111111111112 0.4236111111111111 0.6111111111111112 0.4166666666666667 0.6226851851851852 0.4166666666666667 0.625 0.41898148148148145 0.6504629629629629 0.41898148148148145 0.6481481481481481 0.4212962962962963 0.6481481481481481 0.4305555555555556 0.6504629629629629 0.4351851851851852 0.6527777777777778 0.4375 0.6643518518518519 0.4375 0.6666666666666666 0.4398148148148148 0.6921296296296297 0.4398148148148148 0.7037037037037037 0.4305555555555556 0.7037037037037037 0.42592592592592593 0.7083333333333334 0.42592592592592593 0.7106481481481481 0.42824074074074076 0.7407407407407407 0.42824074074074076 0.7384259259259259 0.43287037037037035 0.7407407407407407 0.4375 0.7523148148148148 0.44675925925925924 0.7731481481481481 0.44675925925925924 0.7754629629629629 0.4444444444444444 0.7800925925925926 0.4444444444444444 0.7870370370370371 0.4375 0.7870370370370371 0.43287037037037035 0.8263888888888888 0.43287037037037035 0.8240740740740741 0.44675925925925924 0.8009259259259259 0.46296296296296297 0.7962962962962963 0.46296296296296297 0.7893518518518519 0.4675925925925926 0.7824074074074074 0.4675925925925926 0.7800925925925926 0.4699074074074074 0.7384259259259259 0.4699074074074074 0.7337962962962963 0.4675925925925926 0.7222222222222222 0.48148148148148145 0.6967592592592593 0.48148148148148145 0.6921296296296297 0.4791666666666667 0.6921296296296297 0.4652777777777778 0.6898148148148148 0.46296296296296297 0.6620370370370371 0.46064814814814814 0.6597222222222222 0.4583333333333333 0.6435185185185185 0.4583333333333333 0.6388888888888888 0.46296296296296297 0.6365740740740741 0.4699074074074074 0.6273148148148148 0.47453703703703703 0.6087962962962963 0.47453703703703703 0.6064814814814815 0.4722222222222222 0.6018518518518519 0.4722222222222222 0.5995370370370371 0.4699074074074074 0.6018518518518519 0.4652777777777778 0.6018518518518519 0.46064814814814814 0.5995370370370371 0.4583333333333333 0.5949074074074074 0.4583333333333333 0.5925925925925926 0.45601851851851855 0.5717592592592593 0.45601851851851855 0.5694444444444444 0.4537037037037037 0.5555555555555556 0.4513888888888889 0.5439814814814815 0.4444444444444444 0.5254629629629629 0.42824074074074076 0.5231481481481481 0.4236111111111111 0.5254629629629629 0.4212962962962963 0.5254629629629629 0.41203703703703703 0.5277777777777778 0.4097222222222222 0.5324074074074074 0.41203703703703703 0.5509259259259259 0.41203703703703703 0.5532407407407407 0.41435185185185186 0.5625 0.41435185185185186
9 0.4861111111111111 0.4212962962962963 0.48842592592592593 0.4236111111111111 0.5023148148148148 0.4236111111111111 0.5185185185185185 0.4305555555555556 0.5254629629629629 0.4305555555555556 0.5324074074074074 0.4351851851851852 0.5439814814814815 0.44907407407407407 0.5439814814814815 0.46064814814814814 0.5416666666666666 0.46296296296296297 0.5393518518518519 0.47453703703703703 0.5439814814814815 0.4791666666666667 0.5601851851851852 0.4791666666666667 0.5625 0.48148148148148145 0.5625 0.48842592592592593 0.5578703703703703 0.5 0.5462962962962963 0.5023148148148148 0.5347222222222222 0.4976851851851852 0.5254629629629629 0.5092592592592593 0.5254629629629629 0.5185185185185185 0.5324074074074074 0.5254629629629629 0.5462962962962963 0.5324074074074074 0.5416666666666666 0.5509259259259259 0.5347222222222222 0.5509259259259259 0.5324074074074074 0.5486111111111112 0.5254629629629629 0.5486111111111112 0.5231481481481481 0.5462962962962963 0.5115740740740741 0.5439814814814815 0.4976851851851852 0.5347222222222222 0.49074074074074076 0.5208333333333334 0.49074074074074076 0.5069444444444444 0.4930555555555556 0.5046296296296297 0.4930555555555556 0.4976851851851852 0.49074074074074076 0.49537037037037035 0.4583333333333333 0.49074074074074076 0.4444444444444444 0.48148148148148145 0.4398148148148148 0.48148148148148145 0.43287037037037035 0.47453703703703703 0.42592592592592593 0.4722222222222222 0.4212962962962963 0.46296296296296297 0.4212962962962963 0.44907407407407407 0.42824074074074076 0.4375 0.4398148148148148 0.4305555555555556 0.4444444444444444 0.4305555555555556 0.46064814814814814 0.4236111111111111 0.4837962962962963 0.4212962962962963
3 0.23842592592592593 0.4375 0.2638888888888889 0.4375 0.27546296296296297 0.44212962962962965 0.27314814814814814 0.4513888888888889 0.2777777777777778 0.45601851851851855 0.2986111111111111 0.45601851851851855 0.30092592592592593 0.4583333333333333 0.3148148148148148 0.4583333333333333 0.31712962962962965 0.46064814814814814 0.3263888888888889 0.45601851851851855 0.3263888888888889 0.4513888888888889 0.33101851851851855 0.4444444444444444 0.3541666666666667 0.4444444444444444 0.35648148148148145 0.44675925925925924 0.3611111111111111 0.44675925925925924 0.36574074074074076 0.4513888888888889 0.36574074074074076 0.45601851851851855 0.36342592592592593 0.4583333333333333 0.3680555555555556 0.46296296296296297 0.39814814814814814 0.4652777777777778 0.40046296296296297 0.4675925925925926 0.4097222222222222 0.4675925925925926 0.4166666666666667 0.4722222222222222 0.42592592592592593 0.47453703703703703 0.4375 0.4861111111111111 0.44212962962962965 0.4976851851851852 0.44212962962962965 0.5023148148148148 0.4050925925925926 0.5023148148148148 0.4050925925925926 0.4976851851851852 0.39814814814814814 0.49074074074074076 0.38657407407407407 0.4861111111111111 0.3726851851851852 0.4861111111111111 0.3611111111111111 0.49074074074074076 0.35648148148148145 0.49537037037037035 0.3449074074074074 0.49537037037037035 0.3425925925925926 0.4930555555555556 0.3148148148148148 0.4930555555555556 0.3194444444444444 0.48842592592592593 0.3148148148148148 0.48148148148148145 0.30787037037037035 0.48148148148148145 0.3055555555555556 0.4791666666666667 0.27314814814814814 0.4791666666666667 0.2523148148148148 0.4976851851851852 0.25 0.5046296296296297 0.22453703703703703 0.5092592592592593 0.21296296296296297 0.5185185185185185 0.19907407407407407 0.5185185185185185 0.19212962962962962 0.5231481481481481 0.18981481481481483 0.5208333333333334 0.16666666666666666 0.5185185185185185 0.16435185185185186 0.5162037037037037 0.1527777777777778 0.5138888888888888 0.14814814814814814 0.5092592592592593 0.1412037037037037 0.5069444444444444 0.12962962962962962 0.49537037037037035 0.12731481481481483 0.49074074074074076 0.12731481481481483 0.4791666666666667 0.12962962962962962 0.47453703703703703 0.14351851851851852 0.46064814814814814 0.1527777777777778 0.45601851851851855 0.1597222222222222 0.45601851851851855 0.16203703703703703 0.4537037037037037 0.17824074074074073 0.4513888888888889 0.18055555555555555 0.44907407407407407 0.21064814814814814 0.44907407407407407 0.21296296296296297 0.4513888888888889 0.22916666666666666 0.4537037037037037 0.23842592592592593 0.4398148148148148
1 0.3402777777777778 0.49537037037037035 0.34953703703703703 0.5 0.34953703703703703 0.5069444444444444 0.3472222222222222 0.5092592592592593 0.35185185185185186 0.5138888888888888 0.3888888888888889 0.5162037037037037 0.39814814814814814 0.5115740740740741 0.4074074074074074 0.5023148148148148 0.4305555555555556 0.5023148148148148 0.43287037037037035 0.5046296296296297 0.4398148148148148 0.5046296296296297 0.4398148148148148 0.5138888888888888 0.42824074074074076 0.5254629629629629 0.4097222222222222 0.5347222222222222 0.40046296296296297 0.5347222222222222 0.39814814814814814 0.5370370370370371 0.34953703703703703 0.5370370370370371 0.3449074074074074 0.5347222222222222 0.33796296296296297 0.5416666666666666 0.33101851851851855 0.5601851851851852 0.33564814814814814 0.5648148148148148 0.3541666666666667 0.5671296296296297 0.35648148148148145 0.5717592592592593 0.3541666666666667 0.5740740740740741 0.3541666666666667 0.5810185185185185 0.34953703703703703 0.5879629629629629 0.3287037037037037 0.5879629629629629 0.32407407407407407 0.5856481481481481 0.31712962962962965 0.5949074074074074 0.31712962962962965 0.5995370370370371 0.3148148148148148 0.6018518518518519 0.31712962962962965 0.6111111111111112 0.32175925925925924 0.6157407407407407 0.33101851851851855 0.6180555555555556 0.33796296296296297 0.625 0.33564814814814814 0.6365740740740741 0.33101851851851855 0.6412037037037037 0.3194444444444444 0.6412037037037037 0.2986111111111111 0.6319444444444444 0.29398148148148145 0.6319444444444444 0.28703703703703703 0.6273148148148148 0.27546296296296297 0.6134259259259259 0.27546296296296297 0.5949074074074074 0.2800925925925926 0.5879629629629629 0.2800925925925926 0.5833333333333334 0.27546296296296297 0.5787037037037037 0.24768518518518517 0.5787037037037037 0.23842592592592593 0.5740740740740741 0.23148148148148148 0.5740740740740741 0.2175925925925926 0.5671296296296297 0.2037037037037037 0.5555555555555556 0.2013888888888889 0.5509259259259259 0.2013888888888889 0.5370370370370371 0.21064814814814814 0.5231481481481481 0.2337962962962963 0.5115740740740741 0.24537037037037038 0.5115740740740741 0.24768518518518517 0.5092592592592593 0.25925925925925924 0.5092592592592593 0.26157407407407407 0.5069444444444444 0.3101851851851852 0.5092592592592593 0.3148148148148148 0.5046296296296297 0.3148148148148148 0.4976851851851852 0.31712962962962965 0.49537037037037035 0.33796296296296297 0.49537037037037035
11 0 0.637 0.003108347222222222 0.638 0.0053285972222222215 0.6405000000000001 0.009325043981481483 0.6409999999999999 0.012433393518518519 0.644 0.025754884259259262 0.649 0.04662522222222222 0.65225 0.06616340972222222 0.653 0.0901420949074074 0.656 0.09902309027777777 0.65625 0.10834813425925925 0.6549999999999999 0.11634103009259258 0.657 0.12833037268518518 0.6582499999999999 0.13143872222222222 0.657 0.13543516898148147 0.657 0.1407637662037037 0.65925 0.14964475925925924 0.6605 0.16296625231481482 0.65925 0.16829484953703702 0.66225 0.17584369444444445 0.6619999999999999 0.20959147453703703 0.66675 0.2375666064814815 0.6677500000000001 0.31705150925925923 0.6755 0.36989342824074073 0.6795 0.38454706944444444 0.6795 0.39387211342592593 0.68125 0.48046181250000003 0.6880000000000001 0.5217584375 0.69275 0.5386323263888889 0.6935 0.5617229120370371 0.6962499999999999 0.5763765532407408 0.6962499999999999 0.6416518657407407 0.7032499999999999 0.7722024861111111 0.7130000000000001 0.7881882777777778 0.71525 0.8210479583333333 0.7167500000000001 0.833037300925926 0.71525 0.8516873888888888 0.711 0.8690053287037037 0.7030000000000001 0.876998224537037 0.6957500000000001 0.8836589699074074 0.684 0.8863232685185186 0.671 0.918294849537037 0.347 0.918294849537037 0.34149999999999997 0.9103019537037037 0.33275 0.9094138541666666 0.32075 0.91740675 0.31075 0.9191829490740742 0.30450000000000005 0.9178507986111112 0.30100000000000005 0.9227353472222222 0.29675 0.9222912962962964 0.293 0.9271758425925926 0.2835 0.9267317939814815 0.27925 0.9218472476851851 0.27675 0.9205150972222222 0.27375 0.9218472476851851 0.2725 0.9178507986111112 0.27225 0.9156305509259259 0.26975 0.9129662523148149 0.269 0.9023090578703703 0.269 0.8907637662037038 0.26725 0.8752220254629629 0.26675 0.8534635879629631 0.2645 0.8428063935185185 0.26525 0.831705150462963 0.26375 0.8268206041666667 0.264 0.8037300185185186 0.2605 0.7775310833333333 0.25925 0.7375666064814815 0.25475000000000003 0.6714031967592592 0.24925 0.5928063935185185 0.24425000000000002 0.581705150462963 0.24275 0.5763765532407408 0.24325 0.5679396087962962 0.241 0.5510657199074074 0.2395 0.5284191828703704 0.23900000000000002 0.4977797523148148 0.23525 0.46802841898148145 0.23375 0.3596802847222222 0.224 0.1962699814814815 0.21125000000000002 0.18872113657407408 0.21175 0.18206039120370368 0.21050000000000002 0.16696269907407407 0.21175 0.15941385416666665 0.21575 0.1531971574074074 0.2235 0.14964475925925924 0.23625000000000002 0.15008881018518516 0.24325 0.10879218518518519 0.33 0.10879218518518519 0.3385 0.1047957361111111 0.342 0.10035524074074074 0.357 0.09635879166666667 0.3605 0.09103019444444443 0.3695 0.0026642986111111108 0.56975 0.002220247685185185 0.6027499999999999 0 0.60625 0 0.637
12 0.9771336597222222 0.23501 0.1272890763888889 0.23501 0.1272890763888889 0.30751 0.9771336597222222 0.30751 0.9771336597222222 0.23501
13 0.4227353472222222 0.3265 0.4325044398148148 0.32949999999999996 0.43960923611111113 0.33 0.44937833101851854 0.3285 0.4555950277777778 0.325 0.4582593240740741 0.321 0.4582593240740741 0.31375 0.4555950277777778 0.31 0.44937833101851854 0.3065 0.4391651875 0.30474999999999997 0.4316163402777778 0.30474999999999997 0.42140319675925925 0.307 0.4151865 0.31150000000000005 0.41429840046296296 0.31699999999999995 0.41563055092592593 0.32075 0.41829484953703705 0.3245 0.4227353472222222 0.3265
13 0.603019537037037 0.345 0.6087921851851852 0.345 0.6198934282407408 0.34299999999999997 0.6265541736111111 0.33825 0.6283303726851851 0.33475 0.6274422731481482 0.32525000000000004 0.6207815277777777 0.321 0.6154529305555556 0.3195 0.6039076365740741 0.31875 0.5932504444444445 0.32025000000000003 0.5870337476851852 0.3235 0.5839254004629629 0.32825 0.583481349537037 0.33425 0.5870337476851852 0.3385 0.5941385439814815 0.3425 0.603019537037037 0.345
13 0.7015985787037037 0.39025 0.7060390763888889 0.38775000000000004 0.7069271759259259 0.38225000000000003 0.7038188287037037 0.3765 0.6984902314814815 0.37274999999999997 0.687833037037037 0.36975 0.6762877453703703 0.36975 0.6687388981481481 0.37175 0.6660745995370371 0.37325 0.6611900532407406 0.38 0.6607460046296296 0.3835 0.6625222013888888 0.3855 0.6714031967592592 0.3885 0.7015985787037037 0.39025
13 0.5039964467592593 0.38175 0.5177619884259259 0.38125 0.5222024861111111 0.37975 0.5310834814814815 0.37325 0.5310834814814815 0.3625 0.5284191828703704 0.3595 0.5190941388888889 0.35575 0.5071047962962963 0.35524999999999995 0.49866785185185186 0.35625 0.4902309050925926 0.36000000000000004 0.4871225578703704 0.36424999999999996 0.4871225578703704 0.37 0.4902309050925926 0.3765 0.499111900462963 0.381 0.5039964467592593 0.38175
13 0.3237122546296296 0.365 0.33214920138888887 0.3665 0.3490230902777778 0.3665 0.3570159861111111 0.362 0.3596802847222222 0.35625 0.3592362337962963 0.3485 0.3570159861111111 0.34525 0.35035524074074076 0.342 0.3419182939814815 0.3405 0.3303730023148148 0.3405 0.3188277083333333 0.34474999999999995 0.31394316203703704 0.34875 0.3134991111111111 0.35225 0.31616340972222223 0.35850000000000004 0.3197158078703704 0.36275 0.3237122546296296 0.365
13 0.23401421064814815 0.405 0.24156305555555554 0.40425 0.2477797523148148 0.40249999999999997 0.2535523981481482 0.39775 0.2557726458333333 0.39325 0.25532859722222223 0.3875 0.2531083472222222 0.3835 0.2442273541666667 0.379 0.23401421064814815 0.37775 0.2202486689814815 0.37949999999999995 0.21225577314814817 0.3835 0.2091474236111111 0.387 0.21003552314814816 0.39525 0.21669627083333334 0.40175000000000005 0.2202486689814815 0.403 0.23401421064814815 0.405
13 0.39920071064814816 0.41925 0.40719360648148145 0.42025 0.42095914814814817 0.41925 0.43072824074074073 0.413 0.43294849074074077 0.40850000000000003 0.4311722916666667 0.40075 0.42850799305555554 0.3975 0.4205150972222222 0.394 0.41341030092592596 0.393 0.39742451157407405 0.394 0.3903197152777778 0.39775 0.38676731712962964 0.4015 0.3854351689814815 0.4045 0.38676731712962964 0.41125 0.39387211342592593 0.41750000000000004 0.39920071064814816 0.41925
13 0.5968028425925925 0.43125 0.603019537037037 0.43024999999999997 0.6065719351851853 0.42525 0.6079040856481482 0.41825 0.6070159861111111 0.41475 0.6016873888888888 0.41074999999999995 0.5919182939814815 0.40850000000000003 0.5812611018518519 0.40825 0.5701598587962963 0.41125 0.5634991111111111 0.416 0.5639431620370371 0.42124999999999996 0.5670515092592593 0.425 0.5763765532407408 0.42925 0.5968028425925925 0.43125
13 0.7571047962962963 0.44549999999999995 0.7722024861111111 0.44575 0.7793072824074074 0.44425 0.7833037291666666 0.4415 0.7850799282407408 0.43875 0.7841918287037037 0.432 0.7801953819444444 0.427 0.7722024861111111 0.42324999999999996 0.7659857893518519 0.42225 0.750444048611111 0.423 0.7473357013888888 0.424 0.7428952037037037 0.42775 0.7411190046296297 0.431 0.7411190046296297 0.4395 0.7460035532407407 0.443 0.7508880995370371 0.4445 0.7571047962962963 0.44549999999999995
13 0.6571936064814815 0.48825 0.6651865 0.48825 0.6749555949074074 0.48724999999999996 0.6820603912037037 0.48475 0.6860568379629629 0.47825 0.6847246898148148 0.47125 0.6811722916666667 0.46649999999999997 0.6749555949074074 0.46375 0.6638543518518518 0.46225 0.6523090578703703 0.46299999999999997 0.6474245115740741 0.46449999999999997 0.6412078148148148 0.4715 0.6403197152777778 0.47800000000000004 0.6416518657407407 0.48075 0.6509769097222221 0.487 0.6571936064814815 0.48825
13 0.4871225578703704 0.47075 0.499111900462963 0.47100000000000003 0.501776199074074 0.47025 0.5057726458333334 0.46325 0.5066607453703704 0.45775 0.5031083472222222 0.45249999999999996 0.4977797523148148 0.4495 0.4857904074074074 0.4475 0.4738010648148148 0.44825000000000004 0.46625221990740745 0.451 0.4613676736111111 0.45625 0.46092362268518516 0.46 0.4626998217592593 0.4635 0.46936056944444443 0.46725 0.4871225578703704 0.47075
13 0.3210479583333334 0.45725000000000005 0.3250444050925926 0.453 0.32859680324074075 0.444 0.32238010648148147 0.4345 0.31305506250000004 0.432 0.29706927083333334 0.4325 0.2881882777777778 0.43575 0.28285968055555555 0.44225 0.2824156296296296 0.447 0.2895204259259259 0.45425 0.3055062175925926 0.4565 0.3210479583333334 0.45725000000000005
13 0.18250443981481482 0.497 0.19849023148148148 0.4975 0.2033747777777778 0.49675 0.2144760208333333 0.49175 0.21758437037037037 0.48775 0.21758437037037037 0.47775 0.206483125 0.47324999999999995 0.20071047916666665 0.47250000000000003 0.18561278935185185 0.47324999999999995 0.17673179398148148 0.47625 0.17095914814814817 0.481 0.1696269976851852 0.486 0.17140319675925927 0.491 0.17806394212962964 0.49574999999999997 0.18250443981481482 0.497
13 0.37033747685185187 0.5135 0.38321491898148147 0.514 0.3912078148148148 0.5125000000000001 0.39920071064814816 0.5085 0.4027531087962963 0.505 0.4040852569444444 0.50125 0.39698046296296297 0.4925 0.39209591435185187 0.48975 0.38454706944444444 0.48825 0.3712255763888889 0.48874999999999996 0.36634103009259256 0.4895 0.3610124328703704 0.4935 0.3574600347222222 0.4995 0.3601243333333333 0.50875 0.36323268287037036 0.5115 0.37033747685185187 0.5135
13 0.5586145648148149 0.5295 0.5741563055555555 0.529 0.5794849027777778 0.5265 0.5839254004629629 0.5225 0.5852575486111111 0.51525 0.5821492013888888 0.50875 0.5750444050925926 0.5045 0.5679396087962962 0.5025000000000001 0.5603907638888889 0.5025000000000001 0.5466252222222222 0.506 0.542628775462963 0.5085 0.5399644768518519 0.51275 0.539520425925926 0.51775 0.542628775462963 0.52275 0.5501776203703703 0.5275 0.5586145648148149 0.5295
13 0.7557726458333334 0.5455 0.7677619884259259 0.5409999999999999 0.771314386574074 0.53625 0.771314386574074 0.53025 0.7664298402777777 0.5235 0.7584369444444445 0.519 0.749555951388889 0.5175 0.7317939606481482 0.519 0.727353462962963 0.52125 0.7229129652777778 0.52625 0.7215808171296296 0.52925 0.7229129652777778 0.5355 0.7335701597222223 0.544 0.7557726458333334 0.5455
13 0.6358792175925926 0.589 0.6514209583333334 0.589 0.6594138541666666 0.587 0.6678507986111112 0.579 0.6687388981481481 0.57425 0.6651865 0.56825 0.6540852569444445 0.5615 0.6478685601851851 0.56025 0.6389875671296296 0.56025 0.6296625231481481 0.5625 0.6207815277777777 0.5675 0.6185612777777778 0.571 0.6185612777777778 0.57675 0.623001775462963 0.5835 0.6278863240740741 0.5865 0.6358792175925926 0.589
13 0.4498223796296297 0.57275 0.46403197222222226 0.57325 0.4711367662037037 0.57175 0.4764653634259259 0.56875 0.4809058611111111 0.56375 0.48134991203703703 0.5565 0.47690941435185186 0.5499999999999999 0.4706927175925926 0.54675 0.4626998217592593 0.545 0.4555950277777778 0.54475 0.4449378333333333 0.54675 0.437833037037037 0.5499999999999999 0.43339253935185185 0.5565 0.43294849074074077 0.56075 0.4356127893518518 0.56575 0.44271758333333333 0.571 0.4498223796296297 0.57275
13 0.27708703472222224 0.558 0.2859680277777778 0.5565 0.2908525763888889 0.5515 0.2939609236111111 0.5435 0.2939609236111111 0.53925 0.2917406759259259 0.53575 0.2864120787037037 0.53275 0.2753108356481481 0.5305 0.26154529398148146 0.5307499999999999 0.25177619907407406 0.53325 0.24511545370370372 0.539 0.24555950231481483 0.54675 0.2535523981481482 0.5545 0.2602131435185185 0.55625 0.27708703472222224 0.558
13 0.36234458333333336 0.6160000000000001 0.37033747685185187 0.61025 0.37255772685185184 0.603 0.3712255763888889 0.5982500000000001 0.36634103009259256 0.5932499999999999 0.3587921851851852 0.58975 0.3516873888888889 0.589 0.3348135 0.59025 0.3272646527777778 0.59375 0.32326820601851847 0.599 0.3219360578703704 0.605 0.3237122546296296 0.6092500000000001 0.3383658958333334 0.62025 0.36234458333333336 0.6160000000000001
13 0.5501776203703703 0.6337499999999999 0.5572824166666667 0.63025 0.5617229120370371 0.625 0.5617229120370371 0.615 0.5568383657407407 0.61 0.5439609236111111 0.605 0.5350799282407407 0.60475 0.5261989351851851 0.606 0.5177619884259259 0.61075 0.5133214930555555 0.6167499999999999 0.5128774421296296 0.6225 0.516873888888889 0.6285 0.5324156296296296 0.6347499999999999 0.5501776203703703 0.6337499999999999