10 0.3541666666666667 0.49537037037037035 0.3611111111111111 0.5 0.3611111111111111 0.5069444444444444 0.3680555555555556 0.5115740740740741 0.4050925925925926 0.5115740740740741 0.4074074074074074 0.5092592592592593 0.41203703703703703 0.5092592592592593 0.41435185185185186 0.5115740740740741 0.41898148148148145 0.5069444444444444 0.41898148148148145 0.49537037037037035 0.4236111111111111 0.4930555555555556 0.4583333333333333 0.4930555555555556 0.4583333333333333 0.5023148148148148 0.46296296296296297 0.5092592592592593 0.5162037037037037 0.5092592592592593 0.5347222222222222 0.5185185185185185 0.5393518518518519 0.5185185185185185 0.5532407407407407 0.5300925925925926 0.5578703703703703 0.5393518518518519 0.5578703703703703 0.5555555555555556 0.5439814814814815 0.5717592592592593 0.5324074074074074 0.5787037037037037 0.5277777777777778 0.5787037037037037 0.5185185185185185 0.5833333333333334 0.5069444444444444 0.5833333333333334 0.5046296296296297 0.5856481481481481 0.47685185185185186 0.5856481481481481 0.47453703703703703 0.5833333333333334 0.4652777777777778 0.5833333333333334 0.45601851851851855 0.5787037037037037 0.44907407407407407 0.5787037037037037 0.4444444444444444 0.5740740740740741 0.4375 0.5717592592592593 0.42592592592592593 0.5601851851851852 0.4236111111111111 0.5462962962962963 0.4212962962962963 0.5439814814814815 0.4212962962962963 0.5347222222222222 0.41898148148148145 0.5324074074074074 0.41435185185185186 0.5300925925925926 0.41203703703703703 0.5324074074074074 0.37037037037037035 0.5324074074074074 0.36574074074074076 0.5370370370370371 0.36574074074074076 0.5532407407407407 0.3611111111111111 0.5648148148148148 0.3449074074074074 0.5787037037037037 0.3402777777777778 0.5787037037037037 0.3263888888888889 0.5856481481481481 0.31712962962962965 0.5856481481481481 0.3148148148148148 0.5879629629629629 0.29398148148148145 0.5879629629629629 0.29398148148148145 0.5717592592592593 0.2986111111111111 0.5671296296296297 0.3101851851851852 0.5671296296296297 0.3194444444444444 0.5601851851851852 0.32407407407407407 0.5509259259259259 0.32407407407407407 0.5393518518518519 0.3194444444444444 0.5347222222222222 0.29398148148148145 0.5347222222222222 0.28935185185185186 0.5300925925925926 0.28935185185185186 0.5162037037037037 0.2916666666666667 0.5138888888888888 0.3194444444444444 0.5115740740740741 0.32175925925925924 0.5092592592592593 0.3194444444444444 0.4976851851851852 0.32407407407407407 0.4976851851851852 0.3263888888888889 0.49537037037037035 0.35185185185185186 0.49537037037037035
11 0.07992895138888889 0.254 0.08126110185185186 0.26075000000000004 0.07859680324074075 0.26775 0.07904085185185185 0.28099999999999997 0.08259325 0.29325 0.08792184722222222 0.33475 0.09857904166666666 0.443 0.10301953703703705 0.46025 0.10612788657407408 0.46625 0.10390763657407406 0.46950000000000003 0.10301953703703705 0.47875 0.10790408564814814 0.54525 0.1092362337962963 0.55075 0.11545293055555556 0.55075 0.11678508101851852 0.5527500000000001 0.11412078240740742 0.5585 0.11056838425925927 0.5599999999999999 0.11412078240740742 0.58525 0.11678508101851852 0.58925 0.11500888194444443 0.59775 0.11500888194444443 0.61425 0.11989342824074074 0.6332500000000001 0.11856127777777778 0.63725 0.1212255763888889 0.6719999999999999 0.12788632407407408 0.7090000000000001 0.12833037268518518 0.7347499999999999 0.1332149189814815 0.74625 0.13232682175925928 0.7517499999999999 0.13499111805555555 0.7545000000000001 0.1505328587962963 0.758 0.15364120833333333 0.7597499999999999 0.15452930787037036 0.76225 0.16829484953703702 0.7627499999999999 0.17051509722222222 0.762 0.1727353472222222 0.7585000000000001 0.19271758333333333 0.7589999999999999 0.20470692824074074 0.7582500000000001 0.206483125 0.7589999999999999 0.21181172222222222 0.75525 0.22380106481481482 0.75525 0.2353463587962963 0.7515000000000001 0.23001776157407405 0.74775 0.23223801157407406 0.74575 0.2375666064814815 0.747 0.24511545370370372 0.7465 0.25133214814814814 0.7487499999999999 0.25399644675925925 0.747 0.2602131435185185 0.7475 0.2619893425925926 0.7484999999999999 0.2677619884259259 0.7482500000000001 0.2713143865740741 0.74975 0.2895204259259259 0.7512500000000001 0.31927175925925927 0.75 0.3383658958333334 0.75075 0.36856127777777775 0.7487499999999999 0.38365896990740744 0.74925 0.4049733564814815 0.7482500000000001 0.40896980555555557 0.749 0.4196269976851852 0.7472500000000001 0.440053287037037 0.7472500000000001 0.47846358796296296 0.7442500000000001 0.49822380092592594 0.74475 0.518650087962963 0.743 0.5341918287037037 0.7435 0.5603907638888889 0.7417499999999999 0.581705150462963 0.742 0.6185612777777778 0.73875 0.6527531087962963 0.73975 0.6705150972222222 0.7372500000000001 0.6798401412037037 0.73775 0.7033747777777778 0.73675 0.706483125 0.7375 0.7126998217592593 0.73575 0.725577263888889 0.73675 0.7300177615740742 0.736 0.7340142106481481 0.737 0.7553285972222222 0.7354999999999999 0.7624333935185185 0.736 0.789520425925926 0.733 0.8126110115740741 0.735 0.8272646527777778 0.7325 0.8352575486111111 0.73375 0.9427175833333332 0.7302500000000001 0.9462699814814814 0.72925 0.9538188287037037 0.7295 0.9693605694444444 0.728 0.9793516875 0.72475 0.9849023101851851 0.725 0.9897868564814815 0.7232500000000001 0.9933392546296297 0.7202500000000001 0.9933392546296297 0.7167500000000001 0.9964476018518519 0.7135 0.9951154537037037 0.7104999999999999 0.9960035532407407 0.7060000000000001 0.9933392546296297 0.7027500000000001 0.9955595023148148 0.7002499999999999 0.9946714027777778 0.69525 0.9960035532407407 0.69225 0.9942273541666666 0.68825 0.9964476018518519 0.6857500000000001 0.9942273541666666 0.682 0.999555951388889 0.67575 0.999555951388889 0.46299999999999997 0.9968916527777778 0.45825 0.9964476018518519 0.45275 0.9973357013888888 0.428 0.9951154537037037 0.41774999999999995 0.9968916527777778 0.416 0.9968916527777778 0.394 0.9942273541666666 0.3895 0.9964476018518519 0.3875 0.9946714027777778 0.38325 0.9960035532407407 0.37925000000000003 0.9942273541666666 0.36924999999999997 0.9968916527777778 0.3655 0.9928952037037037 0.36275 0.9964476018518519 0.36024999999999996 0.9968916527777778 0.35150000000000003 0.9955595023148148 0.3485 0.9964476018518519 0.34425 0.9946714027777778 0.34225 0.9955595023148148 0.32425 0.9897868564814815 0.2545 0.979129662037037 0.23775 0.9738010648148148 0.23450000000000001 0.9698046180555556 0.23 0.9427175833333332 0.22175 0.9320603912037037 0.22099999999999997 0.9285079930555555 0.21875 0.9222912962962964 0.2205 0.9005328587962963 0.22025 0.8943161643518519 0.222 0.8761101250000001 0.22075 0.8725577268518518 0.21924999999999997 0.8516873888888888 0.22449999999999998 0.8388099467592594 0.222 0.8281527523148149 0.224 0.8250444050925926 0.22225 0.8139431620370371 0.22099999999999997 0.8081705162037037 0.2225 0.8032859675925926 0.2255 0.7961811712962963 0.2255 0.7828596805555555 0.2235 0.772646537037037 0.2235 0.7584369444444445 0.2205 0.7535523981481481 0.22274999999999998 0.7411190046296297 0.22375 0.7326820601851851 0.22624999999999998 0.7233570162037037 0.226 0.7206927175925926 0.2275 0.7122557731481481 0.226 0.6856127893518519 0.225 0.6829484907407407 0.22675 0.6758436944444445 0.22775 0.6722912962962964 0.22699999999999998 0.6656305509259259 0.22775 0.6585257546296297 0.22425 0.6518650092592593 0.22375 0.6474245115740741 0.2195 0.6367673171296296 0.216 0.6332149189814814 0.217 0.6345470694444444 0.21924999999999997 0.6323268217592592 0.22099999999999997 0.6296625231481481 0.22099999999999997 0.6261101250000001 0.225 0.6132326828703704 0.2265 0.6021314398148149 0.22624999999999998 0.5985790416666666 0.22799999999999998 0.5905861458333334 0.22825 0.5883658958333333 0.22675 0.5870337476851852 0.22799999999999998 0.5803730023148148 0.22899999999999998 0.5777087037037036 0.22799999999999998 0.5710479583333333 0.22775 0.5501776203703703 0.22925 0.5324156296296296 0.22775 0.5275310833333333 0.22925 0.5057726458333334 0.23175 0.4977797523148148 0.23074999999999998 0.49422735416666663 0.23224999999999998 0.4871225578703704 0.232 0.4831261111111111 0.233 0.48046181250000003 0.23224999999999998 0.4484902314814815 0.2335 0.4422735347222222 0.232 0.43738898842592594 0.23324999999999999 0.4222912962962963 0.23424999999999999 0.41119005324074076 0.23375 0.40852575462962964 0.23450000000000001 0.4009769097222222 0.23275 0.3614564837962963 0.23525 0.3481349907407407 0.23450000000000001 0.3463587916666666 0.23525 0.33081705092592595 0.235 0.3277087037037037 0.236 0.3001776203703703 0.23550000000000001 0.2646536412037037 0.23650000000000002 0.21936056944444446 0.241 0.21181172222222222 0.24425000000000002 0.206483125 0.24375 0.20426287731481482 0.2455 0.19715808101851853 0.24600000000000002 0.1918294837962963 0.24525 0.17895204166666667 0.23900000000000002 0.17850799305555556 0.2375 0.1718472476851852 0.236 0.1647424513888889 0.23025 0.1625222013888889 0.23074999999999998 0.1647424513888889 0.23525 0.15674955555555556 0.23650000000000002 0.15630550694444445 0.23775 0.14875665972222224 0.23650000000000002 0.1429840138888889 0.23074999999999998 0.12966252314814813 0.23125 0.12211367592592592 0.22974999999999998 0.11101243287037038 0.23074999999999998 0.11101243287037038 0.23175 0.08126110185185186 0.24325 0.07859680324074075 0.248 0.07992895138888889 0.2505 0.0821492013888889 0.25125000000000003 0.07992895138888889 0.254
12 0.2203907638888889 0.23551375 0.11089698148148149 0.23551375 0.11089698148148149 0.7557962500000001 0.2203907638888889 0.7557962500000001 0.2203907638888889 0.23551375
13 0.46092362268518516 0.33725 0.47690941435185186 0.339 0.49111900462962965 0.33449999999999996 0.4964476018518518 0.32899999999999996 0.4977797523148148 0.32375000000000004 0.4955595023148148 0.31725 0.4893428055555556 0.31224999999999997 0.4782415625 0.3085 0.4698046180555555 0.30824999999999997 0.45781527546296297 0.31024999999999997 0.45293072916666666 0.31224999999999997 0.4476021319444445 0.3185 0.4471580810185185 0.32475 0.44893428009259256 0.32875000000000004 0.45515097685185185 0.335 0.46092362268518516 0.33725
13 0.6678507986111112 0.33275 0.6753996458333333 0.33275 0.6829484907407407 0.33075 0.6936056828703704 0.32275 0.6944937824074074 0.31625000000000003 0.6918294837962963 0.31075 0.6860568379629629 0.30625 0.6762877453703703 0.30275 0.666518650462963 0.3025 0.6540852569444445 0.3055 0.6474245115740741 0.30975 0.645204263888889 0.31375 0.6443161643518519 0.32125 0.6487566597222222 0.3265 0.6607460046296296 0.33125 0.6678507986111112 0.33275
13 0.771314386574074 0.386 0.7819715810185185 0.385 0.789520425925926 0.382 0.7930728240740741 0.38 0.7984014212962963 0.3735 0.7979573703703703 0.36625 0.7957371226851853 0.36275 0.7886323263888889 0.35825 0.7784191828703704 0.35524999999999995 0.7682060393518518 0.35524999999999995 0.7571047962962963 0.35825 0.7526642986111112 0.36125 0.7477797523148149 0.36825 0.748223800925926 0.37375 0.7526642986111112 0.37975 0.7619893425925925 0.38425000000000004 0.771314386574074 0.386
13 0.5812611018518519 0.39199999999999996 0.5883658958333333 0.39025 0.5985790416666666 0.384 0.6007992893518519 0.3785 0.6003552407407406 0.373 0.5941385439814815 0.36625 0.5883658958333333 0.36374999999999996 0.580817050925926 0.3625 0.5701598587962963 0.36275 0.5595026643518518 0.36525 0.5523978680555556 0.37 0.5501776203703703 0.3755 0.5528419189814815 0.38325 0.5674955601851852 0.39075 0.5812611018518519 0.39199999999999996
13 0.26865008796296297 0.45399999999999996 0.27930728240740743 0.45625 0.30062166898148146 0.4565 0.3050621666666667 0.45449999999999996 0.30639431712962967 0.45125 0.31172291203703706 0.446 0.3174955601851852 0.44625 0.3174955601851852 0.43174999999999997 0.3059502662037037 0.42974999999999997 0.29662522222222226 0.425 0.2930728240740741 0.4265 0.28996447685185184 0.422 0.27930728240740743 0.42425 0.27397868518518514 0.42925 0.2655417407407408 0.43024999999999997 0.26287744212962966 0.43374999999999997 0.26110124305555554 0.439 0.2624333935185185 0.446 0.2650976898148148 0.45125 0.26865008796296297 0.45399999999999996
13 0.4635879212962963 0.44925 0.4702486689814815 0.45325 0.4738010648148148 0.45275 0.47690941435185186 0.45425 0.4809058611111111 0.452 0.49111900462962965 0.452 0.49422735416666663 0.45075 0.49822380092592594 0.453 0.5 0.44899999999999995 0.5093250439814815 0.444 0.5119893425925925 0.445 0.5155417407407408 0.44275 0.5142095925925926 0.441 0.5164298402777777 0.4355 0.5146536412037037 0.43125 0.5155417407407408 0.42875 0.5066607453703704 0.4185 0.4955595023148148 0.41625 0.4738010648148148 0.41675 0.46403197222222226 0.4185 0.4591474236111111 0.42175 0.4604795740740741 0.425 0.456483125 0.4335 0.4595914745370371 0.45 0.4635879212962963 0.44925
13 0.3592362337962963 0.40475 0.3690053287037037 0.40775 0.38365896990740744 0.40875 0.39698046296296297 0.40724999999999995 0.41207815277777776 0.40175000000000005 0.4196269976851852 0.3945 0.42184724768518517 0.3905 0.42140319675925925 0.38325 0.4147424513888889 0.37 0.4000888101851852 0.363 0.39387211342592593 0.36175 0.3778863240740741 0.36325 0.37255772685185184 0.3625 0.3627886319444445 0.3655 0.35568383564814815 0.37 0.35257548842592595 0.37 0.3485790416666667 0.37225 0.3432504444444444 0.38125 0.3419182939814815 0.3875 0.3441385439814815 0.39275 0.3494671412037037 0.39875 0.3592362337962963 0.40475
13 0.6638543518518518 0.44225 0.6660745995370371 0.444 0.6718472476851851 0.44549999999999995 0.6856127893518519 0.44475000000000003 0.6873889884259259 0.4435 0.6962699814814814 0.44225 0.7002664305555556 0.4405 0.706483125 0.43225 0.7060390763888889 0.41825 0.6856127893518519 0.4125 0.6745115462962963 0.41350000000000003 0.6714031967592592 0.41125 0.6647424513888889 0.416 0.6580817060185185 0.41774999999999995 0.6527531087962963 0.4215 0.6505328587962963 0.42525 0.6523090578703703 0.4325 0.6576376550925926 0.441 0.6638543518518518 0.44225
13 0.8436944930555555 0.42674999999999996 0.8459147430555555 0.42775 0.8436944930555555 0.43225 0.8481349907407407 0.43875 0.8534635879629631 0.4405 0.8556838356481481 0.4425 0.8636767314814814 0.44075 0.8698934282407408 0.4425 0.8876554166666666 0.43975000000000003 0.8974245115740741 0.43575 0.9045293078703703 0.42875 0.9063055069444445 0.42175 0.9049733564814815 0.418 0.9000888101851852 0.413 0.8907637662037038 0.40775 0.8792184722222223 0.40625 0.8556838356481481 0.40625 0.8521314398148149 0.408 0.8481349907407407 0.40775 0.8432504444444445 0.41475 0.8414742453703703 0.41475 0.8436944930555555 0.41700000000000004 0.8436944930555555 0.42674999999999996
13 0.7952930717592592 0.49424999999999997 0.8041740671296296 0.489 0.8068383657407407 0.48475 0.8059502662037038 0.47800000000000004 0.8001776203703704 0.47075 0.7881882777777778 0.467 0.7761989351851852 0.46649999999999997 0.7686500879629631 0.46775000000000005 0.7611012430555555 0.47225 0.7571047962962963 0.47800000000000004 0.7588809953703703 0.49025 0.774422736111111 0.49574999999999997 0.7868561273148148 0.49574999999999997 0.7952930717592592 0.49424999999999997
13 0.580817050925926 0.501 0.5892539953703704 0.50125 0.5994671412037037 0.49900000000000005 0.606127886574074 0.49525 0.6101243333333334 0.4905 0.6105683842592592 0.48425 0.606127886574074 0.47800000000000004 0.6021314398148149 0.47525 0.5919182939814815 0.4735 0.5777087037037036 0.4735 0.5697158078703703 0.47600000000000003 0.5643872106481482 0.47875 0.5608348125 0.48425 0.5612788634259259 0.49074999999999996 0.5652753101851852 0.49525 0.5737122546296296 0.4995 0.580817050925926 0.501
13 0.3885435162037037 0.50775 0.4005328587962963 0.507 0.4054174074074074 0.50525 0.4116341041666666 0.49974999999999997 0.41563055092592593 0.49125 0.4116341041666666 0.48524999999999996 0.4076376550925926 0.48225 0.4018650092592593 0.48024999999999995 0.3912078148148148 0.4785 0.38321491898148147 0.479 0.37522202546296296 0.48125 0.36944937731481486 0.48524999999999996 0.36634103009259256 0.49074999999999996 0.3658969814814815 0.495 0.37078152777777773 0.50175 0.3778863240740741 0.50575 0.3885435162037037 0.50775
13 0.2881882777777778 0.56475 0.2961811712962963 0.56625 0.30328596759259263 0.56575 0.31172291203703706 0.564 0.3174955601851852 0.56075 0.3206039074074074 0.55425 0.31927175925925927 0.5465 0.3143872106481482 0.5409999999999999 0.3037300185185185 0.5367500000000001 0.293516875 0.5367500000000001 0.2837477800925926 0.53925 0.2753108356481481 0.54325 0.2717584375 0.54825 0.2717584375 0.5535 0.2744227361111111 0.55875 0.28285968055555555 0.56325 0.2881882777777778 0.56475
13 0.4871225578703704 0.5619999999999999 0.5013321481481482 0.56125 0.5075488449074074 0.559 0.516873888888889 0.5527500000000001 0.5190941388888889 0.5499999999999999 0.5190941388888889 0.54325 0.5155417407407408 0.53775 0.5084369444444444 0.533 0.4968916527777778 0.5307499999999999 0.4849023101851852 0.5305 0.46625221990740745 0.53125 0.46314387268518514 0.5325 0.46225577314814814 0.53425 0.4635879212962963 0.55025 0.4702486689814815 0.556 0.47779751388888886 0.5599999999999999 0.4871225578703704 0.5619999999999999
13 0.6847246898148148 0.5527500000000001 0.6931616342592593 0.5527500000000001 0.7029307291666667 0.551 0.7095914745370371 0.54725 0.7126998217592593 0.54325 0.7131438726851852 0.537 0.710479574074074 0.532 0.7024866782407407 0.52675 0.6962699814814814 0.525 0.6847246898148148 0.52475 0.6749555949074074 0.5265 0.666962699074074 0.5317500000000001 0.664298400462963 0.53575 0.6647424513888889 0.54325 0.6687388981481481 0.5475 0.6749555949074074 0.551 0.6847246898148148 0.5527500000000001
13 0.8801065717592592 0.54825 0.8943161643518519 0.54775 0.9023090578703703 0.54525 0.9107460046296296 0.53975 0.9129662523148149 0.5317500000000001 0.9098579050925926 0.526 0.9036412083333333 0.5215000000000001 0.8943161643518519 0.51825 0.8867673171296296 0.518 0.8694493773148148 0.52 0.8641207824074074 0.5235 0.8601243333333334 0.529 0.8601243333333334 0.5365 0.8663410300925926 0.54475 0.8703374768518519 0.54675 0.8801065717592592 0.54825
13 0.7948490231481481 0.60625 0.8059502662037038 0.604 0.811722912037037 0.6012500000000001 0.8148312615740742 0.5982500000000001 0.8170515092592593 0.593 0.8148312615740742 0.5855 0.8108348125 0.581 0.7997335694444444 0.57675 0.792628775462963 0.57625 0.7757548842592592 0.578 0.7704262870370371 0.5825 0.7677619884259259 0.5875 0.7690941388888889 0.5994999999999999 0.7730905856481483 0.603 0.7833037291666666 0.60575 0.7948490231481481 0.60625
13 0.5892539953703704 0.61075 0.6056838356481481 0.61025 0.6154529305555556 0.607 0.6203374768518519 0.6024999999999999 0.6212255763888889 0.5950000000000001 0.6181172291666667 0.5895 0.6154529305555556 0.58675 0.6056838356481481 0.5825 0.5981349907407407 0.582 0.5848135 0.583 0.5768206041666667 0.5865 0.5723801064814814 0.5912499999999999 0.5710479583333333 0.5964999999999999 0.5737122546296296 0.60325 0.5777087037037036 0.6064999999999999 0.5892539953703704 0.61075
13 0.5026642986111112 0.66925 0.5119893425925925 0.6689999999999999 0.5213143865740741 0.66575 0.5257548842592593 0.6615 0.5275310833333333 0.6582499999999999 0.5275310833333333 0.65075 0.522646537037037 0.6447499999999999 0.5182060393518518 0.6425 0.49955595138888886 0.6409999999999999 0.49289520370370365 0.6417499999999999 0.4880106574074074 0.64325 0.4826820601851852 0.64675 0.479573712962963 0.65125 0.48046181250000003 0.6615 0.4871225578703704 0.6659999999999999 0.4915630555555556 0.6675 0.5026642986111112 0.66925
13 0.6989342800925926 0.664 0.7095914745370371 0.66275 0.7140319722222223 0.66125 0.7215808171296296 0.6557499999999999 0.7238010648148148 0.65 0.7229129652777778 0.644 0.7166962708333334 0.63825 0.706483125 0.635 0.6931616342592593 0.6347499999999999 0.6873889884259259 0.63575 0.6807282407407407 0.639 0.6749555949074074 0.64525 0.6745115462962963 0.652 0.6762877453703703 0.656 0.6869449375000001 0.6625 0.6989342800925926 0.664
13 0.3903197152777778 0.6160000000000001 0.39875665972222224 0.6167499999999999 0.4116341041666666 0.61575 0.4236234467592592 0.6092500000000001 0.4258436944444444 0.60325 0.42406749537037036 0.59625 0.41785079861111113 0.5915 0.4076376550925926 0.5885 0.39920071064814816 0.58775 0.38587921759259264 0.59075 0.38055062268518514 0.594 0.3769982245370371 0.59875 0.376110125 0.603 0.37966252314814813 0.6115 0.3841030185185185 0.61425 0.3903197152777778 0.6160000000000001