6 0.5648148148148148 0.4537037037037037 0.5856481481481481 0.4652777777777778 0.5925925925925926 0.47453703703703703 0.5925925925925926 0.49537037037037035 0.5949074074074074 0.4976851851851852 0.5995370370370371 0.5 0.6157407407407407 0.4976851851851852 0.6180555555555556 0.5 0.6180555555555556 0.5092592592592593 0.6203703703703703 0.5115740740740741 0.6180555555555556 0.5162037037037037 0.5995370370370371 0.5162037037037037 0.5925925925925926 0.5208333333333334 0.5925925925925926 0.5324074074074074 0.5949074074074074 0.5370370370370371 0.5995370370370371 0.5416666666666666 0.6087962962962963 0.5439814814814815 0.6180555555555556 0.5509259259259259 0.6180555555555556 0.5555555555555556 0.6203703703703703 0.5578703703703703 0.6203703703703703 0.5625 0.6180555555555556 0.5648148148148148 0.6041666666666666 0.5648148148148148 0.6018518518518519 0.5625 0.5856481481481481 0.5601851851851852 0.5763888888888888 0.5532407407407407 0.5694444444444444 0.5509259259259259 0.5625 0.5416666666666666 0.5625 0.5370370370370371 0.5601851851851852 0.5347222222222222 0.5601851851851852 0.5185185185185185 0.5578703703703703 0.5162037037037037 0.5115740740740741 0.5162037037037037 0.5046296296296297 0.5254629629629629 0.5046296296296297 0.5393518518518519 0.4930555555555556 0.5532407407407407 0.4791666666666667 0.5601851851851852 0.46296296296296297 0.5625 0.46064814814814814 0.5648148148148148 0.44675925925925924 0.5648148148148148 0.4444444444444444 0.5625 0.4444444444444444 0.5578703703703703 0.4513888888888889 0.5462962962962963 0.46064814814814814 0.5462962962962963 0.4652777777777778 0.5439814814814815 0.4722222222222222 0.5347222222222222 0.4722222222222222 0.5185185185185185 0.4699074074074074 0.5162037037037037 0.44907407407407407 0.5162037037037037 0.44675925925925924 0.5138888888888888 0.44675925925925924 0.5023148148148148 0.44907407407407407 0.5 0.4699074074074074 0.5 0.4722222222222222 0.4976851851851852 0.47453703703703703 0.47453703703703703 0.4837962962962963 0.46296296296296297 0.4976851851851852 0.45601851851851855 0.5023148148148148 0.45601851851851855 0.5115740740740741 0.4513888888888889 0.5208333333333334 0.4513888888888889 0.5231481481481481 0.44907407407407407 0.5439814814814815 0.44907407407407407 0.5462962962962963 0.4513888888888889 0.5625 0.4537037037037037
11 0.12433392592592592 0.48350000000000004 0.12566607407407407 0.52075 0.12833037268518518 0.536 0.12699822453703705 0.53975 0.12921847222222224 0.558 0.12966252314814813 0.613 0.13232682175925928 0.61875 0.1332149189814815 0.64325 0.1385435162037037 0.65025 0.13943161574074073 0.6579999999999999 0.14209591435185184 0.661 0.13943161574074073 0.6685 0.13676731712962964 0.66825 0.1385435162037037 0.6717500000000001 0.13765541666666667 0.67975 0.13365896990740742 0.6857500000000001 0.13410301851851852 0.69195 0.1305506226851852 0.6962499999999999 0.13188277083333333 0.70575 0.14031971527777778 0.7214999999999999 0.24111900462962962 0.7225 0.8250444050925926 0.71975 0.8725577268518518 0.71775 0.9289520416666667 0.719 0.937833037037037 0.7172499999999999 0.9422735347222222 0.719 0.9431616342592593 0.7185 0.9560390763888889 0.7005 0.9569271759259259 0.697 0.9538188287037037 0.69116675 0.9547069282407408 0.6847500000000001 0.9529307291666667 0.6825 0.9529307291666667 0.67675 0.9365008888888888 0.6479999999999999 0.939609236111111 0.6407499999999999 0.940053287037037 0.49424999999999997 0.9427175833333332 0.45325 0.940053287037037 0.43225 0.9422735347222222 0.42950000000000005 0.9427175833333332 0.41875 0.9422735347222222 0.35275 0.9444937824074074 0.303 0.9436056828703704 0.2935 0.940053287037037 0.287 0.9293960925925927 0.276 0.9227353472222222 0.272 0.9014209583333334 0.2655 0.8974245115740741 0.266 0.893872113425926 0.26425000000000004 0.876998224537037 0.2635 0.8636767314814814 0.2635 0.8565719351851853 0.2645 0.8485790416666666 0.26375 0.8361456481481482 0.2645 0.8134991111111112 0.264 0.8032859675925926 0.26325 0.8001776203703704 0.262 0.7646536412037037 0.265 0.7562166967592593 0.264 0.751776199074074 0.26475 0.7140319722222223 0.26425000000000004 0.7095914745370371 0.26325 0.5310834814814815 0.26525 0.5230905856481481 0.2665 0.5177619884259259 0.26575 0.5071047962962963 0.26675 0.5048845462962963 0.266 0.4498223796296297 0.2655 0.440053287037037 0.2665 0.4356127893518518 0.2655 0.38188277083333333 0.2675 0.36634103009259256 0.26625 0.3516873888888889 0.2665 0.34369449305555555 0.268 0.3241563055555556 0.2665 0.3157193611111111 0.2685 0.30950266435185186 0.26875 0.2952930717592593 0.26875 0.293516875 0.2675 0.2886323263888889 0.26775 0.28285968055555555 0.2665 0.2744227361111111 0.26825 0.2548845462962963 0.2665 0.1993783310185185 0.2665 0.18827708796296297 0.26825 0.18250443981481482 0.26725 0.17895204166666667 0.2685 0.17539964583333334 0.2675 0.16696269907407407 0.268 0.14431616435185185 0.27275 0.13010657175925924 0.27999999999999997 0.12211367592592592 0.28600000000000003 0.11545293055555556 0.3 0.11456483101851853 0.315 0.11856127777777778 0.362 0.12255772685185186 0.4755 0.12433392592592592 0.48350000000000004
12 0.9493650092592593 0.66642875 0.12022646527777778 0.66642875 0.12022646527777778 0.72443625 0.9493650092592593 0.72443625 0.9493650092592593 0.66642875
13 0.4391651875 0.34600000000000003 0.45781527546296297 0.3425 0.46447602083333334 0.33649999999999997 0.4658081712962963 0.33075 0.46314387268518514 0.32399999999999995 0.45248667824074074 0.31825000000000003 0.44582593287037037 0.31675000000000003 0.4387211365740741 0.31625000000000003 0.4316163402777778 0.31725 0.42317939583333336 0.32125 0.41829484953703705 0.32775 0.41829484953703705 0.335 0.42184724768518517 0.33999999999999997 0.4262877453703704 0.34325 0.4391651875 0.34600000000000003
13 0.6234458263888889 0.34425 0.6301065717592592 0.34325 0.6376554166666666 0.33925000000000005 0.6420959143518518 0.33425 0.6420959143518518 0.32749999999999996 0.6380994675925926 0.32049999999999995 0.6332149189814814 0.31699999999999995 0.623001775462963 0.31425 0.6158969814814815 0.31475000000000003 0.6065719351851853 0.31775 0.6007992893518519 0.32125 0.5963587916666667 0.328 0.5963587916666667 0.33525 0.6012433402777778 0.33999999999999997 0.6083481342592593 0.34349999999999997 0.6234458263888889 0.34425
13 0.7135879212962963 0.3945 0.7220248657407408 0.39225 0.727353462962963 0.38975000000000004 0.7313499120370369 0.38425000000000004 0.7322380115740741 0.37975 0.729129662037037 0.3735 0.7242451157407408 0.3695 0.7158081712962963 0.36675 0.7029307291666667 0.366 0.6958259328703704 0.36825 0.6891651875 0.3725 0.6860568379629629 0.378 0.6865008888888888 0.38325 0.6918294837962963 0.3905 0.7029307291666667 0.394 0.7135879212962963 0.3945
13 0.5253108356481482 0.39625 0.5333037291666667 0.39625 0.542628775462963 0.39475000000000005 0.5479573703703703 0.3925 0.5519538194444444 0.388 0.5537300185185186 0.381 0.5506216689814815 0.37424999999999997 0.5461811712962963 0.37050000000000005 0.5404085254629629 0.36875 0.5222024861111111 0.368 0.5142095925925926 0.37175 0.5084369444444444 0.379 0.5084369444444444 0.38525 0.5111012430555556 0.39025 0.5190941388888889 0.39499999999999996 0.5253108356481482 0.39625
13 0.3619005324074074 0.39699999999999996 0.36944937731481486 0.39475000000000005 0.373889875 0.391 0.3765541736111111 0.3845 0.376110125 0.37975 0.37033747685185187 0.37274999999999997 0.3592362337962963 0.3685 0.3450266435185185 0.36924999999999997 0.3348135 0.3735 0.3312611018518518 0.3765 0.3303730023148148 0.37949999999999995 0.33170515046296295 0.38875 0.3348135 0.39199999999999996 0.3450266435185185 0.39675 0.3619005324074074 0.39699999999999996
13 0.26598578935185185 0.4475 0.2753108356481481 0.44675000000000004 0.2837477800925926 0.443 0.2881882777777778 0.43925 0.28996447685185184 0.432 0.2868561273148148 0.4265 0.27930728240740743 0.4215 0.2664298402777778 0.42 0.2584369444444445 0.42025 0.24733570138888888 0.42474999999999996 0.24333925462962963 0.42925 0.2424511550925926 0.434 0.2446714027777778 0.4395 0.2548845462962963 0.446 0.26598578935185185 0.4475
13 0.43516873842592596 0.44575 0.44937833101851854 0.44625 0.4626998217592593 0.441 0.46536412037037034 0.43875 0.4666962708333333 0.434 0.4635879212962963 0.42624999999999996 0.45337477777777774 0.42100000000000004 0.44671403240740737 0.42025 0.4320603912037037 0.42100000000000004 0.42539964583333334 0.424 0.42140319675925925 0.429 0.42095914814814817 0.43425 0.4249555949074074 0.441 0.42850799305555554 0.4435 0.43516873842592596 0.44575
13 0.6154529305555556 0.44575 0.623001775462963 0.44549999999999995 0.6332149189814814 0.443 0.6403197152777778 0.439 0.6434280648148147 0.4325 0.6425399652777778 0.4285 0.6380994675925926 0.42375 0.6336589699074074 0.42075 0.6234458263888889 0.41825 0.6158969814814815 0.41825 0.6074600347222222 0.41975 0.6003552407407406 0.42425 0.5968028425925925 0.42925 0.5972468912037037 0.43475 0.6007992893518519 0.4395 0.6056838356481481 0.443 0.6154529305555556 0.44575
13 0.7966252222222222 0.44375 0.8037300185185186 0.4435 0.8126110115740741 0.441 0.8197158078703703 0.4355 0.8210479583333333 0.42824999999999996 0.8188277083333333 0.42375 0.8130550624999999 0.4195 0.8068383657407407 0.41725 0.7992895208333333 0.4165 0.7859680277777777 0.418 0.7779751342592592 0.422 0.774422736111111 0.42575 0.7748667847222223 0.4345 0.7801953819444444 0.439 0.7873001782407407 0.44199999999999995 0.7966252222222222 0.44375
13 0.7131438726851852 0.49424999999999997 0.7238010648148148 0.49175 0.729129662037037 0.488 0.7313499120370369 0.48425 0.7313499120370369 0.47725 0.7238010648148148 0.46950000000000003 0.7135879212962963 0.467 0.6993783310185185 0.467 0.6887211365740741 0.47275 0.6860568379629629 0.47674999999999995 0.6856127893518519 0.48125 0.6891651875 0.4895 0.6998223796296296 0.49325 0.7131438726851852 0.49424999999999997
13 0.3619005324074074 0.4965 0.36767317824074075 0.49550000000000005 0.3765541736111111 0.49200000000000005 0.3809946712962963 0.48475 0.37966252314814813 0.47775 0.36944937731481486 0.47250000000000003 0.3627886319444445 0.47025 0.3494671412037037 0.47075 0.34103019444444443 0.47300000000000003 0.3348135 0.4775 0.3348135 0.48924999999999996 0.34147424537037036 0.495 0.3454706921296296 0.496 0.3619005324074074 0.4965
13 0.5350799282407407 0.495 0.5457371226851851 0.49274999999999997 0.5532859675925926 0.488 0.5559502662037037 0.4845 0.5563943171296296 0.48075 0.5488454699074075 0.47275 0.539520425925926 0.46925 0.5279751342592592 0.46925 0.5213143865740741 0.47100000000000003 0.5142095925925926 0.47575 0.5124333935185186 0.479 0.5124333935185186 0.48775 0.5182060393518518 0.493 0.5257548842592593 0.495 0.5350799282407407 0.495
13 0.26154529398148146 0.5457500000000001 0.26953818749999997 0.54625 0.28063943055555557 0.5445 0.28774422685185186 0.5409999999999999 0.293516875 0.53625 0.2944049722222222 0.53225 0.2895204259259259 0.5245 0.27930728240740743 0.5195 0.2646536412037037 0.519 0.2584369444444445 0.52 0.250888099537037 0.524 0.24733570138888888 0.52925 0.24733570138888888 0.53525 0.25 0.53975 0.2548845462962963 0.544 0.26154529398148146 0.5457500000000001
13 0.44182948379629633 0.54425 0.44671403240740737 0.54475 0.4595914745370371 0.54175 0.4666962708333333 0.5365 0.46847246990740743 0.533 0.4675843703703703 0.5257499999999999 0.4555950277777778 0.52025 0.44671403240740737 0.51825 0.4356127893518518 0.5195 0.4280639421296296 0.52225 0.42406749537037036 0.52625 0.42317939583333336 0.532 0.42539964583333334 0.5367500000000001 0.4356127893518518 0.54275 0.44182948379629633 0.54425
13 0.606127886574074 0.5405 0.6198934282407408 0.5437500000000001 0.6301065717592592 0.54175 0.6416518657407407 0.53725 0.643872113425926 0.533 0.6420959143518518 0.52525 0.6380994675925926 0.5215000000000001 0.6301065717592592 0.518 0.623001775462963 0.51725 0.6101243333333334 0.5195 0.6043516875 0.521 0.5999111898148148 0.524 0.5981349907407407 0.5257499999999999 0.5981349907407407 0.53325 0.5999111898148148 0.53625 0.606127886574074 0.5405
13 0.7961811712962963 0.5435 0.8037300185185186 0.54325 0.810390763888889 0.54125 0.8179396087962963 0.5365 0.8201598587962963 0.53325 0.8183836597222223 0.52275 0.8095026643518518 0.51725 0.7975133217592593 0.516 0.7864120787037037 0.51725 0.7770870347222222 0.522 0.7739786851851852 0.526 0.7735346365740741 0.53325 0.7757548842592592 0.5365 0.7890763773148147 0.542 0.7961811712962963 0.5435
13 0.7100355231481481 0.59225 0.7233570162037037 0.5905 0.7309058611111111 0.585 0.7309058611111111 0.57425 0.727353462962963 0.57025 0.7166962708333334 0.56625 0.706483125 0.56475 0.6962699814814814 0.567 0.690053287037037 0.57025 0.6865008888888888 0.5745 0.6865008888888888 0.583 0.6891651875 0.588 0.6998223796296296 0.59075 0.7100355231481481 0.59225
13 0.5430728240740741 0.592 0.5501776203703703 0.5895 0.5541740671296297 0.5862499999999999 0.5563943171296296 0.582 0.5555062175925927 0.57475 0.5501776203703703 0.57025 0.5404085254629629 0.56625 0.5293072824074074 0.56625 0.5222024861111111 0.5680000000000001 0.5137655416666667 0.573 0.5115452939814815 0.57625 0.5124333935185186 0.58475 0.5177619884259259 0.5895 0.5244227361111111 0.59225 0.5430728240740741 0.592
13 0.355239787037037 0.5945 0.3765541736111111 0.59175 0.38188277083333333 0.58775 0.38365896990740744 0.58075 0.38055062268518514 0.5735 0.36989342824074073 0.5685 0.36323268287037036 0.56775 0.3490230902777778 0.5685 0.3401420949074074 0.5725 0.3361456481481482 0.57775 0.3348135 0.58275 0.3370337476851852 0.587 0.3450266435185185 0.59225 0.355239787037037 0.5945
13 0.44582593287037037 0.64225 0.456483125 0.6415 0.4626998217592593 0.6395000000000001 0.46847246990740743 0.6345 0.4702486689814815 0.6307499999999999 0.46847246990740743 0.6230000000000001 0.46403197222222226 0.6192500000000001 0.458703375 0.6167499999999999 0.4462699814814815 0.6152500000000001 0.440053287037037 0.6155 0.4293960925925926 0.6195 0.4258436944444444 0.6232500000000001 0.42451154629629634 0.6275 0.42406749537037036 0.63025 0.42673179398148153 0.635 0.4356127893518518 0.6402500000000001 0.44582593287037037 0.64225
13 0.6150088819444444 0.64125 0.6234458263888889 0.6417499999999999 0.6301065717592592 0.6409999999999999 0.6403197152777778 0.637 0.6443161643518519 0.6337499999999999 0.6460923634259259 0.63025 0.6443161643518519 0.6232500000000001 0.6398756666666666 0.619 0.6296625231481481 0.615 0.6216696273148149 0.6145 0.6123445833333334 0.61575 0.6043516875 0.6185 0.5999111898148148 0.6230000000000001 0.5999111898148148 0.62975 0.6016873888888888 0.6332500000000001 0.6087921851851852 0.639 0.6150088819444444 0.64125