6 0.3472222222222222 0.3287037037037037 0.34953703703703703 0.33101851851851855 0.36574074074074076 0.3333333333333333 0.38657407407407407 0.3449074074074074 0.39814814814814814 0.3587962962962963 0.39814814814814814 0.36342592592592593 0.40046296296296297 0.36574074074074076 0.40046296296296297 0.3819444444444444 0.4050925925925926 0.38657407407407407 0.4305555555555556 0.38657407407407407 0.43287037037037035 0.3888888888888889 0.43287037037037035 0.39814814814814814 0.4351851851851852 0.40046296296296297 0.43287037037037035 0.4097222222222222 0.4074074074074074 0.4097222222222222 0.4027777777777778 0.4166666666666667 0.4050925925925926 0.41898148148148145 0.4050925925925926 0.43287037037037035 0.41435185185185186 0.44212962962962965 0.41898148148148145 0.4444444444444444 0.42824074074074076 0.4444444444444444 0.4351851851851852 0.44907407407407407 0.4375 0.4537037037037037 0.4375 0.4675925925925926 0.4212962962962963 0.4675925925925926 0.41898148148148145 0.4652777777777778 0.39814814814814814 0.46296296296296297 0.375 0.4513888888888889 0.3680555555555556 0.4444444444444444 0.36342592592592593 0.4351851851851852 0.36342592592592593 0.4305555555555556 0.3611111111111111 0.42824074074074076 0.3611111111111111 0.41435185185185186 0.3587962962962963 0.41203703703703703 0.30324074074074076 0.41203703703703703 0.2986111111111111 0.4166666666666667 0.30092592592592593 0.4212962962962963 0.30092592592592593 0.4351851851851852 0.2962962962962963 0.44675925925925924 0.2800925925925926 0.46064814814814814 0.26157407407407407 0.4675925925925926 0.25462962962962965 0.4675925925925926 0.2523148148148148 0.4699074074074074 0.2222222222222222 0.4699074074074074 0.2199074074074074 0.4675925925925926 0.2199074074074074 0.4537037037037037 0.2222222222222222 0.44907407407407407 0.22453703703703703 0.44675925925925924 0.23842592592592593 0.44675925925925924 0.24305555555555555 0.4444444444444444 0.25462962962962965 0.4305555555555556 0.25462962962962965 0.4166666666666667 0.25 0.41203703703703703 0.24074074074074073 0.41203703703703703 0.23842592592592593 0.41435185185185186 0.2361111111111111 0.41203703703703703 0.22453703703703703 0.41203703703703703 0.2199074074074074 0.4097222222222222 0.2175925925925926 0.4074074074074074 0.2175925925925926 0.3912037037037037 0.2199074074074074 0.3888888888888889 0.25 0.3888888888888889 0.2523148148148148 0.38657407407407407 0.25 0.36574074074074076 0.25462962962962965 0.3541666666666667 0.26851851851851855 0.3402777777777778 0.2824074074074074 0.3333333333333333 0.2962962962962963 0.33101851851851855 0.2986111111111111 0.3287037037037037 0.3148148148148148 0.3287037037037037 0.31712962962962965 0.3263888888888889 0.3449074074074074 0.3287037037037037
3 0.5717592592592593 0.38425925925925924 0.5740740740740741 0.38657407407407407 0.5902777777777778 0.3888888888888889 0.5995370370370371 0.39351851851851855 0.6180555555555556 0.4097222222222222 0.6203703703703703 0.4212962962962963 0.6226851851851852 0.4236111111111111 0.6226851851851852 0.4375 0.6296296296296297 0.4444444444444444 0.6319444444444444 0.44212962962962965 0.6504629629629629 0.44212962962962965 0.6550925925925926 0.4444444444444444 0.6550925925925926 0.46296296296296297 0.6319444444444444 0.46296296296296297 0.6296296296296297 0.46064814814814814 0.625 0.4652777777777778 0.625 0.49074074074074076 0.6296296296296297 0.5023148148148148 0.6574074074074074 0.5 0.6620370370370371 0.5092592592592593 0.6620370370370371 0.5162037037037037 0.6574074074074074 0.5208333333333334 0.6527777777777778 0.5231481481481481 0.6319444444444444 0.5231481481481481 0.6273148148148148 0.5277777777777778 0.6273148148148148 0.5324074074074074 0.6296296296296297 0.5347222222222222 0.6273148148148148 0.5532407407407407 0.6134259259259259 0.5694444444444444 0.5995370370370371 0.5763888888888888 0.5949074074074074 0.5763888888888888 0.5856481481481481 0.5810185185185185 0.5740740740740741 0.5810185185185185 0.5717592592592593 0.5833333333333334 0.5625 0.5833333333333334 0.5578703703703703 0.5787037037037037 0.5578703703703703 0.5625 0.5601851851851852 0.5601851851851852 0.5694444444444444 0.5601851851851852 0.5787037037037037 0.5555555555555556 0.5879629629629629 0.5462962962962963 0.5879629629629629 0.5277777777777778 0.5810185185185185 0.5231481481481481 0.5787037037037037 0.5254629629629629 0.5763888888888888 0.5231481481481481 0.5671296296296297 0.5231481481481481 0.5648148148148148 0.5254629629629629 0.5555555555555556 0.5231481481481481 0.5555555555555556 0.5046296296296297 0.5578703703703703 0.5023148148148148 0.5810185185185185 0.5023148148148148 0.5856481481481481 0.4976851851851852 0.5833333333333334 0.49537037037037035 0.5833333333333334 0.4675925925925926 0.5787037037037037 0.46296296296296297 0.5694444444444444 0.46296296296296297 0.5671296296296297 0.4652777777777778 0.5462962962962963 0.46296296296296297 0.5439814814814815 0.4652777777777778 0.5370370370370371 0.4652777777777778 0.5347222222222222 0.46296296296296297 0.5231481481481481 0.46296296296296297 0.5208333333333334 0.46064814814814814 0.5069444444444444 0.4583333333333333 0.4930555555555556 0.4513888888888889 0.4791666666666667 0.4375 0.4791666666666667 0.43287037037037035 0.47685185185185186 0.4305555555555556 0.47685185185185186 0.4166666666666667 0.4791666666666667 0.41203703703703703 0.4837962962962963 0.4050925925925926 0.49537037037037035 0.3958333333333333 0.5092592592592593 0.3888888888888889 0.5162037037037037 0.3888888888888889 0.5254629629629629 0.38425925925925924 0.5694444444444444 0.38425925925925924
2 0.4398148148148148 0.44907407407407407 0.46064814814814814 0.44907407407407407 0.46296296296296297 0.4513888888888889 0.48842592592592593 0.45601851851851855 0.4976851851851852 0.46064814814814814 0.5138888888888888 0.47685185185185186 0.5162037037037037 0.48148148148148145 0.5162037037037037 0.5 0.5231481481481481 0.5069444444444444 0.5462962962962963 0.5046296296296297 0.5509259259259259 0.5092592592592593 0.5509259259259259 0.5254629629629629 0.5486111111111112 0.5277777777777778 0.5439814814814815 0.5277777777777778 0.5416666666666666 0.5254629629629629 0.5231481481481481 0.5254629629629629 0.5185185185185185 0.5324074074074074 0.5185185185185185 0.5462962962962963 0.5208333333333334 0.5486111111111112 0.5208333333333334 0.5625 0.5231481481481481 0.5648148148148148 0.5532407407407407 0.5648148148148148 0.5532407407407407 0.5694444444444444 0.5555555555555556 0.5717592592592593 0.5555555555555556 0.5810185185185185 0.5532407407407407 0.5856481481481481 0.5254629629629629 0.5879629629629629 0.5231481481481481 0.5902777777777778 0.5231481481481481 0.6134259259259259 0.5208333333333334 0.6157407407407407 0.5208333333333334 0.6203703703703703 0.5069444444444444 0.6342592592592593 0.49074074074074076 0.6412037037037037 0.4837962962962963 0.6412037037037037 0.4722222222222222 0.6481481481481481 0.4537037037037037 0.6481481481481481 0.4513888888888889 0.6458333333333334 0.4513888888888889 0.6319444444444444 0.4537037037037037 0.6273148148148148 0.47685185185185186 0.6180555555555556 0.4837962962962963 0.6064814814814815 0.48148148148148145 0.6041666666666666 0.48148148148148145 0.5925925925925926 0.47685185185185186 0.5879629629629629 0.4513888888888889 0.5879629629629629 0.44907407407407407 0.5856481481481481 0.44907407407407407 0.5694444444444444 0.4513888888888889 0.5671296296296297 0.45601851851851855 0.5671296296296297 0.4583333333333333 0.5648148148148148 0.46296296296296297 0.5671296296296297 0.47453703703703703 0.5671296296296297 0.48148148148148145 0.5578703703703703 0.4791666666666667 0.5555555555555556 0.4791666666666667 0.5324074074074074 0.47453703703703703 0.5277777777777778 0.46296296296296297 0.5277777777777778 0.46064814814814814 0.5300925925925926 0.45601851851851855 0.5277777777777778 0.4513888888888889 0.5300925925925926 0.44675925925925924 0.5254629629629629 0.44675925925925924 0.5092592592592593 0.44907407407407407 0.5069444444444444 0.47453703703703703 0.5069444444444444 0.4791666666666667 0.5 0.4791666666666667 0.4930555555555556 0.47685185185185186 0.49074074074074076 0.47685185185185186 0.4837962962962963 0.4699074074074074 0.47685185185185186 0.46064814814814814 0.4722222222222222 0.4513888888888889 0.4722222222222222 0.44212962962962965 0.4675925925925926 0.4398148148148148 0.4513888888888889
4 0.4351851851851852 0.5300925925925926 0.43287037037037035 0.5277777777777778 0.42592592592592593 0.5324074074074074 0.4212962962962963 0.5324074074074074 0.41435185185185186 0.5393518518518519 0.41435185185185186 0.5439814814814815 0.41203703703703703 0.5462962962962963 0.41203703703703703 0.5601851851851852 0.41898148148148145 0.5671296296296297 0.4212962962962963 0.5648148148148148 0.4236111111111111 0.5671296296296297 0.4444444444444444 0.5671296296296297 0.44675925925925924 0.5717592592592593 0.44675925925925924 0.5879629629629629 0.4444444444444444 0.5902777777777778 0.4166666666666667 0.5902777777777778 0.41435185185185186 0.5925925925925926 0.41435185185185186 0.6111111111111112 0.4166666666666667 0.6134259259259259 0.4166666666666667 0.6226851851851852 0.4212962962962963 0.6273148148148148 0.42592592592592593 0.625 0.4444444444444444 0.625 0.44907407407407407 0.6273148148148148 0.44907407407407407 0.6481481481481481 0.4444444444444444 0.6504629629629629 0.4212962962962963 0.6504629629629629 0.4166666666666667 0.6550925925925926 0.41898148148148145 0.6574074074074074 0.41898148148148145 0.6689814814814815 0.42824074074074076 0.6805555555555556 0.4444444444444444 0.6828703703703703 0.4513888888888889 0.6875 0.4513888888888889 0.6921296296296297 0.4537037037037037 0.6944444444444444 0.4537037037037037 0.7083333333333334 0.4513888888888889 0.7106481481481481 0.4351851851851852 0.7106481481481481 0.43287037037037035 0.7083333333333334 0.41435185185185186 0.7060185185185185 0.39351851851851855 0.6967592592592593 0.3773148148148148 0.6782407407407407 0.3773148148148148 0.6666666666666666 0.375 0.6643518518518519 0.375 0.6550925925925926 0.3726851851851852 0.6527777777777778 0.3680555555555556 0.6504629629629629 0.3449074074074074 0.6504629629629629 0.3425925925925926 0.6527777777777778 0.33796296296296297 0.6504629629629629 0.3125 0.6504629629629629 0.3101851851851852 0.6481481481481481 0.2962962962962963 0.6458333333333334 0.27314814814814814 0.6319444444444444 0.2662037037037037 0.6203703703703703 0.2662037037037037 0.6134259259259259 0.2638888888888889 0.6111111111111112 0.26851851851851855 0.5972222222222222 0.2800925925925926 0.5856481481481481 0.2962962962962963 0.5763888888888888 0.3194444444444444 0.5717592592592593 0.32175925925925924 0.5694444444444444 0.33796296296296297 0.5694444444444444 0.3402777777777778 0.5671296296296297 0.3449074074074074 0.5694444444444444 0.34953703703703703 0.5671296296296297 0.37037037037037035 0.5671296296296297 0.3726851851851852 0.5648148148148148 0.3726851851851852 0.5601851851851852 0.37037037037037035 0.5578703703703703 0.37037037037037035 0.5462962962962963 0.3726851851851852 0.5439814814814815 0.3726851851851852 0.5393518518518519 0.38657407407407407 0.5231481481481481 0.40046296296296297 0.5162037037037037 0.4050925925925926 0.5162037037037037 0.41435185185185186 0.5115740740740741 0.4212962962962963 0.5115740740740741 0.4236111111111111 0.5092592592592593 0.4444444444444444 0.5092592592592593 0.4444444444444444 0.5231481481481481 0.4375 0.5277777777777778
11 0 0.8049999999999999 0.003552398148148148 0.8075 0.011545293981481483 0.81025 0.024866784722222226 0.8125 0.11634103009259258 0.8152499999999999 0.11856127777777778 0.8137500000000001 0.123889875 0.8130000000000001 0.17051509722222222 0.8119999999999999 0.1749555949074074 0.81 0.1793960925925926 0.8115 0.18472468981481482 0.8115 0.20293072916666668 0.8085 0.2131438726851852 0.8105000000000001 0.2202486689814815 0.8107500000000001 0.22335701620370368 0.80875 0.23179396064814814 0.80825 0.23712255787037037 0.8097500000000001 0.25133214814814814 0.809 0.26598578935185185 0.8107500000000001 0.2868561273148148 0.80725 0.29262877546296295 0.80875 0.30728241666666667 0.807 0.31394316203703704 0.80775 0.34280639351851855 0.807 0.35079928935185184 0.8085 0.3880994675925926 0.8067500000000001 0.41829484953703705 0.8065 0.42850799305555554 0.80475 0.4431616342592593 0.8042499999999999 0.48001776157407405 0.8042499999999999 0.4875666064814815 0.8055 0.4973357013888889 0.8045 0.5404085254629629 0.8042499999999999 0.5515097685185185 0.8055 0.8778863240740741 0.7957500000000001 0.8974245115740741 0.79325 0.9245115462962963 0.78475 0.9329484907407407 0.7795000000000001 0.9422735347222222 0.769 0.9462699814814814 0.7665 0.9493783310185185 0.75925 0.9511545300925925 0.74075 0.9462699814814814 0.668 0.940941386574074 0.6225 0.9422735347222222 0.6027499999999999 0.9342806388888889 0.503 0.9329484907407407 0.45125 0.9289520416666667 0.42385725 0.9280639421296297 0.38975000000000004 0.9231793958333333 0.34375 0.9191829490740742 0.33625 0.914298400462963 0.33525 0.9111900532407406 0.32749999999999996 0.9116341041666667 0.32049999999999995 0.9178507986111112 0.311 0.9231793958333333 0.29774999999999996 0.9262877453703703 0.2835 0.9231793958333333 0.2585 0.916962699074074 0.24950000000000003 0.9129662523148149 0.24775000000000003 0.9014209583333334 0.2465 0.8765541736111111 0.24725 0.8725577268518518 0.24875 0.8694493773148148 0.248 0.7841918287037037 0.24825 0.7690941388888889 0.24975 0.7575488449074074 0.24825 0.2593250439814815 0.25825 0.19671403240740742 0.2585 0.16119005324074073 0.26175 0.14031971527777778 0.26125 0.13499111805555555 0.26 0.12344582638888889 0.26175 0.10301953703703705 0.2625 0.08081705092592592 0.26225 0.045737122685185184 0.26325 0.043516875 0.264 0.012433393518518519 0.263 0.004440497685185185 0.26375 0 0.26525 0 0.8049999999999999
12 0.9336301064814815 0.25014625 0.0000022199074074074076 0.25014625 0.0000022199074074074076 0.32145375 0.9336301064814815 0.32145375 0.9336301064814815 0.25014625
13 0.32992895138888884 0.385 0.3445825925925926 0.38325 0.35035524074074076 0.381 0.3539076365740741 0.37725000000000003 0.35568383564814815 0.37175 0.35257548842592595 0.3625 0.3472468912037037 0.35850000000000004 0.33747779861111116 0.35500000000000004 0.32015985879629627 0.35475 0.3143872106481482 0.35625 0.3055062175925926 0.362 0.3023978680555555 0.3665 0.3023978680555555 0.37675 0.30950266435185186 0.3825 0.31616340972222223 0.3845 0.32992895138888884 0.385
13 0.5266429837962963 0.38 0.5577264652777778 0.37925000000000003 0.564831261574074 0.37474999999999997 0.5679396087962962 0.3695 0.5683836597222223 0.36625 0.5643872106481482 0.35874999999999996 0.5568383657407407 0.3535 0.5470692708333333 0.35125 0.5350799282407407 0.35125 0.522646537037037 0.354 0.5173179398148148 0.35775 0.5133214930555555 0.364 0.5133214930555555 0.37 0.5182060393518518 0.377 0.5222024861111111 0.37925000000000003 0.5266429837962963 0.38
13 0.6412078148148148 0.43674999999999997 0.6571936064814815 0.44025 0.6647424513888889 0.43875 0.6731793958333333 0.43324999999999997 0.6767317939814815 0.42875 0.6776198935185185 0.42124999999999996 0.6714031967592592 0.41350000000000003 0.6647424513888889 0.41050000000000003 0.6549733564814815 0.40850000000000003 0.643872113425926 0.4095 0.6363232685185186 0.411 0.6274422731481482 0.41725 0.6252220254629629 0.42100000000000004 0.6252220254629629 0.42525 0.6301065717592592 0.43300000000000005 0.6412078148148148 0.43674999999999997
13 0.42673179398148153 0.44175000000000003 0.4387211365740741 0.444 0.44671403240740737 0.44375 0.4582593240740741 0.4405 0.46225577314814814 0.43674999999999997 0.46536412037037034 0.42925 0.4626998217592593 0.42124999999999996 0.45293072916666666 0.41550000000000004 0.44582593287037037 0.41350000000000003 0.4356127893518518 0.4125 0.42850799305555554 0.41400000000000003 0.42007104861111116 0.41700000000000004 0.41429840046296296 0.4215 0.41252220138888884 0.42474999999999996 0.41207815277777776 0.429 0.4169626990740741 0.437 0.4196269976851852 0.43925 0.42673179398148153 0.44175000000000003
13 0.21669627083333334 0.44775 0.23667850694444445 0.4445 0.24600355324074072 0.44025 0.25 0.43625 0.25133214814814814 0.43125 0.24911190046296297 0.42525 0.24111900462962962 0.4195 0.23401421064814815 0.41725 0.22690941435185186 0.41625 0.20781527546296297 0.42 0.20293072916666668 0.42175 0.1993783310185185 0.4255 0.19804618055555553 0.434 0.2015985787037037 0.44025 0.20737122453703702 0.4445 0.21669627083333334 0.44775
13 0.11545293055555556 0.51025 0.12078152777777777 0.5105 0.13676731712962964 0.508 0.14342806481481482 0.505 0.14920071064814813 0.49825 0.14920071064814813 0.49175 0.14476021296296296 0.48500000000000004 0.1407637662037037 0.48225 0.12699822453703705 0.479 0.11323268287037037 0.47975 0.10568383564814815 0.48175 0.0968028425925926 0.4875 0.09413854398148148 0.49175 0.09369449305555556 0.498 0.09547069212962962 0.50175 0.10612788657407408 0.5085 0.11545293055555556 0.51025
13 0.32815275231481483 0.50575 0.3423623449074074 0.506 0.3490230902777778 0.505 0.35790408564814813 0.50075 0.36412078240740736 0.49475 0.3645648310185185 0.487 0.3627886319444445 0.48325 0.3596802847222222 0.47925 0.3516873888888889 0.4755 0.33792184722222224 0.47475 0.32593250462962964 0.47625 0.3157193611111111 0.48024999999999995 0.3108348125 0.486 0.309946712962963 0.49200000000000005 0.31394316203703704 0.4985 0.3174955601851852 0.50175 0.32815275231481483 0.50575
13 0.5430728240740741 0.49974999999999997 0.5501776203703703 0.5 0.564831261574074 0.497 0.5714920069444445 0.4925 0.5741563055555555 0.48825 0.5737122546296296 0.482 0.5701598587962963 0.477 0.562166962962963 0.47275 0.5532859675925926 0.47075 0.542628775462963 0.47075 0.5328596805555555 0.47275 0.5253108356481482 0.47725 0.5217584375 0.48175 0.5213143865740741 0.4845 0.5257548842592593 0.49325 0.5301953819444445 0.496 0.5430728240740741 0.49974999999999997
13 0.7584369444444445 0.49774999999999997 0.772646537037037 0.4965 0.7793072824074074 0.4945 0.7868561273148148 0.4875 0.7877442268518519 0.47925 0.7841918287037037 0.47275 0.7788632337962963 0.46875 0.7690941388888889 0.46575 0.7571047962962963 0.4655 0.7477797523148149 0.46675 0.7388987569444445 0.47125 0.7326820601851851 0.47825 0.7340142106481481 0.48825 0.7397868564814815 0.4925 0.7522202476851851 0.49675 0.7584369444444445 0.49774999999999997
13 0.6567495555555555 0.55825 0.6700710486111111 0.55725 0.6753996458333333 0.5555 0.6820603912037037 0.55125 0.6860568379629629 0.54475 0.6842806388888889 0.537 0.6807282407407407 0.533 0.6718472476851851 0.52925 0.6611900532407406 0.52775 0.6492007106481481 0.529 0.6407637662037038 0.5317500000000001 0.6349911180555556 0.53575 0.6323268217592592 0.542 0.6318827708333333 0.54725 0.6345470694444444 0.5505 0.6500888101851852 0.5575 0.6567495555555555 0.55825
13 0.43516873842592596 0.56175 0.44182948379629633 0.56275 0.4498223796296297 0.5625 0.4595914745370371 0.5597500000000001 0.4689165185185185 0.55425 0.4711367662037037 0.54925 0.4689165185185185 0.54 0.4582593240740741 0.5337500000000001 0.44538188194444445 0.532 0.4325044398148148 0.53475 0.42406749537037036 0.53975 0.4205150972222222 0.5435 0.41829484953703705 0.54675 0.42140319675925925 0.5535 0.42539964583333334 0.5569999999999999 0.43516873842592596 0.56175
13 0.2189165185185185 0.56625 0.23001776157407405 0.56825 0.2428952037037037 0.56775 0.25532859722222223 0.5619999999999999 0.2597690949074074 0.558 0.26154529398148146 0.554 0.2602131435185185 0.54675 0.2562166967592593 0.54175 0.2504440486111111 0.5385 0.2353463587962963 0.53625 0.22335701620370368 0.53725 0.21181172222222222 0.54175 0.2069271759259259 0.54675 0.2055950277777778 0.54925 0.206483125 0.55725 0.2131438726851852 0.56375 0.2189165185185185 0.56625
13 0.12921847222222224 0.631 0.1407637662037037 0.63025 0.15142095833333333 0.6244999999999999 0.15630550694444445 0.6195 0.15763765509259262 0.61575 0.15541740740740742 0.608 0.15230905787037036 0.605 0.1429840138888889 0.6005 0.13143872222222222 0.59925 0.11944937731481481 0.6 0.1065719351851852 0.605 0.10213143981481482 0.61075 0.1016873888888889 0.61725 0.10523978703703704 0.6232500000000001 0.12078152777777777 0.63 0.12921847222222224 0.631
13 0.33170515046296295 0.624 0.3419182939814815 0.62525 0.35657193518518515 0.6237499999999999 0.3627886319444445 0.6215 0.36856127777777775 0.61575 0.36989342824074073 0.6082500000000001 0.36722912962962967 0.601 0.36545293055555556 0.599 0.35568383564814815 0.5945 0.34280639351851855 0.59375 0.32815275231481483 0.5957499999999999 0.3183836597222222 0.601 0.31394316203703704 0.607 0.31394316203703704 0.613 0.3174955601851852 0.617 0.3241563055555556 0.6215 0.33170515046296295 0.624
13 0.5466252222222222 0.6195 0.5639431620370371 0.621 0.5710479583333333 0.6195 0.5781527523148148 0.6160000000000001 0.583037300925926 0.6097499999999999 0.583481349537037 0.60175 0.5781527523148148 0.5945 0.5701598587962963 0.59075 0.5590586134259259 0.589 0.5519538194444444 0.58975 0.5359680277777777 0.5942500000000001 0.5310834814814815 0.599 0.5297513310185186 0.60325 0.5319715810185185 0.6125 0.5368561273148148 0.61575 0.5466252222222222 0.6195
13 0.7584369444444445 0.6162500000000001 0.7682060393518518 0.617 0.7788632337962963 0.6162500000000001 0.7859680277777777 0.614 0.7944049722222223 0.6075 0.7966252222222222 0.6027499999999999 0.7952930717592592 0.59475 0.7912966250000001 0.59025 0.7828596805555555 0.586 0.7673179398148149 0.58525 0.7557726458333334 0.5865 0.7446714027777778 0.59 0.7415630555555555 0.59475 0.7411190046296297 0.6024999999999999 0.7446714027777778 0.60875 0.7531083472222222 0.6145 0.7584369444444445 0.6162500000000001
13 0.6616341041666667 0.678 0.6740674953703704 0.6787500000000001 0.6820603912037037 0.67675 0.689609236111111 0.6719999999999999 0.6927175833333332 0.66825 0.6944937824074074 0.66225 0.6936056828703704 0.657 0.6891651875 0.652 0.6789520416666667 0.64675 0.666518650462963 0.646 0.6509769097222221 0.6485 0.6434280648148147 0.6535000000000001 0.6403197152777778 0.6579999999999999 0.6398756666666666 0.66625 0.6429840138888889 0.67125 0.6496447592592594 0.675 0.6616341041666667 0.678
13 0.45293072916666666 0.68375 0.46403197222222226 0.68325 0.46847246990740743 0.682 0.4746891643518519 0.6789999999999999 0.4809058611111111 0.6722499999999999 0.48179396064814817 0.664 0.47912966203703705 0.6579999999999999 0.4720248657407407 0.65375 0.46536412037037034 0.652 0.45159857870370373 0.65125 0.4409413865740741 0.65375 0.4320603912037037 0.6577500000000001 0.4249555949074074 0.6647500000000001 0.42451154629629634 0.6707500000000001 0.4280639421296296 0.67525 0.43960923611111113 0.68025 0.45293072916666666 0.68375
13 0.2353463587962963 0.68825 0.2477797523148148 0.6885 0.2548845462962963 0.6865 0.26287744212962966 0.682 0.2677619884259259 0.6775 0.2690941388888889 0.66975 0.26598578935185185 0.6645000000000001 0.25799289583333335 0.6589999999999999 0.2522202476851852 0.65725 0.24200710416666665 0.6565 0.22957371296296294 0.6575000000000001 0.2202486689814815 0.661 0.2140319722222222 0.66875 0.2140319722222222 0.67525 0.21980461805555557 0.6825 0.2277975138888889 0.6862499999999999 0.2353463587962963 0.68825
13 0.35079928935185184 0.7475 0.3627886319444445 0.74625 0.3721136759259259 0.742 0.37833037268518516 0.73625 0.38010657175925927 0.73075 0.3787744236111111 0.72425 0.373889875 0.719 0.36811722916666667 0.71575 0.3601243333333333 0.71375 0.3419182939814815 0.71375 0.33259325 0.7170000000000001 0.3272646527777778 0.7225 0.3241563055555556 0.729 0.32460035416666666 0.7354999999999999 0.32904085185185183 0.74075 0.3352575486111111 0.74475 0.35079928935185184 0.7475
13 0.5741563055555555 0.7412500000000001 0.583037300925926 0.7384999999999999 0.5888099467592592 0.7344999999999999 0.5923623449074074 0.728 0.5923623449074074 0.7214999999999999 0.5896980462962963 0.7165 0.5852575486111111 0.712 0.5777087037037036 0.7085 0.5634991111111111 0.70825 0.5488454699074075 0.7115 0.539520425925926 0.7170000000000001 0.5373001782407407 0.723 0.5381882777777778 0.73125 0.5461811712962963 0.73775 0.5630550625 0.7414999999999999 0.5741563055555555 0.7412500000000001