10 0.42824074074074076 0.2708333333333333 0.4305555555555556 0.27314814814814814 0.4398148148148148 0.27314814814814814 0.44212962962962965 0.27546296296296297 0.45601851851851855 0.2777777777777778 0.4722222222222222 0.28703703703703703 0.48148148148148145 0.2962962962962963 0.4861111111111111 0.3055555555555556 0.4861111111111111 0.3101851851851852 0.48842592592592593 0.3125 0.48842592592592593 0.3287037037037037 0.49074074074074076 0.33101851851851855 0.5486111111111112 0.33101851851851855 0.5509259259259259 0.3287037037037037 0.5509259259259259 0.3148148148148148 0.5532407407407407 0.3125 0.5532407407407407 0.30324074074074076 0.5555555555555556 0.2986111111111111 0.5717592592592593 0.2824074074074074 0.5972222222222222 0.27314814814814814 0.6111111111111112 0.27314814814814814 0.6134259259259259 0.2708333333333333 0.6458333333333334 0.27314814814814814 0.6481481481481481 0.27546296296296297 0.6643518518518519 0.2777777777777778 0.6851851851851852 0.28935185185185186 0.6944444444444444 0.30324074074074076 0.6944444444444444 0.3194444444444444 0.6875 0.33101851851851855 0.6736111111111112 0.3425925925925926 0.6550925925925926 0.35185185185185186 0.6481481481481481 0.35185185185185186 0.6458333333333334 0.3541666666666667 0.6319444444444444 0.3541666666666667 0.6296296296296297 0.35648148148148145 0.5995370370370371 0.35648148148148145 0.5972222222222222 0.3541666666666667 0.5925925925925926 0.3541666666666667 0.5902777777777778 0.35648148148148145 0.5879629629629629 0.3680555555555556 0.5555555555555556 0.3680555555555556 0.5532407407407407 0.37037037037037035 0.5486111111111112 0.36574074074074076 0.5486111111111112 0.35648148148148145 0.5462962962962963 0.3541666666666667 0.49074074074074076 0.3541666666666667 0.48842592592592593 0.35648148148148145 0.4861111111111111 0.3680555555555556 0.4583333333333333 0.36574074074074076 0.4513888888888889 0.37037037037037035 0.44675925925925924 0.3680555555555556 0.44675925925925924 0.3611111111111111 0.44212962962962965 0.3541666666666667 0.41898148148148145 0.3541666666666667 0.41435185185185186 0.3449074074074074 0.4166666666666667 0.33101851851851855 0.41898148148148145 0.3287037037037037 0.44212962962962965 0.33101851851851855 0.44675925925925924 0.3263888888888889 0.44675925925925924 0.30787037037037035 0.44212962962962965 0.30324074074074076 0.42592592592592593 0.30092592592592593 0.4166666666666667 0.28935185185185186 0.4166666666666667 0.27314814814814814 0.41898148148148145 0.2708333333333333 0.42592592592592593 0.2708333333333333
6 0.5 0.38425925925925924 0.5092592592592593 0.3888888888888889 0.5486111111111112 0.3888888888888889 0.5509259259259259 0.38657407407407407 0.5509259259259259 0.375 0.5578703703703703 0.37037037037037035 0.5879629629629629 0.37037037037037035 0.5902777777777778 0.3726851851851852 0.5902777777777778 0.38657407407407407 0.5949074074074074 0.3912037037037037 0.6111111111111112 0.3888888888888889 0.6134259259259259 0.3912037037037037 0.6435185185185185 0.3912037037037037 0.6458333333333334 0.39351851851851855 0.6550925925925926 0.39351851851851855 0.6805555555555556 0.4050925925925926 0.6898148148148148 0.41435185185185186 0.6944444444444444 0.42592592592592593 0.6944444444444444 0.43287037037037035 0.6898148148148148 0.44212962962962965 0.6782407407407407 0.4537037037037037 0.6481481481481481 0.4675925925925926 0.6365740740740741 0.4675925925925926 0.6342592592592593 0.4699074074074074 0.5902777777777778 0.4699074074074074 0.5856481481481481 0.47685185185185186 0.5856481481481481 0.4861111111111111 0.5486111111111112 0.4861111111111111 0.5486111111111112 0.47453703703703703 0.5439814814814815 0.4699074074074074 0.5092592592592593 0.4699074074074074 0.5069444444444444 0.4722222222222222 0.5 0.4722222222222222 0.4930555555555556 0.47685185185185186 0.4861111111111111 0.4861111111111111 0.44675925925925924 0.4861111111111111 0.44675925925925924 0.4791666666666667 0.4537037037037037 0.4675925925925926 0.47685185185185186 0.4537037037037037 0.4930555555555556 0.4513888888888889 0.49537037037037035 0.44907407407407407 0.5069444444444444 0.44907407407407407 0.5092592592592593 0.44675925925925924 0.5138888888888888 0.44907407407407407 0.5300925925925926 0.44907407407407407 0.5324074074074074 0.44675925925925924 0.5462962962962963 0.44675925925925924 0.5486111111111112 0.4444444444444444 0.5509259259259259 0.4398148148148148 0.5509259259259259 0.4212962962962963 0.5439814814814815 0.41203703703703703 0.5 0.41203703703703703 0.4976851851851852 0.4097222222222222 0.48842592592592593 0.4097222222222222 0.4675925925925926 0.40046296296296297 0.4537037037037037 0.38657407407407407 0.4513888888888889 0.3726851851851852 0.45601851851851855 0.3680555555555556 0.47685185185185186 0.3680555555555556 0.4791666666666667 0.37037037037037035 0.48842592592592593 0.37037037037037035 0.4976851851851852 0.38425925925925924
8 0.44675925925925924 0.48842592592592593 0.4861111111111111 0.48842592592592593 0.48842592592592593 0.49537037037037035 0.4976851851851852 0.5046296296296297 0.5138888888888888 0.5069444444444444 0.5162037037037037 0.5092592592592593 0.5231481481481481 0.5092592592592593 0.5254629629629629 0.5069444444444444 0.5439814814814815 0.5069444444444444 0.5486111111111112 0.5023148148148148 0.5486111111111112 0.49074074074074076 0.5532407407407407 0.48842592592592593 0.5810185185185185 0.48842592592592593 0.5879629629629629 0.4930555555555556 0.5879629629629629 0.5046296296296297 0.5925925925925926 0.5092592592592593 0.5972222222222222 0.5092592592592593 0.5995370370370371 0.5069444444444444 0.6203703703703703 0.5069444444444444 0.6226851851851852 0.5092592592592593 0.6435185185185185 0.5092592592592593 0.6458333333333334 0.5115740740740741 0.6597222222222222 0.5138888888888888 0.6736111111111112 0.5208333333333334 0.6851851851851852 0.5300925925925926 0.6921296296296297 0.5416666666666666 0.6921296296296297 0.5625 0.6967592592592593 0.5671296296296297 0.7361111111111112 0.5671296296296297 0.7384259259259259 0.5694444444444444 0.7476851851851852 0.5694444444444444 0.75 0.5717592592592593 0.7638888888888888 0.5740740740740741 0.7824074074074074 0.5833333333333334 0.7939814814814815 0.5949074074074074 0.7986111111111112 0.6064814814814815 0.7939814814814815 0.6111111111111112 0.7592592592592593 0.6087962962962963 0.7546296296296297 0.6064814814814815 0.7430555555555556 0.5925925925925926 0.7384259259259259 0.5925925925925926 0.7361111111111112 0.5902777777777778 0.7245370370370371 0.5902777777777778 0.7222222222222222 0.5879629629629629 0.7175925925925926 0.5902777777777778 0.7129629629629629 0.5879629629629629 0.7106481481481481 0.5902777777777778 0.6944444444444444 0.5902777777777778 0.6921296296296297 0.5925925925925926 0.6921296296296297 0.6064814814814815 0.6875 0.6087962962962963 0.6597222222222222 0.6087962962962963 0.6504629629629629 0.6041666666666666 0.6504629629629629 0.5925925925925926 0.6458333333333334 0.5879629629629629 0.6041666666666666 0.5879629629629629 0.6018518518518519 0.5856481481481481 0.5902777777777778 0.5856481481481481 0.5671296296296297 0.5763888888888888 0.5555555555555556 0.5671296296296297 0.5486111111111112 0.5555555555555556 0.5486111111111112 0.5509259259259259 0.5462962962962963 0.5486111111111112 0.5462962962962963 0.5300925925925926 0.5439814814814815 0.5277777777777778 0.5 0.5277777777777778 0.4976851851851852 0.5254629629629629 0.4791666666666667 0.5231481481481481 0.4583333333333333 0.5115740740740741 0.4513888888888889 0.5046296296296297 0.44675925925925924 0.49537037037037035 0.44675925925925924 0.49074074074074076
9 0.6550925925925926 0.6087962962962963 0.6574074074074074 0.6111111111111112 0.6944444444444444 0.6111111111111112 0.6944444444444444 0.6203703703703703 0.6921296296296297 0.6226851851851852 0.6944444444444444 0.6273148148148148 0.6967592592592593 0.6296296296296297 0.7083333333333334 0.6296296296296297 0.7106481481481481 0.6319444444444444 0.7337962962962963 0.6319444444444444 0.7407407407407407 0.6273148148148148 0.7453703703703703 0.6273148148148148 0.7592592592592593 0.6111111111111112 0.7986111111111112 0.6134259259259259 0.8009259259259259 0.6157407407407407 0.8009259259259259 0.6226851851851852 0.7962962962962963 0.6296296296296297 0.7824074074074074 0.6412037037037037 0.7592592592592593 0.6504629629629629 0.7430555555555556 0.6504629629629629 0.7407407407407407 0.6527777777777778 0.6944444444444444 0.6527777777777778 0.6898148148148148 0.6597222222222222 0.6898148148148148 0.6736111111111112 0.6851851851851852 0.6851851851851852 0.6782407407407407 0.6921296296296297 0.6597222222222222 0.7037037037037037 0.6458333333333334 0.7060185185185185 0.6435185185185185 0.7083333333333334 0.625 0.7083333333333334 0.6226851851851852 0.7106481481481481 0.6157407407407407 0.7106481481481481 0.6134259259259259 0.7083333333333334 0.5949074074074074 0.7083333333333334 0.5925925925925926 0.7060185185185185 0.5763888888888888 0.7037037037037037 0.5625 0.6967592592592593 0.5462962962962963 0.6805555555555556 0.5462962962962963 0.6759259259259259 0.5439814814814815 0.6736111111111112 0.5439814814814815 0.6597222222222222 0.5462962962962963 0.6574074074074074 0.5462962962962963 0.6527777777777778 0.5555555555555556 0.6412037037037037 0.5833333333333334 0.6273148148148148 0.5925925925925926 0.6273148148148148 0.5949074074074074 0.625 0.6504629629629629 0.625 0.6550925925925926 0.6203703703703703 0.6527777777777778 0.6180555555555556 0.6527777777777778 0.6111111111111112
11 0.05239786805555555 0.36975 0.05017762037037037 0.39025 0.051509768518518524 0.39899999999999997 0.047957370370370365 0.44 0.045293071759259264 0.494 0.04618117129629629 0.507 0.04440497222222222 0.517 0.04262877546296297 0.519 0.043516875 0.5305 0.03996447685185185 0.5745 0.04484902314814815 0.578 0.045293071759259264 0.58525 0.04973356944444445 0.5910000000000001 0.04973356944444445 0.5932499999999999 0.04440497222222222 0.61275 0.03996447685185185 0.61575 0.03818827777777778 0.6192500000000001 0.03907637731481481 0.6825 0.04618117129629629 0.6890000000000001 0.04618117129629629 0.6962499999999999 0.03863232638888889 0.7065 0.03818827777777778 0.71225 0.030639430555555555 0.7195 0.023978685185185183 0.744 0.02531083564814815 0.75625 0.02841918287037037 0.76175 0.03463587962962963 0.7667499999999999 0.039520425925925924 0.769 0.051509768518518524 0.7685000000000001 0.05994671296296296 0.77025 0.07593250462962962 0.769 0.08126110185185186 0.769 0.0874777986111111 0.7705 0.09147424537037037 0.7697499999999999 0.11589698148148148 0.77 0.1212255763888889 0.769 0.13676731712962964 0.77025 0.23134991203703703 0.77075 0.23401421064814815 0.7715000000000001 0.3028419189814815 0.7727499999999999 0.32149200694444446 0.7727499999999999 0.3241563055555556 0.772 0.3592362337962963 0.7725000000000001 0.3636767314814815 0.77175 0.3730017754629629 0.7729999999999999 0.3898756666666667 0.7725000000000001 0.4147424513888889 0.7735 0.4431616342592593 0.77325 0.45248667824074074 0.7715000000000001 0.456483125 0.7727499999999999 0.4666962708333333 0.772 0.4738010648148148 0.7737499999999999 0.48134991203703703 0.7737499999999999 0.49111900462962965 0.77525 0.49467140277777777 0.7745 0.4977797523148148 0.7767499999999999 0.5035523981481481 0.775 0.520426287037037 0.776 0.5222024861111111 0.778 0.5577264652777778 0.7775 0.5781527523148148 0.7785000000000001 0.5914742453703704 0.77725 0.6509769097222221 0.7795000000000001 0.7313499120370369 0.7799999999999999 0.7420071041666667 0.7795000000000001 0.7446714027777778 0.7785000000000001 0.7477797523148149 0.7799999999999999 0.873001775462963 0.7807499999999999 0.8832149189814814 0.7792500000000001 0.8876554166666666 0.78025 0.8903197152777778 0.77875 0.9054174074074074 0.7785000000000001 0.9147424513888889 0.78125 0.9187388981481481 0.7797499999999999 0.9214031967592592 0.7827500000000001 0.9236234467592593 0.7807499999999999 0.9733570162037037 0.7817500000000001 0.9769094143518517 0.7827500000000001 0.9813499120370369 0.782 0.9835701597222223 0.7832499999999999 0.9902309050925925 0.7839999999999999 0.9955595023148148 0.7827500000000001 0.999555951388889 0.77325 0.999555951388889 0.2965 0.9951154537037037 0.29575 0.9942273541666666 0.293 0.9964476018518519 0.27749999999999997 0.9955595023148148 0.2675 0.9928952037037037 0.263 0.9871225578703703 0.26 0.9844582592592593 0.255 0.9769094143518517 0.25075 0.9742451157407408 0.25125000000000003 0.9715808171296296 0.24825 0.9635879212962963 0.24475 0.9600355231481481 0.2455 0.956483125 0.24375 0.9404973356481482 0.24075000000000002 0.9262877453703703 0.23925 0.9205150972222222 0.24000000000000002 0.8712255763888889 0.24000000000000002 0.8623445833333334 0.23900000000000002 0.8343694490740741 0.24000000000000002 0.8259325046296296 0.24150000000000002 0.812166962962963 0.24025 0.7833037291666666 0.24025 0.7753108356481482 0.241 0.7730905856481483 0.24275 0.7690941388888889 0.24150000000000002 0.7384547060185185 0.24000000000000002 0.646980462962963 0.24000000000000002 0.6443161643518519 0.23925 0.6372113680555556 0.24000000000000002 0.6323268217592592 0.23900000000000002 0.4738010648148148 0.23975000000000002 0.46403197222222226 0.24150000000000002 0.41785079861111113 0.24025 0.4151865 0.241 0.3898756666666667 0.2405 0.3658969814814815 0.24175000000000002 0.3481349907407407 0.241 0.12788632407407408 0.243 0.11589698148148148 0.2445 0.11012433333333334 0.24625 0.10790408564814814 0.24825 0.10257548842592591 0.24925 0.09813499074074075 0.248 0.08170515046296296 0.25325 0.07104795833333333 0.2605 0.06749556018518518 0.26 0.05639431712962963 0.276 0.05683836574074074 0.27925 0.05373001851851852 0.28075 0.0532859675925926 0.28400000000000003 0.05284191898148148 0.3505 0.05239786805555555 0.35874999999999996 0.05017762037037037 0.36175 0.05239786805555555 0.36975
12 1 0.7028512499999999 0.025959148148148148 0.7028512499999999 0.025959148148148148 0.78203375 1 0.78203375 1 0.7028512499999999
13 0.40630550694444445 0.32925 0.4147424513888889 0.32925 0.42140319675925925 0.32675000000000004 0.4356127893518518 0.32725000000000004 0.44271758333333333 0.32625 0.4440497337962963 0.32475 0.44360568287037033 0.30725 0.4365008888888889 0.3025 0.4293960925925926 0.30075 0.4147424513888889 0.2995 0.4076376550925926 0.3005 0.39742451157407405 0.304 0.3925399652777778 0.3075 0.3903197152777778 0.3105 0.3907637662037037 0.3185 0.39653641203703704 0.325 0.40630550694444445 0.32925
13 0.6318827708333333 0.3285 0.645204263888889 0.3245 0.6492007106481481 0.32125 0.6518650092592593 0.31425 0.645204263888889 0.3035 0.6327708703703704 0.29925 0.6278863240740741 0.29875 0.6123445833333334 0.2995 0.5999111898148148 0.3035 0.5928063935185185 0.31075 0.5923623449074074 0.313 0.5919182939814815 0.321 0.5950266435185185 0.328 0.6190053287037037 0.32899999999999996 0.6318827708333333 0.3285
13 0.7180284189814815 0.38825 0.7277975138888889 0.38925000000000004 0.7357904074074073 0.388 0.749555951388889 0.3815 0.7535523981481481 0.37675 0.7535523981481481 0.3695 0.751776199074074 0.36574999999999996 0.7446714027777778 0.35975 0.7326820601851851 0.35775 0.7184724699074074 0.35775 0.710479574074074 0.35925 0.7011545300925925 0.36525 0.6980461805555556 0.37 0.6976021319444444 0.377 0.7011545300925925 0.381 0.706483125 0.3845 0.7180284189814815 0.38825
13 0.5150976898148149 0.38725 0.5266429837962963 0.38725 0.5377442268518519 0.3855 0.5439609236111111 0.38125 0.5466252222222222 0.377 0.5466252222222222 0.36975 0.539520425925926 0.36125 0.5355239791666667 0.35850000000000004 0.5261989351851851 0.35725 0.5057726458333334 0.3575 0.501776199074074 0.35925 0.4951154537037037 0.36625 0.49422735416666663 0.3775 0.5 0.3825 0.5066607453703704 0.3855 0.5150976898148149 0.38725
13 0.30728241666666667 0.3875 0.31039076388888887 0.38925000000000004 0.3174955601851852 0.3895 0.3277087037037037 0.3875 0.3348135 0.38375 0.33880994675925924 0.37949999999999995 0.3401420949074074 0.37225 0.33792184722222224 0.3665 0.3348135 0.36350000000000005 0.3277087037037037 0.36000000000000004 0.3210479583333334 0.35850000000000004 0.3090586134259259 0.35825 0.3001776203703703 0.35975 0.2930728240740741 0.36325 0.2881882777777778 0.36825 0.2886323263888889 0.37725000000000003 0.29218472453703703 0.38175 0.3001776203703703 0.38675 0.30728241666666667 0.3875
13 0.19982237962962962 0.445 0.2131438726851852 0.44625 0.2202486689814815 0.445 0.22912966203703705 0.4405 0.2349023101851852 0.43475 0.23579040740740742 0.42875 0.2304618125 0.42124999999999996 0.22735346296296297 0.41900000000000004 0.2162522199074074 0.41575 0.20781527546296297 0.41525 0.19582593287037037 0.4165 0.18605683796296296 0.42124999999999996 0.18206039120370368 0.42674999999999996 0.18206039120370368 0.4315 0.18472468981481482 0.43650000000000005 0.18916518750000003 0.44075 0.19982237962962962 0.445
13 0.4080817060185185 0.44625 0.42184724768518517 0.447 0.4280639421296296 0.44575 0.43605683796296296 0.44075 0.44049733564814814 0.436 0.44182948379629633 0.43075 0.43960923611111113 0.425 0.43516873842592596 0.42025 0.42539964583333334 0.4165 0.4116341041666666 0.415 0.4018650092592593 0.4165 0.3929840138888889 0.42050000000000004 0.3889875671296296 0.425 0.3885435162037037 0.43300000000000005 0.3929840138888889 0.43975000000000003 0.39742451157407405 0.44325000000000003 0.4080817060185185 0.44625
13 0.6039076365740741 0.44375 0.6123445833333334 0.44625 0.6265541736111111 0.44575 0.6354351689814814 0.4425 0.6460923634259259 0.43575 0.6478685601851851 0.4285 0.643872113425926 0.42324999999999996 0.6367673171296296 0.41925 0.6265541736111111 0.416 0.6181172291666667 0.41525 0.6043516875 0.41675 0.5941385439814815 0.42525 0.5932504444444445 0.43225 0.5959147430555555 0.43524999999999997 0.5963587916666667 0.439 0.6039076365740741 0.44375
13 0.8174955601851851 0.44549999999999995 0.8246003541666667 0.447 0.8410301944444444 0.4465 0.8512433402777778 0.4435 0.8574600347222222 0.43775000000000003 0.8592362337962962 0.42950000000000005 0.8565719351851853 0.4235 0.8503552407407406 0.418 0.8419182939814815 0.41550000000000004 0.8277087037037036 0.41525 0.8139431620370371 0.41725 0.810390763888889 0.41875 0.8032859675925926 0.42525 0.8015097685185185 0.42925 0.8023978680555556 0.4355 0.8050621666666666 0.43825000000000003 0.8174955601851851 0.44549999999999995
13 0.7162522199074074 0.50525 0.7309058611111111 0.50575 0.7420071041666667 0.503 0.7513321481481482 0.494 0.7526642986111112 0.48874999999999996 0.7513321481481482 0.484 0.7446714027777778 0.47775 0.7397868564814815 0.4755 0.727353462962963 0.4735 0.7135879212962963 0.47425 0.7029307291666667 0.47775 0.6967140324074074 0.48475 0.6962699814814814 0.4915 0.6993783310185185 0.4965 0.7060390763888889 0.5025000000000001 0.7162522199074074 0.50525
13 0.5222024861111111 0.505 0.5297513310185186 0.50375 0.5381882777777778 0.5 0.5430728240740741 0.49475 0.5448490231481481 0.4895 0.543516875 0.48425 0.5359680277777777 0.47625 0.5288632337962963 0.47300000000000003 0.5133214930555555 0.472 0.5048845462962963 0.47324999999999995 0.49422735416666663 0.4775 0.4893428055555556 0.484 0.48889875694444446 0.48924999999999996 0.49333925462962963 0.498 0.5057726458333334 0.504 0.5222024861111111 0.505
13 0.30195381944444444 0.503 0.3108348125 0.50375 0.32460035416666666 0.502 0.32904085185185183 0.49974999999999997 0.33658969907407404 0.49274999999999997 0.33747779861111116 0.4875 0.333925400462963 0.48075 0.32460035416666666 0.47525 0.31483126157407404 0.47324999999999995 0.30328596759259263 0.4735 0.2939609236111111 0.47625 0.2881882777777778 0.48000000000000004 0.28507992824074074 0.4845 0.28507992824074074 0.49175 0.28774422685185186 0.4965 0.29706927083333334 0.50175 0.30195381944444444 0.503
13 0.20204262962962963 0.56125 0.21669627083333334 0.561 0.22735346296296297 0.556 0.23223801157407406 0.5475 0.23134991203703703 0.53975 0.22735346296296297 0.535 0.2109236226851852 0.5307499999999999 0.19582593287037037 0.5307499999999999 0.18960923611111113 0.532 0.18161634027777776 0.5365 0.17806394212962964 0.54125 0.17850799305555556 0.5475 0.18561278935185185 0.5565 0.19049733564814814 0.559 0.20204262962962963 0.56125
13 0.40719360648148145 0.5625 0.4169626990740741 0.56275 0.4249555949074074 0.5615 0.4356127893518518 0.5555 0.43827708796296294 0.54775 0.43738898842592594 0.542 0.4316163402777778 0.53575 0.42140319675925925 0.53125 0.39742451157407405 0.53225 0.3894316157407407 0.5375 0.38587921759259264 0.543 0.3854351689814815 0.55025 0.3894316157407407 0.5545 0.39387211342592593 0.5585 0.40719360648148145 0.5625
13 0.6101243333333334 0.56275 0.623001775462963 0.564 0.6323268217592592 0.5625 0.6380994675925926 0.5605 0.6474245115740741 0.554 0.6483126111111112 0.5457500000000001 0.645204263888889 0.53925 0.6398756666666666 0.5355 0.6274422731481482 0.532 0.6114564837962964 0.5317500000000001 0.6052397870370371 0.53275 0.5910301944444444 0.54 0.5892539953703704 0.543 0.5888099467592592 0.547 0.5954706921296297 0.5569999999999999 0.6021314398148149 0.56075 0.6101243333333334 0.56275
13 0.8281527523148149 0.567 0.8485790416666666 0.56375 0.8556838356481481 0.559 0.8583481342592593 0.55125 0.8574600347222222 0.54525 0.8516873888888888 0.538 0.8419182939814815 0.5339999999999999 0.8210479583333333 0.53425 0.8108348125 0.5367500000000001 0.8068383657407407 0.5387500000000001 0.8023978680555556 0.54475 0.8023978680555556 0.55075 0.8072824166666668 0.5595 0.8214920069444445 0.566 0.8281527523148149 0.567
13 0.7277975138888889 0.6232500000000001 0.7366785069444445 0.6222500000000001 0.7433392546296297 0.6195 0.751776199074074 0.61 0.751776199074074 0.6052500000000001 0.7491119004629629 0.6034999999999999 0.7477797523148149 0.599 0.7411190046296297 0.59675 0.7344582592592593 0.592 0.7131438726851852 0.59175 0.7029307291666667 0.5952500000000001 0.6980461805555556 0.59875 0.6967140324074074 0.6027499999999999 0.6993783310185185 0.61175 0.7095914745370371 0.621 0.7277975138888889 0.6232500000000001
13 0.49866785185185186 0.6195 0.5088809953703703 0.6222500000000001 0.5222024861111111 0.62275 0.5310834814814815 0.619 0.5377442268518519 0.61275 0.5408525763888888 0.6045 0.5359680277777777 0.5964999999999999 0.5270870347222222 0.5912499999999999 0.5190941388888889 0.5895 0.5084369444444444 0.58925 0.49822380092592594 0.59175 0.4893428055555556 0.59875 0.4880106574074074 0.60175 0.4893428055555556 0.6125 0.49111900462962965 0.615 0.49866785185185186 0.6195
13 0.2864120787037037 0.6164999999999999 0.3001776203703703 0.6204999999999999 0.3112788634259259 0.62075 0.3210479583333334 0.6195 0.32815275231481483 0.6162500000000001 0.3312611018518518 0.61275 0.33259325 0.6022500000000001 0.3277087037037037 0.59475 0.3206039074074074 0.5910000000000001 0.30728241666666667 0.58875 0.30062166898148146 0.589 0.290408525462963 0.5915 0.28019538194444443 0.599 0.2788632337962963 0.6022500000000001 0.28063943055555557 0.6092500000000001 0.28197158101851855 0.6125 0.2864120787037037 0.6164999999999999
13 0.3983126111111111 0.6792499999999999 0.40719360648148145 0.68075 0.41429840046296296 0.6799999999999999 0.42539964583333334 0.6765 0.4325044398148148 0.6719999999999999 0.43516873842592596 0.6652499999999999 0.4342806388888889 0.6579999999999999 0.4289520416666666 0.65375 0.41740675 0.6495 0.4045293078703704 0.6485 0.39520426388888885 0.65 0.38676731712962964 0.6542500000000001 0.38321491898148147 0.66 0.38277087037037033 0.6652499999999999 0.3849911180555555 0.67125 0.3885435162037037 0.6747500000000001 0.3983126111111111 0.6792499999999999
13 0.6145648310185186 0.68325 0.624333925925926 0.68325 0.6336589699074074 0.681 0.6443161643518519 0.67525 0.646980462962963 0.6717500000000001 0.6474245115740741 0.66425 0.645204263888889 0.6582499999999999 0.6336589699074074 0.65225 0.6207815277777777 0.65075 0.6056838356481481 0.6515 0.5972468912037037 0.65525 0.5892539953703704 0.6647500000000001 0.5883658958333333 0.6695 0.5941385439814815 0.67575 0.6039076365740741 0.68075 0.6145648310185186 0.68325