3 0.4652777777777778 0.3958333333333333 0.4652777777777778 0.41898148148148145 0.4513888888888889 0.41898148148148145 0.44212962962962965 0.42592592592592593 0.4375 0.42592592592592593 0.43287037037037035 0.4305555555555556 0.43287037037037035 0.4537037037037037 0.4351851851851852 0.45601851851851855 0.46296296296296297 0.45601851851851855 0.4652777777777778 0.4583333333333333 0.4652777777777778 0.47685185185185186 0.46296296296296297 0.4791666666666667 0.4351851851851852 0.4791666666666667 0.43287037037037035 0.48148148148148145 0.43287037037037035 0.5138888888888888 0.4375 0.5185185185185185 0.4930555555555556 0.5185185185185185 0.5023148148148148 0.5231481481481481 0.5092592592592593 0.5231481481481481 0.5324074074074074 0.5370370370370371 0.5416666666666666 0.5509259259259259 0.5416666666666666 0.5671296296296297 0.5370370370370371 0.5763888888888888 0.5300925925925926 0.5833333333333334 0.5162037037037037 0.5925925925925926 0.5115740740740741 0.5925925925925926 0.5046296296296297 0.5972222222222222 0.4791666666666667 0.5995370370370371 0.47685185185185186 0.6018518518518519 0.44212962962962965 0.5995370370370371 0.4398148148148148 0.5972222222222222 0.43287037037037035 0.5972222222222222 0.4305555555555556 0.5949074074074074 0.41898148148148145 0.5925925925925926 0.4050925925925926 0.5833333333333334 0.3958333333333333 0.5717592592592593 0.39351851851851855 0.5671296296296297 0.39351851851851855 0.5416666666666666 0.3912037037037037 0.5393518518518519 0.3611111111111111 0.5393518518518519 0.3587962962962963 0.5370370370370371 0.3587962962962963 0.5231481481481481 0.3611111111111111 0.5185185185185185 0.3888888888888889 0.5185185185185185 0.39351851851851855 0.5138888888888888 0.39351851851851855 0.4861111111111111 0.3912037037037037 0.48148148148148145 0.38657407407407407 0.47685185185185186 0.38425925925925924 0.4791666666666667 0.3587962962962963 0.4791666666666667 0.3587962962962963 0.47453703703703703 0.35648148148148145 0.4722222222222222 0.35648148148148145 0.46296296296296297 0.3587962962962963 0.4583333333333333 0.3611111111111111 0.45601851851851855 0.38657407407407407 0.4583333333333333 0.3912037037037037 0.4537037037037037 0.3912037037037037 0.4351851851851852 0.39351851851851855 0.43287037037037035 0.39351851851851855 0.42592592592592593 0.4050925925925926 0.41203703703703703 0.4375 0.39814814814814814 0.46296296296296297 0.3958333333333333
11 0 0.611 0.002220247685185185 0.6115 0.003552398148148148 0.61475 0 0.6234999999999999 0.004884546296296296 0.6230000000000001 0.00666074537037037 0.6244999999999999 0.0053285972222222215 0.7085 0.003552398148148148 0.7097500000000001 0.005772645833333334 0.715 0.003552398148148148 0.7160000000000001 0.003552398148148148 0.7207499999999999 0.004884546296296296 0.72275 0.004884546296296296 0.7332500000000001 0.007104796296296296 0.7347499999999999 0.012877442129629631 0.7342500000000001 0.017761988425925926 0.73675 0.01820603935185185 0.7384999999999999 0.014653641203703703 0.7410000000000001 0.01554174074074074 0.74975 0.016429840277777778 0.753 0.020870337962962962 0.75475 0.01909413888888889 0.75775 0.01687388888888889 0.7585000000000001 0.0195381875 0.7625 0.014209592592592591 0.764 0.011989342592592591 0.7635 0.010657194444444443 0.76725 0.007992895833333333 0.7685000000000001 0.010657194444444443 0.77075 0.011989342592592591 0.776 0.007104796296296296 0.77775 0.004884546296296296 0.7775 0.0039964467592592595 0.779 0.0053285972222222215 0.781 0.004884546296296296 0.7935 0.011545293981481483 0.7975 0.009769094907407407 0.79925 0.009769094907407407 0.8037500000000001 0.004440497685185185 0.8049999999999999 0.003108347222222222 0.8083750000000001 0 0.8105000000000001 0.0026642986111111108 0.8115 0.003552398148148148 0.8212499999999999 0.007104796296296296 0.825 0.003552398148148148 0.83375 0.0053285972222222215 0.83875 0.002220247685185185 0.8417500000000001 0.004884546296296296 0.8450000000000001 0.01598578935185185 0.8445 0.021314386574074074 0.843 0.02975133101851852 0.8435 0.032415629629629635 0.8417500000000001 0.03996447685185185 0.84125 0.047957370370370365 0.83825 0.058614564814814814 0.8365 0.06172291203703703 0.8347500000000001 0.06172291203703703 0.833 0.07460035416666667 0.83275 0.08081705092592592 0.8350000000000001 0.08525754861111111 0.8345 0.08836589583333333 0.836 0.09191829398148148 0.8354999999999999 0.1016873888888889 0.8375 0.10568383564814815 0.83725 0.10879218518518519 0.8385 0.11900532870370371 0.8392499999999999 0.12699822453703705 0.837 0.12966252314814813 0.83825 0.13676731712962964 0.83875 0.16873889814814816 0.839 0.19982237962962962 0.839 0.20515097685185182 0.83825 0.24600355324074072 0.839 0.2886323263888889 0.8375 0.29662522222222226 0.83875 0.30106571990740744 0.837 0.3241563055555556 0.839 0.3277087037037037 0.83775 0.33570159953703704 0.839 0.35257548842592595 0.83875 0.36234458333333336 0.8375 0.36545293055555556 0.83875 0.37033747685185187 0.8380000000000001 0.3809946712962963 0.83875 0.3903197152777778 0.8375 0.39342806481481485 0.83875 0.4342806388888889 0.839 0.440053287037037 0.83825 0.44937833101851854 0.8392499999999999 0.4675843703703703 0.83875 0.4715808171296296 0.83775 0.49067495601851846 0.8392499999999999 0.5368561273148148 0.8385 0.5381882777777778 0.837 0.5408525763888888 0.837 0.5452930717592592 0.8385 0.5883658958333333 0.8395 0.623001775462963 0.83875 0.6252220254629629 0.8365 0.6296625231481481 0.8352499999999999 0.6380994675925926 0.837 0.6398756666666666 0.83875 0.668294849537037 0.8395 0.6785079930555555 0.839 0.6833925393518518 0.8375 0.6891651875 0.839 0.6936056828703704 0.8380000000000001 0.7131438726851852 0.8380000000000001 0.7264653634259259 0.8392499999999999 0.7473357013888888 0.8385 0.7837477800925926 0.8395 0.7952930717592592 0.8375 0.7979573703703703 0.8385 0.8166074606481482 0.837 0.8268206041666667 0.8392499999999999 0.8396980462962963 0.8392499999999999 0.8534635879629631 0.8385 0.8632326828703704 0.8350000000000001 0.8690053287037037 0.8362499999999999 0.8805506226851852 0.8350000000000001 0.893872113425926 0.82875 0.8974245115740741 0.8282499999999999 0.9036412083333333 0.82325 0.9076376550925926 0.822 0.9200710486111111 0.81025 0.9253996458333333 0.7969999999999999 0.9262877453703703 0.7839999999999999 0.9249555949074074 0.779 0.9262877453703703 0.76825 0.9245115462962963 0.7645000000000001 0.9262877453703703 0.76225 0.9271758425925926 0.7272500000000001 0.9240674953703704 0.7232500000000001 0.9267317939814815 0.7207499999999999 0.9325044398148149 0.4975 0.9320603912037037 0.491 0.9253996458333333 0.48874999999999996 0.9253996458333333 0.4865 0.9276198935185185 0.48475 0.9271758425925926 0.47525 0.9329484907407407 0.4425 0.9316163402777777 0.43374999999999997 0.9320603912037037 0.37975 0.9289520416666667 0.37124999999999997 0.9302841921296297 0.3625 0.9329484907407407 0.35975 0.9333925393518518 0.35174999999999995 0.9320603912037037 0.31975000000000003 0.9267317939814815 0.31425 0.9267317939814815 0.30674999999999997 0.9231793958333333 0.30124999999999996 0.91740675 0.299 0.9138543518518518 0.2935 0.9036412083333333 0.29125 0.9009769097222221 0.28750000000000003 0.8898756666666666 0.288 0.8867673171296296 0.2845 0.8832149189814814 0.2855 0.854795736111111 0.2855 0.8454706921296297 0.2845 0.8392539953703704 0.28500000000000003 0.8352575486111111 0.28375 0.8161634097222221 0.2845 0.8072824166666668 0.28325 0.7952930717592592 0.28475 0.7859680277777777 0.28325 0.7686500879629631 0.28575 0.7584369444444445 0.28325 0.727353462962963 0.2845 0.7095914745370371 0.2835 0.689609236111111 0.28575 0.6585257546296297 0.279 0.6531971574074075 0.28325 0.6367673171296296 0.2835 0.6301065717592592 0.27925 0.626998224537037 0.28099999999999997 0.6221136759259259 0.28175 0.6167850810185186 0.27875 0.5324156296296296 0.27825 0.5266429837962963 0.28150000000000003 0.5239786851851852 0.28150000000000003 0.5039964467592593 0.278 0.5 0.28150000000000003 0.49600355324074075 0.28250000000000003 0.48623445833333334 0.28125 0.47779751388888886 0.27875 0.4733570162037037 0.2795 0.4706927175925926 0.27825 0.4666962708333333 0.27875 0.46403197222222226 0.27749999999999997 0.4618117222222222 0.27775 0.4569271759259259 0.28125 0.4483423634259259 0.2805 0.4422735347222222 0.278 0.4356127893518518 0.27675 0.01909413888888889 0.27375 0.00888099537037037 0.27499999999999997 0.007548844907407408 0.276 0.011101243055555555 0.27975 0.007548844907407408 0.28275 0.00888099537037037 0.28600000000000003 0.007992895833333333 0.2905 0.003552398148148148 0.29275 0.0053285972222222215 0.29550000000000004 0.003552398148148148 0.3015 0.00666074537037037 0.310375 0.0039964467592592595 0.31775 0.008436944444444445 0.32575 0 0.3455 0.0053285972222222215 0.34800000000000003 0.008436944444444445 0.3595 0.003552398148148148 0.36024999999999996 0.001776199074074074 0.36325 0 0.36350000000000005 0 0.3675 0.0026642986111111108 0.3685 0.002220247685185185 0.3715 0 0.372 0 0.5700000000000001 0.0026642986111111108 0.5705 0.003552398148148148 0.57275 0.00666074537037037 0.574 0.00666074537037037 0.57625 0.004440497685185185 0.578 0.005772645833333334 0.5825 0.00888099537037037 0.58325 0.012433393518518519 0.5862499999999999 0.014209592592592591 0.596 0.01909413888888889 0.5994999999999999 0.0062166967592592595 0.6034999999999999 0 0.6015 0 0.60375 0.0026642986111111108 0.6055 0 0.60725 0 0.611
12 0 0.85694125 0.08809058564814815 0.85694125 0.08809058564814815 0.25910875 0 0.25910875 0 0.85694125
13 0.35301953703703703 0.39149999999999996 0.36944937731481486 0.391 0.3765541736111111 0.388 0.38587921759259264 0.38025 0.38676731712962964 0.37424999999999997 0.38277087037037033 0.36625 0.37966252314814813 0.36374999999999996 0.36323268287037036 0.35874999999999996 0.355239787037037 0.35850000000000004 0.34058614583333335 0.36175 0.3348135 0.3655 0.3312611018518518 0.37124999999999997 0.3312611018518518 0.37725000000000003 0.33570159953703704 0.3835 0.34280639351851855 0.3885 0.35301953703703703 0.39149999999999996
13 0.5670515092592593 0.39175 0.5785968032407408 0.393 0.5879218472222222 0.39125000000000004 0.6012433402777778 0.38375 0.603019537037037 0.3815 0.603019537037037 0.3725 0.5990230902777779 0.36625 0.5901420949074074 0.3625 0.5781527523148148 0.35975 0.5710479583333333 0.36000000000000004 0.5603907638888889 0.36224999999999996 0.5519538194444444 0.3665 0.5484014212962963 0.37175 0.5479573703703703 0.3775 0.5519538194444444 0.38425000000000004 0.5608348125 0.3895 0.5670515092592593 0.39175
13 0.46714031944444445 0.45475 0.4746891643518519 0.455 0.48179396064814817 0.4565 0.4857904074074074 0.45425 0.4884547060185185 0.44775 0.499111900462963 0.4425 0.49822380092592594 0.43174999999999997 0.4951154537037037 0.42875 0.4875666064814815 0.42575 0.4866785069444444 0.42175 0.47779751388888886 0.41975 0.46802841898148145 0.42050000000000004 0.4471580810185185 0.42525 0.437833037037037 0.43225 0.43827708796296294 0.44275 0.4422735347222222 0.447 0.44671403240740737 0.44975 0.46714031944444445 0.45475
13 0.6576376550925926 0.45325 0.6603019537037037 0.45225000000000004 0.6705150972222222 0.45625 0.6718472476851851 0.45925 0.6793960925925927 0.45599999999999996 0.690053287037037 0.45599999999999996 0.6993783310185185 0.45425 0.7082593240740741 0.44825000000000004 0.7158081712962963 0.4395 0.7131438726851852 0.43225 0.7033747777777778 0.42175 0.690053287037037 0.4195 0.6718472476851851 0.41900000000000004 0.6625222013888888 0.423 0.6611900532407406 0.42124999999999996 0.6536412083333333 0.42824999999999996 0.6523090578703703 0.434 0.6514209583333334 0.439 0.6531971574074075 0.44125000000000003 0.6540852569444445 0.4495 0.6576376550925926 0.45325
13 0.250888099537037 0.453 0.2619893425925926 0.452 0.27220248611111114 0.448 0.2810834814814815 0.43575 0.27087033796296295 0.424 0.2650976898148148 0.4215 0.2548845462962963 0.41975 0.2424511550925926 0.42 0.2309058611111111 0.423 0.22735346296296297 0.42525 0.22202486574074076 0.43225 0.22158081712962965 0.43925 0.22735346296296297 0.447 0.24067495601851852 0.452 0.250888099537037 0.453
13 0.12211367592592592 0.51025 0.1332149189814815 0.5125000000000001 0.14742451157407407 0.5125000000000001 0.15763765509259262 0.5097499999999999 0.1656305509259259 0.50375 0.1678507986111111 0.49825 0.16607459953703702 0.49175 0.16074600462962962 0.48574999999999996 0.15408525694444444 0.48225 0.14165186574074073 0.48024999999999995 0.13010657175925924 0.48075 0.11989342824074074 0.48475 0.11101243287037038 0.4915 0.1092362337962963 0.4945 0.11056838425925927 0.50175 0.11856127777777778 0.50875 0.12211367592592592 0.51025
13 0.3614564837962963 0.5135 0.37522202546296296 0.50925 0.38232682175925925 0.50375 0.3841030185185185 0.49725 0.38188277083333333 0.491 0.3778863240740741 0.4875 0.3690053287037037 0.48300000000000004 0.3592362337962963 0.482 0.3476909421296296 0.48300000000000004 0.3419182939814815 0.4845 0.33747779861111116 0.48724999999999996 0.3312611018518518 0.4945 0.3312611018518518 0.502 0.3383658958333334 0.509 0.3476909421296296 0.5125000000000001 0.3614564837962963 0.5135
13 0.5746003541666667 0.514 0.583037300925926 0.51275 0.5923623449074074 0.5097499999999999 0.5985790416666666 0.5055000000000001 0.6007992893518519 0.50125 0.6007992893518519 0.496 0.5985790416666666 0.491 0.5923623449074074 0.486 0.5848135 0.48325 0.5692717592592592 0.4825 0.559946712962963 0.48425 0.5532859675925926 0.48724999999999996 0.5466252222222222 0.49525 0.5466252222222222 0.502 0.5523978680555556 0.5085 0.5634991111111111 0.51275 0.5746003541666667 0.514
13 0.7793072824074074 0.51275 0.7877442268518519 0.5145000000000001 0.8006216689814815 0.51425 0.809946712962963 0.51125 0.8174955601851851 0.50625 0.8201598587962963 0.50175 0.8197158078703703 0.4945 0.8148312615740742 0.48874999999999996 0.8072824166666668 0.484 0.7966252222222222 0.482 0.7801953819444444 0.48325 0.7730905856481483 0.4855 0.7682060393518518 0.48924999999999996 0.7633214930555555 0.49475 0.7642095925925927 0.5015 0.7717584375000001 0.5097499999999999 0.7793072824074074 0.51275
13 0.6745115462962963 0.57475 0.6860568379629629 0.5750000000000001 0.6962699814814814 0.5725 0.7002664305555556 0.571 0.7082593240740741 0.564 0.7091474236111112 0.5595 0.707371224537037 0.55325 0.6989342800925926 0.5465 0.6918294837962963 0.54475 0.6767317939814815 0.5437500000000001 0.6660745995370371 0.5455 0.6589698055555556 0.54925 0.6549733564814815 0.55475 0.6549733564814815 0.5615 0.6603019537037037 0.56925 0.6634103009259259 0.57125 0.6745115462962963 0.57475
13 0.4613676736111111 0.576 0.4711367662037037 0.576 0.48046181250000003 0.5745 0.49289520370370365 0.5675 0.49822380092592594 0.56075 0.49822380092592594 0.55675 0.49111900462962965 0.54875 0.4840142106481482 0.54525 0.47602131481481486 0.543 0.4582593240740741 0.543 0.4471580810185185 0.54525 0.4409413865740741 0.54875 0.437833037037037 0.5529999999999999 0.43738898842592594 0.56075 0.44182948379629633 0.56775 0.4484902314814815 0.57275 0.4613676736111111 0.576
13 0.23268206018518517 0.5720000000000001 0.2442273541666667 0.57375 0.25666074537037037 0.57425 0.2677619884259259 0.5722499999999999 0.27264653703703706 0.56875 0.27797513425925924 0.56125 0.2775310833333333 0.55375 0.2744227361111111 0.54975 0.26820603935185183 0.54525 0.2562166967592593 0.5425 0.24200710416666665 0.54275 0.23445825925925926 0.5445 0.22602131481481483 0.549 0.22202486574074076 0.554 0.2206927175925926 0.55675 0.22158081712962965 0.56175 0.22646536342592594 0.56825 0.23268206018518517 0.5720000000000001
13 0.1332149189814815 0.63525 0.1527531087962963 0.6339999999999999 0.1580817060185185 0.63225 0.16385435185185185 0.6265000000000001 0.16607459953703702 0.62 0.16429840046296298 0.613 0.16119005324074073 0.6094999999999999 0.15541740740740742 0.60625 0.14520426388888888 0.60375 0.13365896990740742 0.60325 0.1265541736111111 0.604 0.11722912962962963 0.60875 0.10968028472222223 0.6160000000000001 0.1092362337962963 0.62025 0.11367673148148148 0.62825 0.12255772685185186 0.6337499999999999 0.1332149189814815 0.63525
13 0.36634103009259256 0.635 0.376110125 0.63175 0.38454706944444444 0.62275 0.3849911180555555 0.6152500000000001 0.38232682175925925 0.6104999999999999 0.3765541736111111 0.60625 0.3636767314814815 0.6024999999999999 0.355239787037037 0.6027499999999999 0.3419182939814815 0.605 0.333925400462963 0.61 0.3294849027777778 0.6162500000000001 0.3312611018518518 0.6267499999999999 0.3441385439814815 0.6337499999999999 0.35479573611111115 0.63525 0.36634103009259256 0.635
13 0.5750444050925926 0.63525 0.5870337476851852 0.6335000000000001 0.5932504444444445 0.63025 0.6007992893518519 0.62275 0.6016873888888888 0.6192500000000001 0.5994671412037037 0.61325 0.5941385439814815 0.6085 0.5883658958333333 0.6055 0.5843694490740741 0.60475 0.5692717592592592 0.604 0.562166962962963 0.605 0.5559502662037037 0.60725 0.5497335694444444 0.61125 0.5466252222222222 0.6155 0.5461811712962963 0.62075 0.5501776203703703 0.63025 0.5643872106481482 0.6347499999999999 0.5750444050925926 0.63525
13 0.771314386574074 0.63225 0.7833037291666666 0.63575 0.7966252222222222 0.63625 0.8068383657407407 0.63425 0.8174955601851851 0.6267499999999999 0.8188277083333333 0.61975 0.8161634097222221 0.61375 0.8108348125 0.60875 0.8037300185185186 0.6055 0.7930728240740741 0.604 0.7757548842592592 0.6055 0.7677619884259259 0.61025 0.7633214930555555 0.6162500000000001 0.7619893425925925 0.6195 0.7633214930555555 0.62475 0.7673179398148149 0.62975 0.771314386574074 0.63225
13 0.6700710486111111 0.69525 0.6749555949074074 0.6964999999999999 0.6865008888888888 0.6964999999999999 0.6993783310185185 0.6932499999999999 0.7055950277777777 0.6890000000000001 0.707815275462963 0.6847500000000001 0.7069271759259259 0.67525 0.6998223796296296 0.6685 0.6891651875 0.6647500000000001 0.6776198935185185 0.6652499999999999 0.6749555949074074 0.6645000000000001 0.668294849537037 0.6659999999999999 0.6603019537037037 0.67 0.6563055069444445 0.6745 0.6545293078703703 0.6785000000000001 0.6563055069444445 0.68675 0.6611900532407406 0.6915 0.6700710486111111 0.69525
13 0.44893428009259256 0.6945 0.4626998217592593 0.69675 0.4702486689814815 0.69675 0.48179396064814817 0.69375 0.48889875694444446 0.6892499999999999 0.49289520370370365 0.6792499999999999 0.49200710416666665 0.67525 0.4884547060185185 0.671 0.48046181250000003 0.6659999999999999 0.46936056944444443 0.6637500000000001 0.45737122453703705 0.664 0.44271758333333333 0.66925 0.4365008888888889 0.67525 0.4365008888888889 0.68275 0.4391651875 0.6885 0.4422735347222222 0.6915 0.44893428009259256 0.6945
13 0.2384547060185185 0.6960000000000001 0.24555950231481483 0.69675 0.26110124305555554 0.6960000000000001 0.2690941388888889 0.6915 0.2744227361111111 0.6865 0.2761989351851852 0.68325 0.2744227361111111 0.6725 0.26820603935185183 0.6675 0.2575488449074074 0.664 0.2504440486111111 0.66325 0.2309058611111111 0.66675 0.2202486689814815 0.675 0.21936056944444446 0.6825 0.22335701620370368 0.6890000000000001 0.22735346296296297 0.69275 0.2384547060185185 0.6960000000000001
13 0.33570159953703704 0.755 0.3485790416666667 0.75725 0.3658969814814815 0.75775 0.37522202546296296 0.755 0.38055062268518514 0.7505000000000001 0.38454706944444444 0.74225 0.38321491898148147 0.73525 0.38010657175925927 0.731 0.36811722916666667 0.7262500000000001 0.3596802847222222 0.72525 0.3445825925925926 0.726 0.33259325 0.731 0.32904085185185183 0.73675 0.3277087037037037 0.7412500000000001 0.32904085185185183 0.7472500000000001 0.33081705092592595 0.7515000000000001 0.33570159953703704 0.755
13 0.5674955601851852 0.75725 0.5821492013888888 0.75675 0.5896980462962963 0.755 0.5954706921296297 0.7517499999999999 0.5999111898148148 0.7454999999999999 0.5985790416666666 0.7342500000000001 0.5941385439814815 0.7302500000000001 0.585701599537037 0.7262500000000001 0.5666074606481482 0.7255 0.5586145648148149 0.7270000000000001 0.5510657199074074 0.7302500000000001 0.5457371226851851 0.7375 0.5452930717592592 0.745 0.5479573703703703 0.7505000000000001 0.5568383657407407 0.75525 0.5674955601851852 0.75725