7 0.42824074074074076 0.5185185185185185 0.43287037037037035 0.5162037037037037 0.4675925925925926 0.5162037037037037 0.4699074074074074 0.5208333333333334 0.4675925925925926 0.5231481481481481 0.4675925925925926 0.5277777777777778 0.4722222222222222 0.5324074074074074 0.5092592592592593 0.5324074074074074 0.5115740740740741 0.5300925925925926 0.5162037037037037 0.5300925925925926 0.5300925925925926 0.5138888888888888 0.5648148148148148 0.5138888888888888 0.5671296296296297 0.5162037037037037 0.5625 0.5300925925925926 0.5532407407407407 0.5393518518518519 0.5347222222222222 0.5486111111111112 0.5208333333333334 0.5509259259259259 0.5185185185185185 0.5532407407407407 0.4976851851851852 0.5532407407407407 0.49537037037037035 0.5555555555555556 0.48148148148148145 0.5532407407407407 0.4791666666666667 0.5555555555555556 0.4722222222222222 0.5555555555555556 0.4675925925925926 0.5601851851851852 0.4699074074074074 0.5856481481481481 0.47453703703703703 0.5902777777777778 0.4976851851851852 0.5879629629629629 0.5 0.5925925925925926 0.5 0.6064814814814815 0.4976851851851852 0.6111111111111112 0.47453703703703703 0.6111111111111112 0.4699074074074074 0.6157407407407407 0.4699074074074074 0.6296296296296297 0.48148148148148145 0.6412037037037037 0.4861111111111111 0.6412037037037037 0.48842592592592593 0.6435185185185185 0.5 0.6435185185185185 0.5023148148148148 0.6458333333333334 0.5023148148148148 0.6643518518518519 0.5 0.6689814814814815 0.4837962962962963 0.6689814814814815 0.4652777777777778 0.6620370370370371 0.4583333333333333 0.6620370370370371 0.4351851851851852 0.6458333333333334 0.4305555555555556 0.6388888888888888 0.4305555555555556 0.6319444444444444 0.42824074074074076 0.6296296296296297 0.42824074074074076 0.6157407407407407 0.4236111111111111 0.6111111111111112 0.40046296296296297 0.6111111111111112 0.39814814814814814 0.6087962962962963 0.39814814814814814 0.5949074074074074 0.40046296296296297 0.5902777777777778 0.4050925925925926 0.5879629629629629 0.4236111111111111 0.5879629629629629 0.42592592592592593 0.5856481481481481 0.42824074074074076 0.5810185185185185 0.42824074074074076 0.5578703703703703 0.4212962962962963 0.5532407407407407 0.41435185185185186 0.5532407407407407 0.41203703703703703 0.5555555555555556 0.4074074074074074 0.5532407407407407 0.4050925925925926 0.5555555555555556 0.39814814814814814 0.5532407407407407 0.3958333333333333 0.5486111111111112 0.3958333333333333 0.5393518518518519 0.40046296296296297 0.5324074074074074 0.42592592592592593 0.5324074074074074 0.42824074074074076 0.5300925925925926 0.42824074074074076 0.5208333333333334
11 0.012433393518518519 0.30100000000000005 0.012433393518518519 0.30725 0.015097689814814816 0.314 0.01909413888888889 0.31699999999999995 0.020870337962962962 0.3165 0.024422736111111114 0.3185 0.027531083333333334 0.32175000000000004 0.027087034722222222 0.33525 0.0217584375 0.3425 0.023534636574074078 0.35325 0.02220248611111111 0.363 0.02531083564814815 0.3805 0.023978685185185183 0.3905 0.027531083333333334 0.41475 0.02975133101851852 0.418 0.03197158101851852 0.47425 0.036856127314814816 0.511 0.03863232638888889 0.55075 0.04218472453703704 0.569 0.05639431712962963 0.7207499999999999 0.060390763888888886 0.731 0.06349911111111112 0.7332500000000001 0.06749556018518518 0.7395 0.08081705092592592 0.74925 0.08836589583333333 0.753 0.1092362337962963 0.7597499999999999 0.12344582638888889 0.7627499999999999 0.15097690972222222 0.76475 0.17051509722222222 0.76375 0.21003552314814816 0.76425 0.3277087037037037 0.7627499999999999 0.42850799305555554 0.7597499999999999 0.4358348125 0.7585000000000001 0.4569271759259259 0.7589999999999999 0.6545293078703703 0.755 0.666962699074074 0.7535 0.6931616342592593 0.7535 0.7033747777777778 0.7517499999999999 0.7091474236111112 0.75325 0.7384547060185185 0.75225 0.7522202476851851 0.753 0.7637655416666667 0.7517499999999999 0.7757548842592592 0.7519999999999999 0.7793072824074074 0.751 0.8108348125 0.7519999999999999 0.8907637662037038 0.74975 0.8960923634259259 0.7484999999999999 0.9258436944444445 0.7484999999999999 0.9387211365740741 0.7465 0.9458259328703704 0.747 0.9551509768518519 0.74475 0.9671403194444445 0.7384999999999999 0.9720248657407408 0.73775 0.9831261111111111 0.72925 0.9880106574074075 0.728 0.9955595023148148 0.71625 0.9968916527777778 0.71075 0.9955595023148148 0.68525 0.9933392546296297 0.68275 0.9951154537037037 0.67825 0.9915630555555555 0.6715000000000001 0.9933392546296297 0.66825 0.9893428055555555 0.63460725 0.9888987569444445 0.60875 0.9875666064814815 0.598 0.9849023101851851 0.5915 0.9817939606481482 0.552 0.9777975138888889 0.5339999999999999 0.9764653634259259 0.5165 0.9733570162037037 0.51 0.9751332152777777 0.49900000000000005 0.9738010648148148 0.47975 0.9706927175925926 0.45875 0.9684724699074074 0.4543 0.9666962708333334 0.41975 0.9613676736111111 0.37625 0.957815275462963 0.37025 0.957815275462963 0.3625 0.9595914745370371 0.35925 0.9533747777777778 0.32875000000000004 0.9529307291666667 0.315 0.9493783310185185 0.31325000000000003 0.9507104791666667 0.3035 0.9493783310185185 0.30124999999999996 0.9444937824074074 0.29875 0.9462699814814814 0.29675 0.9440497337962962 0.29625 0.9418294837962963 0.29375 0.9373889884259259 0.28099999999999997 0.938277087962963 0.278 0.9444937824074074 0.276 0.9444937824074074 0.27175 0.9480461805555556 0.263 0.9476021319444444 0.25825 0.9498223796296296 0.25425 0.9493783310185185 0.24975 0.9467140324074074 0.24575 0.9484902314814815 0.242 0.9480461805555556 0.23375 0.9458259328703704 0.231 0.9453818819444444 0.2215 0.9422735347222222 0.2155 0.9356127893518519 0.21375 0.9293960925925927 0.2135 0.9103019537037037 0.21375 0.8783303726851851 0.216 0.8685612777777778 0.21525 0.8627886319444444 0.21575 0.8592362337962962 0.21875 0.8513912083333333 0.2185 0.8454706921296297 0.21675 0.8383658958333333 0.21675 0.4249555949074074 0.23399999999999999 0.12833037268518518 0.24775000000000003 0.11634103009259258 0.249 0.08126110185185186 0.25 0.06438721064814815 0.2515 0.032415629629629635 0.25225 0.01598578935185185 0.25325 0.013321493055555555 0.2545 0.007992895833333333 0.2585 0.003552398148148148 0.2715 0.0026642986111111108 0.28175 0.004884546296296296 0.29325 0.007548844907407408 0.2945 0.012433393518518519 0.30100000000000005
12 0 0.3063375 0.9487655416666667 0.3063375 0.9487655416666667 0.2281075 0 0.2281075 0 0.3063375
13 0.35834813425925927 0.35625 0.36811722916666667 0.36024999999999996 0.3841030185185185 0.36024999999999996 0.39342806481481485 0.3575 0.4000888101851852 0.35325 0.4031971574074074 0.34875 0.4031971574074074 0.342 0.3983126111111111 0.33599999999999997 0.3903197152777778 0.33099999999999996 0.3769982245370371 0.33 0.37166962731481484 0.33075 0.3601243333333333 0.33475 0.35435168749999996 0.339 0.35257548842592595 0.342 0.35257548842592595 0.3485 0.35479573611111115 0.35225 0.35834813425925927 0.35625
13 0.5657193611111111 0.35025 0.5777087037037036 0.35275 0.5848135 0.35275 0.5963587916666667 0.34975 0.6016873888888888 0.34725 0.606127886574074 0.339 0.6056838356481481 0.33299999999999996 0.6021314398148149 0.3285 0.5941385439814815 0.3245 0.583037300925926 0.32275 0.5688277083333333 0.32375000000000004 0.5617229120370371 0.32675000000000004 0.5559502662037037 0.33125 0.5537300185185186 0.33475 0.5546181180555555 0.34125 0.5608348125 0.34750000000000003 0.5657193611111111 0.35025
13 0.28197158101851855 0.42100000000000004 0.2868561273148148 0.42100000000000004 0.29795737037037034 0.41875 0.30417406712962963 0.416 0.31039076388888887 0.41074999999999995 0.3112788634259259 0.40325 0.3086145648148148 0.39875 0.29973356944444446 0.39375 0.28996447685185184 0.39149999999999996 0.28507992824074074 0.391 0.2713143865740741 0.39275 0.2633214930555556 0.39725 0.2602131435185185 0.40249999999999997 0.2597690949074074 0.409 0.26154529398148146 0.4125 0.2690941388888889 0.41774999999999995 0.28197158101851855 0.42100000000000004
13 0.48001776157407405 0.41350000000000003 0.49333925462962963 0.4125 0.5013321481481482 0.40975 0.5075488449074074 0.40599999999999997 0.5102131435185185 0.40125 0.5093250439814815 0.39499999999999996 0.5053285972222222 0.38975000000000004 0.4977797523148148 0.38575000000000004 0.48623445833333334 0.38375 0.477353462962963 0.38475 0.46714031944444445 0.38775000000000004 0.4618117222222222 0.3925 0.4595914745370371 0.39699999999999996 0.4595914745370371 0.40249999999999997 0.46314387268518514 0.4075 0.4702486689814815 0.41125 0.48001776157407405 0.41350000000000003
13 0.6767317939814815 0.40525000000000005 0.6851687384259258 0.40625 0.7002664305555556 0.40575 0.7122557731481481 0.39875 0.7153641203703704 0.39425 0.7153641203703704 0.38675 0.7135879212962963 0.3835 0.7091474236111112 0.38025 0.6993783310185185 0.3765 0.6869449375000001 0.37575000000000003 0.6780639421296297 0.377 0.664298400462963 0.3835 0.6620781527777778 0.387 0.6634103009259259 0.39625 0.6647424513888889 0.39825000000000005 0.6767317939814815 0.40525000000000005
13 0.789520425925926 0.45975 0.7957371226851853 0.46025 0.8037300185185186 0.46 0.8139431620370371 0.45725000000000005 0.8219360578703703 0.45275 0.8259325046296296 0.446 0.8246003541666667 0.43875 0.8214920069444445 0.435 0.8072824166666668 0.429 0.8001776203703704 0.428 0.7833037291666666 0.43174999999999997 0.7739786851851852 0.437 0.7704262870370371 0.4425 0.7699822384259258 0.4465 0.7748667847222223 0.453 0.7850799282407408 0.45825 0.789520425925926 0.45975
13 0.5812611018518519 0.46525 0.5959147430555555 0.46575 0.6025754884259259 0.46475 0.6101243333333334 0.46225 0.6167850810185186 0.45725000000000005 0.6181172291666667 0.4495 0.6163410300925926 0.446 0.6079040856481482 0.4395 0.5990230902777779 0.437 0.5768206041666667 0.43849999999999995 0.5706039074074074 0.44175000000000003 0.5666074606481482 0.44675000000000004 0.5657193611111111 0.45375000000000004 0.5679396087962962 0.45825 0.5741563055555555 0.4625 0.5812611018518519 0.46525
13 0.3929840138888889 0.47375 0.4005328587962963 0.47275 0.4116341041666666 0.46799999999999997 0.416518650462963 0.46325 0.416518650462963 0.45749999999999996 0.41429840046296296 0.45249999999999996 0.4076376550925926 0.4475 0.3978685601851852 0.4445 0.3841030185185185 0.445 0.373889875 0.44775 0.36989342824074073 0.4495 0.3658969814814815 0.45525 0.36678508101851853 0.4635 0.37078152777777773 0.4675 0.3809946712962963 0.47275 0.3929840138888889 0.47375
13 0.18783303703703705 0.48000000000000004 0.19271758333333333 0.48024999999999995 0.20825932407407408 0.47600000000000003 0.2135879212962963 0.47324999999999995 0.21758437037037037 0.46725 0.21714031944444445 0.46149999999999997 0.21181172222222222 0.45449999999999996 0.19671403240740742 0.45025000000000004 0.18827708796296297 0.4505 0.17806394212962964 0.45249999999999996 0.1700710486111111 0.45749999999999996 0.16696269907407407 0.462 0.16651865046296296 0.4675 0.17095914814814817 0.47450000000000003 0.18072824074074076 0.4785 0.18783303703703705 0.48000000000000004
13 0.29484902314814815 0.53275 0.309946712962963 0.53025 0.31660746064814815 0.52725 0.3210479583333334 0.523 0.3228241574074074 0.519 0.32149200694444446 0.5125000000000001 0.3179396087962963 0.50875 0.309946712962963 0.5045 0.29884546990740746 0.5035 0.2864120787037037 0.504 0.27575488425925926 0.5085 0.27220248611111114 0.51325 0.27220248611111114 0.523 0.2761989351851852 0.5265 0.2864120787037037 0.5317500000000001 0.29484902314814815 0.53275
13 0.4831261111111111 0.5257499999999999 0.49111900462962965 0.52925 0.499111900462963 0.52925 0.5084369444444444 0.52775 0.5119893425925925 0.52525 0.5150976898148149 0.52525 0.5190941388888889 0.52275 0.5239786851851852 0.51475 0.5230905856481481 0.5085 0.5190941388888889 0.5025000000000001 0.5084369444444444 0.49825 0.5004440486111111 0.49675 0.4880106574074074 0.49725 0.4782415625 0.501 0.4715808171296296 0.50825 0.4715808171296296 0.5167499999999999 0.4764653634259259 0.52325 0.4809058611111111 0.5265 0.4831261111111111 0.5257499999999999
13 0.6993783310185185 0.521 0.7166962708333334 0.5187499999999999 0.7246891643518518 0.513 0.727353462962963 0.50875 0.727353462962963 0.5015 0.7238010648148148 0.49675 0.7166962708333334 0.49224999999999997 0.7100355231481481 0.4905 0.6976021319444444 0.49 0.6891651875 0.491 0.6785079930555555 0.4945 0.6731793958333333 0.5015 0.6727353472222222 0.50825 0.6780639421296297 0.516 0.6922735347222222 0.52075 0.6993783310185185 0.521
13 0.8028419189814815 0.57475 0.8152753101851852 0.57525 0.8272646527777778 0.573 0.8361456481481482 0.56775 0.8388099467592594 0.56425 0.8388099467592594 0.55675 0.8365896990740741 0.55225 0.8250444050925926 0.545 0.809058613425926 0.54425 0.7975133217592593 0.5457500000000001 0.7873001782407407 0.5495 0.7837477800925926 0.5545 0.7828596805555555 0.56075 0.7864120787037037 0.56625 0.7957371226851853 0.5725 0.8028419189814815 0.57475
13 0.5972468912037037 0.5795 0.6056838356481481 0.57975 0.6167850810185186 0.57825 0.6265541736111111 0.57425 0.6309946712962963 0.5680000000000001 0.6305506226851852 0.56225 0.6274422731481482 0.55775 0.6194493773148148 0.5525 0.6101243333333334 0.5505 0.5945825925925926 0.55025 0.5883658958333333 0.5515 0.5812611018518519 0.55675 0.5768206041666667 0.5635 0.5763765532407408 0.5680000000000001 0.5790408518518518 0.5735 0.5919182939814815 0.5785 0.5972468912037037 0.5795
13 0.4005328587962963 0.58575 0.41341030092592596 0.585 0.41785079861111113 0.5840000000000001 0.42317939583333336 0.5795 0.4249555949074074 0.5750000000000001 0.4249555949074074 0.567 0.4227353472222222 0.56275 0.4169626990740741 0.55925 0.4018650092592593 0.55725 0.3907637662037037 0.55825 0.3854351689814815 0.5599999999999999 0.38010657175925927 0.5635 0.3769982245370371 0.569 0.37744227314814816 0.5745 0.37966252314814813 0.57825 0.39387211342592593 0.58475 0.4005328587962963 0.58575
13 0.22291296527777776 0.58725 0.22868561342592594 0.5825 0.22912966203703705 0.5745 0.22690941435185186 0.5700000000000001 0.21936056944444446 0.56575 0.20959147453703703 0.5630000000000001 0.19493783333333334 0.56325 0.18605683796296296 0.56575 0.1776198935185185 0.5745 0.17895204166666667 0.5845 0.19227353472222222 0.592 0.208703375 0.592 0.22291296527777776 0.58725
13 0.29973356944444446 0.646 0.31039076388888887 0.64575 0.3219360578703704 0.644 0.3294849027777778 0.64 0.333925400462963 0.63425 0.33436944907407407 0.62975 0.32859680324074075 0.621 0.3228241574074074 0.61825 0.31394316203703704 0.6167499999999999 0.30062166898148146 0.6164999999999999 0.2930728240740741 0.618 0.2859680277777778 0.6222500000000001 0.28197158101851855 0.62875 0.28197158101851855 0.63425 0.28552397916666666 0.639 0.2930728240740741 0.6445 0.29973356944444446 0.646
13 0.5013321481481482 0.6415 0.5190941388888889 0.63875 0.5297513310185186 0.6345 0.5337477800925926 0.631 0.5346358796296297 0.6237499999999999 0.5324156296296296 0.6185 0.5217584375 0.6125 0.5155417407407408 0.611 0.5088809953703703 0.61 0.501776199074074 0.61025 0.4875666064814815 0.6164999999999999 0.4831261111111111 0.6222500000000001 0.4831261111111111 0.6295000000000001 0.4857904074074074 0.6337499999999999 0.49467140277777777 0.63975 0.5013321481481482 0.6415
13 0.7175843703703704 0.636 0.7277975138888889 0.6339999999999999 0.7357904074074073 0.63 0.7402309050925925 0.62425 0.7406749560185185 0.61875 0.7384547060185185 0.61375 0.7317939606481482 0.608 0.7238010648148148 0.605 0.7082593240740741 0.60425 0.6993783310185185 0.6052500000000001 0.6944937824074074 0.60725 0.6865008888888888 0.6160000000000001 0.6860568379629629 0.6215 0.6891651875 0.629 0.7033747777777778 0.6355 0.7175843703703704 0.636
13 0.6167850810185186 0.6972499999999999 0.6296625231481481 0.6955 0.6407637662037038 0.68975 0.643872113425926 0.68525 0.643872113425926 0.6787500000000001 0.6403197152777778 0.6719999999999999 0.6327708703703704 0.66725 0.6212255763888889 0.6635 0.6123445833333334 0.6637500000000001 0.6016873888888888 0.6665 0.5941385439814815 0.6707500000000001 0.5888099467592592 0.6785000000000001 0.5883658958333333 0.6829999999999999 0.5923623449074074 0.69 0.6087921851851852 0.69675 0.6167850810185186 0.6972499999999999
13 0.4080817060185185 0.70125 0.42095914814814817 0.7005 0.43072824074074073 0.698 0.43605683796296296 0.6945 0.4391651875 0.6894999999999999 0.4387211365740741 0.68225 0.43294849074074077 0.67525 0.42184724768518517 0.671 0.41563055092592593 0.67 0.4027531087962963 0.67125 0.39387211342592593 0.6747500000000001 0.38765541666666664 0.6845 0.3872113680555555 0.6894999999999999 0.3929840138888889 0.6964999999999999 0.39875665972222224 0.6995 0.4080817060185185 0.70125