1 0.4444444444444444 0.5972222222222222 0.44212962962962965 0.6064814814814815 0.43287037037037035 0.6157407407407407 0.41898148148148145 0.6226851851851852 0.4050925925925926 0.625 0.4027777777777778 0.6273148148148148 0.3541666666666667 0.6273148148148148 0.35185185185185186 0.6296296296296297 0.34953703703703703 0.6504629629629629 0.3541666666666667 0.6550925925925926 0.3726851851851852 0.6550925925925926 0.375 0.6574074074074074 0.3726851851851852 0.6782407407407407 0.3680555555555556 0.6782407407407407 0.36574074074074076 0.6805555555555556 0.34953703703703703 0.6805555555555556 0.3449074074074074 0.6851851851851852 0.3449074074074074 0.6921296296296297 0.35648148148148145 0.7037037037037037 0.36574074074074076 0.7037037037037037 0.3680555555555556 0.7060185185185185 0.3680555555555556 0.7222222222222222 0.36342592592592593 0.7291666666666666 0.3402777777777778 0.7268518518518519 0.33796296296296297 0.7245370370370371 0.3263888888888889 0.7222222222222222 0.31712962962962965 0.7152777777777778 0.3101851851851852 0.7083333333333334 0.3101851851851852 0.7037037037037037 0.30787037037037035 0.7013888888888888 0.30787037037037035 0.6782407407407407 0.3055555555555556 0.6759259259259259 0.2777777777777778 0.6759259259259259 0.27546296296296297 0.6736111111111112 0.26157407407407407 0.6736111111111112 0.25925925925925924 0.6712962962962963 0.2523148148148148 0.6712962962962963 0.2337962962962963 0.6620370370370371 0.22685185185185186 0.6550925925925926 0.2222222222222222 0.6435185185185185 0.2222222222222222 0.6365740740740741 0.22685185185185186 0.6273148148148148 0.2361111111111111 0.6180555555555556 0.26157407407407407 0.6064814814814815 0.26851851851851855 0.6064814814814815 0.2708333333333333 0.6041666666666666 0.3194444444444444 0.6041666666666666 0.32407407407407407 0.5995370370370371 0.32175925925925924 0.5972222222222222 0.32407407407407407 0.5925925925925926 0.33101851851851855 0.5925925925925926 0.3333333333333333 0.5949074074074074 0.35648148148148145 0.5925925925925926 0.35648148148148145 0.6064814814814815 0.3587962962962963 0.6087962962962963 0.3611111111111111 0.6064814814814815 0.3888888888888889 0.6087962962962963 0.3912037037037037 0.6064814814814815 0.4050925925925926 0.6041666666666666 0.41203703703703703 0.5972222222222222 0.44212962962962965 0.5972222222222222
10 0.5995370370370371 0.5509259259259259 0.6342592592592593 0.5509259259259259 0.6342592592592593 0.5648148148148148 0.6365740740740741 0.5671296296296297 0.6412037037037037 0.5671296296296297 0.6435185185185185 0.5648148148148148 0.6458333333333334 0.5671296296296297 0.6666666666666666 0.5671296296296297 0.6805555555555556 0.5601851851851852 0.6851851851851852 0.5532407407407407 0.7106481481481481 0.5532407407407407 0.7129629629629629 0.5555555555555556 0.7152777777777778 0.5532407407407407 0.7222222222222222 0.5532407407407407 0.7245370370370371 0.5555555555555556 0.7245370370370371 0.5601851851851852 0.7129629629629629 0.5717592592592593 0.7013888888888888 0.5787037037037037 0.6967592592592593 0.5787037037037037 0.6875 0.5833333333333334 0.6782407407407407 0.5833333333333334 0.6759259259259259 0.5856481481481481 0.6365740740740741 0.5856481481481481 0.6342592592592593 0.5833333333333334 0.6296296296296297 0.5879629629629629 0.6296296296296297 0.6111111111111112 0.6342592592592593 0.6157407407407407 0.6365740740740741 0.6134259259259259 0.6388888888888888 0.6157407407407407 0.6435185185185185 0.6134259259259259 0.6458333333333334 0.6157407407407407 0.6689814814814815 0.6157407407407407 0.6712962962962963 0.6180555555555556 0.6782407407407407 0.6180555555555556 0.7060185185185185 0.6342592592592593 0.7152777777777778 0.6527777777777778 0.7129629629629629 0.6620370370370371 0.6990740740740741 0.6759259259259259 0.6851851851851852 0.6828703703703703 0.6805555555555556 0.6828703703703703 0.6782407407407407 0.6851851851851852 0.6643518518518519 0.6851851851851852 0.6620370370370371 0.6875 0.6435185185185185 0.6875 0.6412037037037037 0.6851851851851852 0.6203703703703703 0.6828703703703703 0.5995370370370371 0.6712962962962963 0.5879629629629629 0.6550925925925926 0.5879629629629629 0.6365740740740741 0.5856481481481481 0.6342592592592593 0.5694444444444444 0.6342592592592593 0.5648148148148148 0.6319444444444444 0.5648148148148148 0.6134259259259259 0.5671296296296297 0.6111111111111112 0.5879629629629629 0.6134259259259259 0.5925925925925926 0.6087962962962963 0.5925925925925926 0.5949074074074074 0.5949074074074074 0.5925925925925926 0.5949074074074074 0.5856481481481481 0.5925925925925926 0.5833333333333334 0.5879629629629629 0.5810185185185185 0.5717592592592593 0.5810185185185185 0.5717592592592593 0.5625 0.5949074074074074 0.5625 0.5995370370370371 0.5532407407407407
9 0.4976851851851852 0.5092592592592593 0.5 0.5115740740740741 0.5138888888888888 0.5138888888888888 0.5277777777777778 0.5208333333333334 0.5393518518518519 0.5324074074074074 0.5416666666666666 0.5370370370370371 0.5416666666666666 0.5486111111111112 0.5393518518518519 0.5509259259259259 0.5393518518518519 0.5555555555555556 0.5462962962962963 0.5625 0.5648148148148148 0.5625 0.5671296296296297 0.5648148148148148 0.5648148148148148 0.5810185185185185 0.5416666666666666 0.5787037037037037 0.5370370370370371 0.5833333333333334 0.5370370370370371 0.5902777777777778 0.5347222222222222 0.5925925925925926 0.5347222222222222 0.5972222222222222 0.5416666666666666 0.6064814814814815 0.5601851851851852 0.6134259259259259 0.5601851851851852 0.6296296296296297 0.5416666666666666 0.6296296296296297 0.5162037037037037 0.6203703703703703 0.5069444444444444 0.6111111111111112 0.5023148148148148 0.6018518518518519 0.5023148148148148 0.5810185185185185 0.4976851851851852 0.5763888888888888 0.4930555555555556 0.5787037037037037 0.48842592592592593 0.5787037037037037 0.4861111111111111 0.5763888888888888 0.46064814814814814 0.5763888888888888 0.4583333333333333 0.5740740740740741 0.4444444444444444 0.5717592592592593 0.4305555555555556 0.5648148148148148 0.4236111111111111 0.5578703703703703 0.41898148148148145 0.5486111111111112 0.41898148148148145 0.5370370370370371 0.42592592592592593 0.5254629629629629 0.4351851851851852 0.5185185185185185 0.4398148148148148 0.5185185185185185 0.4537037037037037 0.5115740740740741 0.46296296296296297 0.5115740740740741 0.4652777777777778 0.5092592592592593 0.49537037037037035 0.5092592592592593
3 0.2337962962962963 0.5370370370370371 0.26851851851851855 0.5370370370370371 0.2708333333333333 0.5416666666666666 0.26851851851851855 0.5439814814814815 0.26851851851851855 0.5509259259259259 0.2708333333333333 0.5532407407407407 0.29398148148148145 0.5532407407407407 0.2962962962962963 0.5555555555555556 0.3194444444444444 0.5555555555555556 0.32407407407407407 0.5509259259259259 0.3263888888888889 0.5462962962962963 0.32407407407407407 0.5439814814814815 0.3287037037037037 0.5393518518518519 0.35648148148148145 0.5393518518518519 0.3611111111111111 0.5439814814814815 0.3587962962962963 0.5462962962962963 0.3587962962962963 0.5532407407407407 0.3611111111111111 0.5555555555555556 0.3819444444444444 0.5555555555555556 0.38425925925925924 0.5578703703703703 0.38657407407407407 0.5555555555555556 0.3888888888888889 0.5578703703703703 0.4074074074074074 0.5578703703703703 0.4097222222222222 0.5601851851851852 0.41435185185185186 0.5601851851851852 0.4351851851851852 0.5740740740740741 0.4444444444444444 0.5856481481481481 0.4444444444444444 0.5925925925925926 0.44212962962962965 0.5949074074074074 0.41435185185185186 0.5949074074074074 0.4097222222222222 0.5925925925925926 0.4050925925925926 0.5833333333333334 0.3912037037037037 0.5763888888888888 0.35648148148148145 0.5763888888888888 0.3541666666666667 0.5787037037037037 0.35648148148148145 0.5810185185185185 0.35648148148148145 0.5879629629629629 0.35185185185185186 0.5879629629629629 0.34953703703703703 0.5902777777777778 0.32175925925925924 0.5902777777777778 0.3194444444444444 0.5856481481481481 0.32175925925925924 0.5833333333333334 0.32175925925925924 0.5763888888888888 0.31712962962962965 0.5717592592592593 0.3125 0.5740740740740741 0.30092592592592593 0.5740740740740741 0.2986111111111111 0.5717592592592593 0.2800925925925926 0.5740740740740741 0.27546296296296297 0.5717592592592593 0.2662037037037037 0.5787037037037037 0.2662037037037037 0.5879629629629629 0.26157407407407407 0.5972222222222222 0.25 0.6087962962962963 0.24074074074074073 0.6111111111111112 0.2361111111111111 0.6157407407407407 0.2199074074074074 0.6180555555555556 0.2175925925925926 0.6203703703703703 0.17592592592592593 0.6203703703703703 0.1736111111111111 0.6180555555555556 0.1550925925925926 0.6134259259259259 0.13657407407407407 0.5972222222222222 0.13425925925925927 0.5833333333333334 0.1388888888888889 0.5740740740740741 0.14814814814814814 0.5648148148148148 0.16666666666666666 0.5555555555555556 0.17592592592592593 0.5555555555555556 0.1875 0.5509259259259259 0.22453703703703703 0.5509259259259259 0.22685185185185186 0.5532407407407407 0.23148148148148148 0.5486111111111112 0.23148148148148148 0.5416666666666666 0.2337962962962963 0.5393518518518519
0 0.4027777777777778 0.34953703703703703 0.4050925925925926 0.35185185185185186 0.4050925925925926 0.36574074074074076 0.4027777777777778 0.37037037037037035 0.40046296296296297 0.3726851851851852 0.38657407407407407 0.3726851851851852 0.3819444444444444 0.375 0.375 0.3819444444444444 0.375 0.3912037037037037 0.3726851851851852 0.39351851851851855 0.3726851851851852 0.39814814814814814 0.375 0.40046296296296297 0.39351851851851855 0.40046296296296297 0.39814814814814814 0.4027777777777778 0.40046296296296297 0.4050925925925926 0.40046296296296297 0.41435185185185186 0.39814814814814814 0.41898148148148145 0.3958333333333333 0.4212962962962963 0.37962962962962965 0.4212962962962963 0.375 0.41898148148148145 0.37037037037037035 0.4236111111111111 0.37037037037037035 0.4375 0.36574074074074076 0.44907407407407407 0.35185185185185186 0.46064814814814814 0.3402777777777778 0.4652777777777778 0.3333333333333333 0.4652777777777778 0.33101851851851855 0.4675925925925926 0.3101851851851852 0.4675925925925926 0.30787037037037035 0.4699074074074074 0.30324074074074076 0.4675925925925926 0.2800925925925926 0.4675925925925926 0.27546296296296297 0.4722222222222222 0.27546296296296297 0.48148148148148145 0.27314814814814814 0.4837962962962963 0.2638888888888889 0.4837962962962963 0.26157407407407407 0.48148148148148145 0.2337962962962963 0.48148148148148145 0.2337962962962963 0.4675925925925926 0.23148148148148148 0.4652777777777778 0.20833333333333334 0.4652777777777778 0.20601851851851852 0.4675925925925926 0.19907407407407407 0.4675925925925926 0.19444444444444445 0.4699074074074074 0.19212962962962962 0.47453703703703703 0.17824074074074073 0.48148148148148145 0.1527777777777778 0.48148148148148145 0.15046296296296297 0.4791666666666667 0.14351851851851852 0.4791666666666667 0.14583333333333334 0.4699074074074074 0.1574074074074074 0.4583333333333333 0.18287037037037038 0.44907407407407407 0.19444444444444445 0.44907407407407407 0.19675925925925927 0.44675925925925924 0.2361111111111111 0.44907407407407407 0.24074074074074073 0.44212962962962965 0.24074074074074073 0.4236111111111111 0.25 0.41203703703703703 0.27546296296296297 0.40046296296296297 0.28703703703703703 0.40046296296296297 0.28935185185185186 0.39814814814814814 0.3333333333333333 0.39814814814814814 0.33796296296296297 0.3888888888888889 0.33796296296296297 0.3773148148148148 0.35185185185185186 0.3611111111111111 0.375 0.35185185185185186 0.40046296296296297 0.34953703703703703
2 0.5509259259259259 0.49537037037037035 0.5532407407407407 0.5023148148148148 0.5601851851851852 0.5092592592592593 0.5648148148148148 0.5092592592592593 0.5671296296296297 0.5115740740740741 0.5856481481481481 0.5115740740740741 0.5879629629629629 0.5138888888888888 0.5972222222222222 0.5138888888888888 0.6018518518518519 0.5069444444444444 0.6018518518518519 0.5 0.6087962962962963 0.49537037037037035 0.6111111111111112 0.4976851851851852 0.6365740740740741 0.4976851851851852 0.6388888888888888 0.5 0.6388888888888888 0.5115740740740741 0.6412037037037037 0.5138888888888888 0.6527777777777778 0.5138888888888888 0.6550925925925926 0.5162037037037037 0.6851851851851852 0.5162037037037037 0.6898148148148148 0.5115740740740741 0.6921296296296297 0.5 0.7291666666666666 0.5023148148148148 0.7314814814814815 0.5046296296296297 0.7314814814814815 0.5138888888888888 0.7361111111111112 0.5185185185185185 0.7615740740740741 0.5185185185185185 0.7662037037037037 0.5138888888888888 0.7708333333333334 0.5138888888888888 0.7824074074074074 0.5023148148148148 0.7870370370370371 0.5046296296296297 0.8194444444444444 0.5046296296296297 0.8171296296296297 0.5162037037037037 0.8078703703703703 0.5254629629629629 0.7986111111111112 0.5300925925925926 0.7939814814814815 0.5300925925925926 0.7870370370370371 0.5347222222222222 0.7777777777777778 0.5347222222222222 0.7754629629629629 0.5370370370370371 0.7337962962962963 0.5370370370370371 0.7314814814814815 0.5347222222222222 0.7245370370370371 0.5416666666666666 0.7245370370370371 0.5509259259259259 0.7175925925925926 0.5509259259259259 0.7152777777777778 0.5532407407407407 0.7106481481481481 0.5532407407407407 0.7083333333333334 0.5509259259259259 0.6898148148148148 0.5509259259259259 0.6851851851851852 0.5462962962962963 0.6851851851851852 0.5393518518518519 0.6805555555555556 0.5347222222222222 0.6365740740740741 0.5347222222222222 0.6342592592592593 0.5370370370370371 0.6342592592592593 0.5439814814814815 0.6273148148148148 0.5486111111111112 0.5995370370370371 0.5486111111111112 0.5972222222222222 0.5462962962962963 0.5972222222222222 0.5347222222222222 0.5925925925925926 0.5300925925925926 0.5648148148148148 0.5300925925925926 0.5625 0.5277777777777778 0.5532407407407407 0.5277777777777778 0.5509259259259259 0.5254629629629629 0.5370370370370371 0.5231481481481481 0.5231481481481481 0.5138888888888888 0.5162037037037037 0.5046296296296297 0.5162037037037037 0.5 0.5138888888888888 0.4976851851851852 0.5162037037037037 0.4930555555555556 0.5416666666666666 0.4930555555555556 0.5439814814814815 0.49537037037037035 0.5486111111111112 0.49537037037037035
4 0.6967592592592593 0.41203703703703703 0.6990740740740741 0.41435185185185186 0.7129629629629629 0.4166666666666667 0.7337962962962963 0.4305555555555556 0.7384259259259259 0.4398148148148148 0.7384259259259259 0.4537037037037037 0.7361111111111112 0.45601851851851855 0.7361111111111112 0.46296296296296297 0.7384259259259259 0.4652777777777778 0.7476851851851852 0.4652777777777778 0.75 0.4675925925925926 0.7824074074074074 0.4675925925925926 0.7962962962962963 0.47453703703703703 0.8009259259259259 0.47453703703703703 0.8055555555555556 0.4791666666666667 0.8125 0.48148148148148145 0.8217592592592593 0.4976851851851852 0.8217592592592593 0.5023148148148148 0.8171296296296297 0.5023148148148148 0.8148148148148148 0.5046296296296297 0.8125 0.5023148148148148 0.7847222222222222 0.5023148148148148 0.7800925925925926 0.5 0.7800925925925926 0.4976851851851852 0.7685185185185185 0.4861111111111111 0.7615740740740741 0.4861111111111111 0.7592592592592593 0.4837962962962963 0.7361111111111112 0.4837962962962963 0.7314814814814815 0.49074074074074076 0.7314814814814815 0.4976851851851852 0.7268518518518519 0.5 0.7199074074074074 0.5 0.7175925925925926 0.4976851851851852 0.6921296296296297 0.4976851851851852 0.6921296296296297 0.4861111111111111 0.6944444444444444 0.4837962962962963 0.6921296296296297 0.48148148148148145 0.6666666666666666 0.48148148148148145 0.6643518518518519 0.4791666666666667 0.6481481481481481 0.4791666666666667 0.6435185185185185 0.48148148148148145 0.6412037037037037 0.4837962962962963 0.6412037037037037 0.4930555555555556 0.6388888888888888 0.49537037037037035 0.6134259259259259 0.49537037037037035 0.6111111111111112 0.4930555555555556 0.6041666666666666 0.4930555555555556 0.6041666666666666 0.4791666666666667 0.6018518518518519 0.47685185185185186 0.5694444444444444 0.47685185185185186 0.5578703703703703 0.48148148148148145 0.5486111111111112 0.4930555555555556 0.5162037037037037 0.49074074074074076 0.5185185185185185 0.48148148148148145 0.5277777777777778 0.4722222222222222 0.5416666666666666 0.4652777777777778 0.5555555555555556 0.46296296296296297 0.5578703703703703 0.46064814814814814 0.6041666666666666 0.46064814814814814 0.6087962962962963 0.45601851851851855 0.6087962962962963 0.4444444444444444 0.6134259259259259 0.43287037037037035 0.6273148148148148 0.4212962962962963 0.6319444444444444 0.4212962962962963 0.6388888888888888 0.4166666666666667 0.6458333333333334 0.4166666666666667 0.6550925925925926 0.41203703703703703 0.6944444444444444 0.41203703703703703
11 0.07815275231481482 0.342 0.07193605787037037 0.34824999999999995 0.0701598587962963 0.35225 0.06749556018518518 0.3735 0.05373001851851852 0.56275 0.05239786805555555 0.6005499999999999 0.043072824074074076 0.7045 0.043516875 0.7142499999999999 0.04618117129629629 0.7204999999999999 0.05373001851851852 0.73 0.06438721064814815 0.737 0.08259325 0.7442500000000001 0.10834813425925925 0.7482500000000001 0.6709591481481482 0.76425 0.6851687384259258 0.7635 0.7437833032407407 0.76375 0.7513321481481482 0.76475 0.8015097685185185 0.76625 0.8174955601851851 0.7657499999999999 0.8370337476851851 0.762 0.8516873888888888 0.756 0.8663410300925926 0.744 0.873001775462963 0.729 0.9005328587962963 0.519 0.9018650092592593 0.49550000000000005 0.9129662523148149 0.4235 0.9129662523148149 0.4045 0.916962699074074 0.388 0.916518650462963 0.38025 0.9129662523148149 0.36924999999999997 0.91740675 0.36000000000000004 0.9236234467592593 0.3525 0.9236234467592593 0.34875 0.9271758425925926 0.34525 0.9307282407407407 0.33225000000000005 0.9302841921296297 0.31699999999999995 0.9271758425925926 0.311 0.9227353472222222 0.30725 0.9094138541666666 0.30450000000000005 0.793516875 0.30174999999999996 0.7859680277777777 0.30225 0.7828596805555555 0.3015 0.7477797523148149 0.304 0.7344582592592593 0.30025 0.7277975138888889 0.29974999999999996 0.668294849537037 0.29875 0.6336589699074074 0.29675 0.5501776203703703 0.2945 0.5333037291666667 0.29325 0.5275310833333333 0.29375 0.49111900462962965 0.29175 0.47779751388888886 0.29225 0.4733570162037037 0.29125 0.4422735347222222 0.29025 0.43072824074074073 0.289 0.38765541666666664 0.28875 0.3601243333333333 0.28600000000000003 0.206483125 0.28025 0.20204262962962963 0.28099999999999997 0.18605683796296296 0.27925 0.1065719351851852 0.27575 0.08126110185185186 0.277 0.07637655324074073 0.27975 0.0728241574074074 0.28400000000000003 0.06927175925925926 0.294 0.06927175925925926 0.319 0.07104795833333333 0.32525000000000004 0.07504440509259258 0.33099999999999996 0.07815275231481482 0.342
12 0.9692939606481481 0.27150124999999997 0.03743783333333334 0.27150124999999997 0.03743783333333334 0.36842874999999997 0.9692939606481481 0.36842874999999997 0.9692939606481481 0.27150124999999997
13 0.39964475925925924 0.40025 0.4116341041666666 0.4 0.41785079861111113 0.39875 0.4249555949074074 0.3945 0.42761989351851853 0.39075 0.42673179398148153 0.38375 0.42406749537037036 0.379 0.416518650462963 0.37474999999999997 0.4054174074074074 0.372 0.3912078148148148 0.373 0.38587921759259264 0.375 0.38010657175925927 0.38 0.3787744236111111 0.38425000000000004 0.37966252314814813 0.39025 0.38321491898148147 0.39349999999999996 0.3903197152777778 0.398 0.39964475925925924 0.40025
13 0.5870337476851852 0.40625 0.5963587916666667 0.40525000000000005 0.6025754884259259 0.40325 0.6087921851851852 0.39775 0.6096802847222222 0.39199999999999996 0.6074600347222222 0.38675 0.603019537037037 0.38299999999999995 0.5950266435185185 0.37949999999999995 0.5763765532407408 0.37975 0.5674955601851852 0.384 0.5634991111111111 0.3875 0.5634991111111111 0.3945 0.5657193611111111 0.39925 0.5746003541666667 0.40475 0.5870337476851852 0.40625
13 0.6891651875 0.45749999999999996 0.6927175833333332 0.45525 0.6949378333333334 0.45025000000000004 0.6940497337962962 0.44225 0.6918294837962963 0.43925 0.6825044398148149 0.434 0.6647424513888889 0.43300000000000005 0.6563055069444445 0.4355 0.6509769097222221 0.43975000000000003 0.646980462962963 0.4495 0.6474245115740741 0.45775 0.6625222013888888 0.46025 0.6780639421296297 0.46025 0.6891651875 0.45749999999999996
13 0.4831261111111111 0.45425 0.49111900462962965 0.455 0.5008880995370371 0.45425 0.5088809953703703 0.45 0.5124333935185186 0.446 0.5137655416666667 0.4425 0.5124333935185186 0.43650000000000005 0.5071047962962963 0.43174999999999997 0.5008880995370371 0.42875 0.4875666064814815 0.4275 0.4755772638888889 0.43 0.4715808171296296 0.43225 0.4675843703703703 0.43825000000000003 0.4666962708333333 0.443 0.46936056944444443 0.44825000000000004 0.47779751388888886 0.453 0.4831261111111111 0.45425
13 0.2961811712962963 0.44825000000000004 0.30817051620370367 0.44875000000000004 0.31483126157407404 0.44775 0.32015985879629627 0.44625 0.32815275231481483 0.44125000000000003 0.3303730023148148 0.43650000000000005 0.32992895138888884 0.42925 0.32460035416666666 0.42375 0.3206039074074074 0.42175 0.30461811805555555 0.41975 0.2944049722222222 0.42124999999999996 0.2864120787037037 0.4245 0.2815275300925926 0.43075 0.2810834814814815 0.43575 0.2841918287037037 0.44175000000000003 0.290408525462963 0.4465 0.2961811712962963 0.44825000000000004
13 0.20426287731481482 0.496 0.21536412037037037 0.496 0.22380106481481482 0.49424999999999997 0.22957371296296294 0.491 0.23312611111111112 0.48500000000000004 0.2277975138888889 0.47300000000000003 0.22335701620370368 0.4705 0.21669627083333334 0.46900000000000003 0.20426287731481482 0.46875 0.1962699814814815 0.4705 0.1918294837962963 0.4735 0.18650088888888888 0.48024999999999995 0.18605683796296296 0.48425 0.19138543518518517 0.49125 0.19760213194444443 0.49475 0.20426287731481482 0.496
13 0.38676731712962964 0.503 0.3983126111111111 0.50325 0.40719360648148145 0.502 0.4169626990740741 0.49475 0.4187388981481482 0.48924999999999996 0.4169626990740741 0.48350000000000004 0.4058614560185185 0.47650000000000003 0.39387211342592593 0.47525 0.38365896990740744 0.47600000000000003 0.37477797453703704 0.4805 0.3712255763888889 0.48475 0.37078152777777773 0.49025 0.37255772685185184 0.49550000000000005 0.3809946712962963 0.50125 0.38676731712962964 0.503
13 0.5674955601851852 0.50825 0.5812611018518519 0.50825 0.5852575486111111 0.507 0.5914742453703704 0.5027499999999999 0.5963587916666667 0.49574999999999997 0.5919182939814815 0.48724999999999996 0.5848135 0.48325 0.5812611018518519 0.4825 0.5639431620370371 0.48325 0.5577264652777778 0.486 0.5523978680555556 0.49125 0.5523978680555556 0.49675 0.5572824166666667 0.5045 0.5612788634259259 0.50675 0.5674955601851852 0.50825
13 0.7464476018518519 0.51375 0.7553285972222222 0.51425 0.7655417407407407 0.51325 0.772646537037037 0.50925 0.7779751342592592 0.5027499999999999 0.7775310833333333 0.498 0.7722024861111111 0.49074999999999996 0.7628774421296297 0.4875 0.7486678518518518 0.48775 0.7375666064814815 0.49074999999999996 0.7335701597222223 0.49774999999999997 0.7331261111111111 0.50225 0.7353463587962963 0.50775 0.7420071041666667 0.51275 0.7464476018518519 0.51375
13 0.6576376550925926 0.5630000000000001 0.666518650462963 0.5625 0.6745115462962963 0.5597500000000001 0.6811722916666667 0.55375 0.6825044398148149 0.5505 0.6798401412037037 0.543 0.6767317939814815 0.5395 0.6651865 0.53625 0.6545293078703703 0.53625 0.645204263888889 0.5385 0.6403197152777778 0.54125 0.6372113680555556 0.54675 0.6367673171296296 0.55025 0.6434280648148147 0.55875 0.6492007106481481 0.5615 0.6576376550925926 0.5630000000000001
13 0.4831261111111111 0.5565 0.49067495601851846 0.55525 0.5013321481481482 0.54925 0.5022202476851851 0.5395 0.5008880995370371 0.537 0.49111900462962965 0.5305 0.4849023101851852 0.5295 0.4698046180555555 0.53 0.4591474236111111 0.53425 0.4547069282407407 0.5387500000000001 0.4547069282407407 0.54625 0.45781527546296297 0.55025 0.4702486689814815 0.55575 0.4831261111111111 0.5565
13 0.290408525462963 0.55025 0.30639431712962967 0.55025 0.3134991111111111 0.54775 0.3210479583333334 0.543 0.3228241574074074 0.5355 0.3188277083333333 0.529 0.3134991111111111 0.5255 0.30328596759259263 0.5225 0.2961811712962963 0.52225 0.2895204259259259 0.52325 0.28063943055555557 0.52775 0.2748667847222222 0.5335 0.27353463657407406 0.538 0.2753108356481481 0.54125 0.28063943055555557 0.54675 0.290408525462963 0.55025
13 0.1918294837962963 0.59925 0.1993783310185185 0.6005 0.208703375 0.6 0.21714031944444445 0.598 0.22380106481481482 0.593 0.22602131481481483 0.58575 0.22468916435185185 0.5775 0.22291296527777776 0.5755 0.21758437037037037 0.574 0.2033747777777778 0.5720000000000001 0.1918294837962963 0.5722499999999999 0.18250443981481482 0.5745 0.17584369444444445 0.58075 0.17584369444444445 0.5885 0.1776198935185185 0.59175 0.18472468981481482 0.59675 0.1918294837962963 0.59925
13 0.39342806481481485 0.60475 0.4036412083333334 0.6012500000000001 0.40630550694444445 0.599 0.4076376550925926 0.5942500000000001 0.4058614560185185 0.58675 0.4000888101851852 0.5812499999999999 0.3929840138888889 0.5785 0.38321491898148147 0.5770000000000001 0.3765541736111111 0.5775 0.36944937731481486 0.5795 0.3610124328703704 0.588 0.3605683842592593 0.5925 0.36545293055555556 0.601 0.376110125 0.60475 0.39342806481481485 0.60475
13 0.5639431620370371 0.6097499999999999 0.5790408518518518 0.6052500000000001 0.58259325 0.6022500000000001 0.5848135 0.5954999999999999 0.58259325 0.58925 0.5790408518518518 0.5865 0.5679396087962962 0.5835 0.5630550625 0.5835 0.5430728240740741 0.5882499999999999 0.5404085254629629 0.59075 0.5386323263888889 0.5957499999999999 0.5381882777777778 0.599 0.5399644768518519 0.6020000000000001 0.5466252222222222 0.60625 0.5639431620370371 0.6097499999999999
13 0.7428952037037037 0.6145 0.7548845462962963 0.61375 0.7619893425925925 0.61075 0.7673179398148149 0.606 0.7682060393518518 0.60075 0.7655417407407407 0.5952500000000001 0.7575488449074074 0.58975 0.7513321481481482 0.58775 0.7340142106481481 0.587 0.7300177615740742 0.588 0.7224689166666667 0.59275 0.7193605694444444 0.5982500000000001 0.7202486689814814 0.606 0.7269094143518517 0.6115 0.7322380115740741 0.6134999999999999 0.7428952037037037 0.6145
13 0.6531971574074075 0.66275 0.6678507986111112 0.6579999999999999 0.6753996458333333 0.651 0.6758436944444445 0.64675 0.6740674953703704 0.644 0.6709591481481482 0.642 0.6580817060185185 0.6377499999999999 0.6323268217592592 0.63725 0.6283303726851851 0.63875 0.6261101250000001 0.64325 0.626998224537037 0.6567500000000001 0.6358792175925926 0.66175 0.6434280648148147 0.6635 0.6531971574074075 0.66275
13 0.456483125 0.6555 0.47912966203703705 0.65625 0.4844582592592592 0.6549999999999999 0.4902309050925926 0.651 0.49333925462962963 0.64425 0.49289520370370365 0.64 0.48889875694444446 0.63425 0.4857904074074074 0.6325000000000001 0.4666962708333333 0.62925 0.45115453009259254 0.633 0.4462699814814815 0.638 0.44538188194444445 0.6445 0.4471580810185185 0.6487499999999999 0.44937833101851854 0.6517499999999999 0.456483125 0.6555
13 0.2744227361111111 0.65025 0.2788632337962963 0.6517499999999999 0.2864120787037037 0.6525 0.3001776203703703 0.65225 0.3086145648148148 0.65 0.31039076388888887 0.64825 0.31172291203703706 0.64125 0.3112788634259259 0.633 0.3090586134259259 0.62975 0.30461811805555555 0.6275 0.293516875 0.6255000000000001 0.27930728240740743 0.626 0.2677619884259259 0.62925 0.26287744212962966 0.6335000000000001 0.2619893425925926 0.63725 0.2650976898148148 0.6435000000000001 0.26953818749999997 0.6479999999999999 0.2744227361111111 0.65025
13 0.36944937731481486 0.7042499999999999 0.38676731712962964 0.7030000000000001 0.39520426388888885 0.6962499999999999 0.39698046296296297 0.693 0.39564831250000004 0.685 0.39165186574074073 0.6815 0.38321491898148147 0.6789999999999999 0.3730017754629629 0.6787500000000001 0.3690053287037037 0.68075 0.35657193518518515 0.6817500000000001 0.35079928935185184 0.6865 0.3494671412037037 0.6932499999999999 0.35124334027777776 0.697 0.35612788657407407 0.7002499999999999 0.36944937731481486 0.7042499999999999
13 0.5439609236111111 0.7085 0.5523978680555556 0.7095 0.5603907638888889 0.7090000000000001 0.5710479583333333 0.7065 0.5746003541666667 0.7032499999999999 0.5763765532407408 0.6975 0.5746003541666667 0.6887500000000001 0.5714920069444445 0.6862499999999999 0.5643872106481482 0.684 0.5546181180555555 0.6825 0.539520425925926 0.684 0.5328596805555555 0.68775 0.5297513310185186 0.6925 0.5288632337962963 0.6962499999999999 0.5310834814814815 0.7025 0.5368561273148148 0.7065 0.5439609236111111 0.7085