4 0.3958333333333333 0.44212962962962965 0.40046296296296297 0.4444444444444444 0.40046296296296297 0.44907407407407407 0.4097222222222222 0.4583333333333333 0.4166666666666667 0.4583333333333333 0.41898148148148145 0.46064814814814814 0.4444444444444444 0.46064814814814814 0.44675925925925924 0.46296296296296297 0.4537037037037037 0.46296296296296297 0.4583333333333333 0.4583333333333333 0.4583333333333333 0.44675925925925924 0.46064814814814814 0.4444444444444444 0.4930555555555556 0.4444444444444444 0.5 0.44907407407407407 0.5 0.46064814814814814 0.5023148148148148 0.46296296296296297 0.5162037037037037 0.46296296296296297 0.5185185185185185 0.4652777777777778 0.5578703703703703 0.4652777777777778 0.5601851851851852 0.46296296296296297 0.5601851851851852 0.4513888888888889 0.5648148148148148 0.44675925925925924 0.5995370370370371 0.44907407407407407 0.6018518518518519 0.4513888888888889 0.6018518518518519 0.46296296296296297 0.6041666666666666 0.4652777777777778 0.6203703703703703 0.4652777777777778 0.6226851851851852 0.4675925925925926 0.6388888888888888 0.4675925925925926 0.6412037037037037 0.4652777777777778 0.6458333333333334 0.4652777777777778 0.6620370370370371 0.44907407407407407 0.7037037037037037 0.44907407407407407 0.7037037037037037 0.4583333333333333 0.6967592592592593 0.4675925925925926 0.6921296296296297 0.4722222222222222 0.6736111111111112 0.48148148148148145 0.6666666666666666 0.48148148148148145 0.6550925925925926 0.4861111111111111 0.6041666666666666 0.4861111111111111 0.5995370370370371 0.49074074074074076 0.5995370370370371 0.5 0.5972222222222222 0.5023148148148148 0.5972222222222222 0.5115740740740741 0.5949074074074074 0.5162037037037037 0.5810185185185185 0.5300925925925926 0.5601851851851852 0.5393518518518519 0.5509259259259259 0.5393518518518519 0.5486111111111112 0.5416666666666666 0.5069444444444444 0.5416666666666666 0.5046296296296297 0.5393518518518519 0.49537037037037035 0.5393518518518519 0.4930555555555556 0.5370370370370371 0.48148148148148145 0.5347222222222222 0.47685185185185186 0.5300925925925926 0.4699074074074074 0.5277777777777778 0.46064814814814814 0.5185185185185185 0.4583333333333333 0.5069444444444444 0.45601851851851855 0.5046296296296297 0.45601851851851855 0.4930555555555556 0.4583333333333333 0.49074074074074076 0.4537037037037037 0.4837962962962963 0.44212962962962965 0.4837962962962963 0.4398148148148148 0.48148148148148145 0.4074074074074074 0.48148148148148145 0.4050925925925926 0.4791666666666667 0.3912037037037037 0.47685185185185186 0.3773148148148148 0.4699074074074074 0.36342592592592593 0.4583333333333333 0.3587962962962963 0.4513888888888889 0.3587962962962963 0.44212962962962965 0.3611111111111111 0.4398148148148148 0.39351851851851855 0.44212962962962965
11 0.04618117129629629 0.6964999999999999 0.04884546990740741 0.707 0.045737122685185184 0.7200000000000001 0.041740675925925924 0.72425 0.03996447685185185 0.74325 0.03818827777777778 0.74525 0.03507992824074074 0.7589999999999999 0.043072824074074076 0.7725000000000001 0.043072824074074076 0.77625 0.08836589583333333 0.7767499999999999 0.1065719351851852 0.77575 0.1678507986111111 0.7785000000000001 0.18117229166666668 0.77725 0.19360568287037036 0.7775 0.20959147453703703 0.779 0.8037300185185186 0.7835 0.8157193611111111 0.7825000000000001 0.8201598587962963 0.7835 0.8410301944444444 0.7827500000000001 0.8485790416666666 0.7839999999999999 0.9187388981481481 0.78425 0.9276198935185185 0.7832499999999999 0.9551509768518519 0.78475 0.9702486689814814 0.7845 0.9742451157407408 0.7839999999999999 0.9795737129629629 0.781 0.9835701597222223 0.7835 0.9866785069444445 0.7829999999999999 0.9880106574074075 0.7807499999999999 0.9920071041666667 0.7792500000000001 0.9911190046296297 0.7755000000000001 0.9928952037037037 0.7725000000000001 0.9862344583333333 0.7645000000000001 0.9866785069444445 0.75725 0.9884547060185185 0.75475 0.9915630555555555 0.75375 0.9924511550925926 0.7515000000000001 0.9777975138888889 0.69075 0.9875666064814815 0.61725 0.9902309050925925 0.56325 0.9942273541666666 0.533 0.9942273541666666 0.5155 0.9964476018518519 0.50625 0.9960035532407407 0.47925 0.9977797523148149 0.46799999999999997 0.999555951388889 0.46725 0.999555951388889 0.2845 0.9964476018518519 0.2795 0.9897868564814815 0.27399999999999997 0.9800177615740742 0.269 0.9640319722222223 0.264 0.9542628773148147 0.262 0.9045293078703703 0.25975 0.6620781527777778 0.254 0.643872113425926 0.25225 0.5053285972222222 0.25025000000000003 0.4733570162037037 0.25075 0.4702486689814815 0.24975 0.44804618055555556 0.249 0.3294849027777778 0.24725 0.32149200694444446 0.24600000000000002 0.3179396087962963 0.248 0.3134991111111111 0.24725 0.30950266435185186 0.24825 0.30328596759259263 0.2455 0.2992895208333333 0.24600000000000002 0.2961811712962963 0.24525 0.290408525462963 0.2465 0.28197158101851855 0.24675 0.27575488425925926 0.245 0.26953818749999997 0.24475 0.23934280555555554 0.2445 0.2140319722222222 0.243 0.19582593287037037 0.244 0.19271758333333333 0.24275 0.18250443981481482 0.242 0.17628774537037037 0.24325 0.12788632407407408 0.24075000000000002 0.09502664351851851 0.24425000000000002 0.0896980462962963 0.24675 0.08436944907407408 0.24775000000000003 0.06571936111111111 0.2575 0.05239786805555555 0.2715 0.05106571990740741 0.27525 0.04751332175925926 0.321 0.041740675925925924 0.48300000000000004 0.04262877546296297 0.495 0.041296625 0.49725 0.03863232638888889 0.576 0.03863232638888889 0.67575 0.040852576388888895 0.6935 0.04218472453703704 0.6955 0.04618117129629629 0.6964999999999999
12 0.9905861458333334 0.70721625 0.02328596759259259 0.70721625 0.02328596759259259 0.7843537500000001 0.9905861458333334 0.7843537500000001 0.9905861458333334 0.70721625
13 0.42007104861111116 0.33975 0.43072824074074073 0.34175 0.43960923611111113 0.34175 0.4507104791666667 0.33825 0.45781527546296297 0.32975 0.4600355231481481 0.32175000000000004 0.4569271759259259 0.3155 0.44893428009259256 0.31 0.44271758333333333 0.3085 0.42539964583333334 0.30800000000000005 0.41785079861111113 0.30975 0.4107460046296296 0.31325000000000003 0.40630550694444445 0.31975000000000003 0.4058614560185185 0.325 0.4076376550925926 0.32949999999999996 0.41341030092592596 0.33649999999999997 0.42007104861111116 0.33975
13 0.6332149189814814 0.345 0.6460923634259259 0.34450000000000003 0.6549733564814815 0.3425 0.6616341041666667 0.33875 0.6660745995370371 0.332 0.6660745995370371 0.32475 0.6629662523148149 0.32 0.6567495555555555 0.31575 0.6474245115740741 0.31275000000000003 0.6327708703703704 0.3125 0.6234458263888889 0.31425 0.6158969814814815 0.321 0.6132326828703704 0.32749999999999996 0.6127886319444444 0.33175 0.6163410300925926 0.33825 0.623001775462963 0.34275000000000005 0.6332149189814814 0.345
13 0.3272646527777778 0.39875 0.3352575486111111 0.3975 0.3468028425925926 0.39225 0.35124334027777776 0.3875 0.35346358796296296 0.381 0.3516873888888889 0.375 0.3472468912037037 0.37025 0.33792184722222224 0.36574999999999996 0.32460035416666666 0.36475 0.31394316203703704 0.36574999999999996 0.3037300185185185 0.37025 0.29840142129629627 0.377 0.29840142129629627 0.38325 0.30195381944444444 0.391 0.3174955601851852 0.3975 0.3272646527777778 0.39875
13 0.7317939606481482 0.40549999999999997 0.7415630555555555 0.40625 0.748223800925926 0.405 0.7557726458333334 0.40225 0.7624333935185185 0.3965 0.7642095925925927 0.39199999999999996 0.7624333935185185 0.38375 0.7548845462962963 0.3775 0.7446714027777778 0.3745 0.7375666064814815 0.37424999999999997 0.7264653634259259 0.37575000000000003 0.7189165185185185 0.37875000000000003 0.7122557731481481 0.38525 0.7122557731481481 0.394 0.7171403194444445 0.40025 0.7202486689814814 0.40225 0.7317939606481482 0.40549999999999997
13 0.5377442268518519 0.40125 0.5475133217592593 0.39925 0.5563943171296296 0.394 0.559946712962963 0.38725 0.5595026643518518 0.381 0.5501776203703703 0.3725 0.539520425925926 0.37 0.5257548842592593 0.36975 0.5155417407407408 0.373 0.5075488449074074 0.38025 0.5084369444444444 0.39375 0.5119893425925925 0.39675 0.5222024861111111 0.40049999999999997 0.5377442268518519 0.40125
13 0.2158081712962963 0.45425 0.22735346296296297 0.45375000000000004 0.2375666064814815 0.451 0.24156305555555554 0.448 0.2446714027777778 0.44325000000000003 0.24555950231481483 0.4355 0.2397868564814815 0.428 0.2304618125 0.4235 0.22424511574074074 0.422 0.21758437037037037 0.42175 0.2038188287037037 0.423 0.19493783333333334 0.42725 0.19094138657407406 0.43225 0.19049733564814814 0.4395 0.19271758333333333 0.446 0.20470692824074074 0.4535 0.2158081712962963 0.45425
13 0.4258436944444444 0.45799999999999996 0.4391651875 0.45775 0.45026643055555554 0.4515 0.4538188287037037 0.446 0.45426287731481485 0.44175000000000003 0.44937833101851854 0.43275 0.4462699814814815 0.42974999999999997 0.4409413865740741 0.4275 0.4289520416666666 0.42525 0.41740675 0.42674999999999996 0.4098579050925926 0.42974999999999997 0.4023090578703704 0.43625 0.4014209583333333 0.4425 0.4076376550925926 0.45249999999999996 0.41119005324074076 0.45475 0.4258436944444444 0.45799999999999996
13 0.6274422731481482 0.46225 0.6332149189814814 0.46275 0.6474245115740741 0.45925 0.6576376550925926 0.4495 0.6580817060185185 0.44549999999999995 0.6536412083333333 0.438 0.6465364120370369 0.43324999999999997 0.6407637662037038 0.4315 0.6336589699074074 0.4305 0.6194493773148148 0.4315 0.6123445833333334 0.4355 0.606127886574074 0.44225 0.6056838356481481 0.44625 0.6105683842592592 0.45399999999999996 0.6181172291666667 0.45949999999999996 0.6274422731481482 0.46225
13 0.8388099467592594 0.4655 0.8499111898148148 0.4635 0.854795736111111 0.46125 0.8601243333333334 0.4555 0.8619005324074074 0.4505 0.8601243333333334 0.443 0.856127886574074 0.43825000000000003 0.8494671412037037 0.435 0.8343694490740741 0.434 0.8210479583333333 0.43575 0.8148312615740742 0.43825000000000003 0.809058613425926 0.44549999999999995 0.809058613425926 0.45225000000000004 0.8152753101851852 0.46075000000000005 0.8303730023148148 0.4655 0.8388099467592594 0.4655
13 0.7198046180555556 0.52025 0.727353462962963 0.521 0.7402309050925925 0.51975 0.7477797523148149 0.5167499999999999 0.7548845462962963 0.51175 0.7571047962962963 0.50575 0.7553285972222222 0.5 0.7508880995370371 0.495 0.7411190046296297 0.4905 0.7340142106481481 0.49 0.7175843703703704 0.491 0.707815275462963 0.496 0.7038188287037037 0.50025 0.7015985787037037 0.50475 0.7033747777777778 0.51075 0.7109236226851853 0.5167499999999999 0.7198046180555556 0.52025
13 0.5190941388888889 0.5165 0.5328596805555555 0.5167499999999999 0.5404085254629629 0.5155 0.5475133217592593 0.512 0.5523978680555556 0.50525 0.5532859675925926 0.50125 0.5515097685185185 0.49624999999999997 0.5444049722222223 0.49 0.5364120787037037 0.488 0.5239786851851852 0.48775 0.5084369444444444 0.49025 0.5026642986111112 0.494 0.5004440486111111 0.49924999999999997 0.5004440486111111 0.5045 0.5035523981481481 0.50925 0.5084369444444444 0.51325 0.5190941388888889 0.5165
13 0.31394316203703704 0.51275 0.3237122546296296 0.51375 0.3277087037037037 0.51325 0.3392539953703704 0.50925 0.3472468912037037 0.50325 0.3481349907407407 0.49725 0.3459147430555556 0.49274999999999997 0.3383658958333334 0.4865 0.32815275231481483 0.48350000000000004 0.3134991111111111 0.48300000000000004 0.3068383657407407 0.48475 0.29751332175925926 0.4895 0.2939609236111111 0.49475 0.293516875 0.50125 0.29706927083333334 0.507 0.30062166898148146 0.5097499999999999 0.31394316203703704 0.51275
13 0.8246003541666667 0.58 0.8396980462962963 0.57825 0.8476909421296297 0.5745 0.8543516875 0.56775 0.854795736111111 0.5605 0.8525754884259259 0.55625 0.8476909421296297 0.5525 0.8348135 0.54875 0.8214920069444445 0.5479999999999999 0.8143872106481481 0.54875 0.8059502662037038 0.5525 0.8023978680555556 0.55575 0.8001776203703704 0.56075 0.8001776203703704 0.56825 0.8023978680555556 0.5720000000000001 0.8108348125 0.5765 0.8246003541666667 0.58
13 0.606127886574074 0.57275 0.6176731782407408 0.57525 0.6314387222222222 0.5755 0.6398756666666666 0.57375 0.6474245115740741 0.56925 0.6509769097222221 0.56325 0.6509769097222221 0.55775 0.6474245115740741 0.55175 0.6403197152777778 0.54675 0.6301065717592592 0.545 0.6185612777777778 0.5455 0.6056838356481481 0.5485 0.5994671412037037 0.55325 0.5972468912037037 0.5569999999999999 0.5976909421296297 0.56425 0.6021314398148149 0.57025 0.606127886574074 0.57275
13 0.4227353472222222 0.57325 0.43294849074074077 0.5715 0.44671403240740737 0.5635 0.44804618055555556 0.559 0.44671403240740737 0.5529999999999999 0.4391651875 0.54625 0.4311722916666667 0.543 0.4258436944444444 0.542 0.41119005324074076 0.5425 0.3983126111111111 0.54775 0.39431616435185185 0.5535 0.39342806481481485 0.55825 0.39653641203703704 0.5652499999999999 0.4107460046296296 0.5722499999999999 0.4227353472222222 0.57325
13 0.206483125 0.5705 0.2144760208333333 0.571 0.2202486689814815 0.57025 0.2375666064814815 0.56275 0.24111900462962962 0.55725 0.2397868564814815 0.5499999999999999 0.23667850694444445 0.546 0.23001776157407405 0.54225 0.21714031944444445 0.53925 0.2091474236111111 0.53925 0.19538188194444445 0.5415 0.18827708796296297 0.546 0.18472468981481482 0.551 0.18428063888888888 0.55725 0.18960923611111113 0.5645 0.19271758333333333 0.5665 0.206483125 0.5705
13 0.30195381944444444 0.62825 0.3068383657407407 0.6295000000000001 0.31527531018518523 0.62975 0.3277087037037037 0.628 0.33969804629629635 0.6192500000000001 0.34147424537037036 0.612 0.3383658958333334 0.60575 0.3312611018518518 0.6015 0.32460035416666666 0.5994999999999999 0.31616340972222223 0.5985 0.30328596759259263 0.59925 0.29751332175925926 0.60075 0.28907637731481484 0.606 0.2864120787037037 0.6092500000000001 0.2881882777777778 0.61975 0.29662522222222226 0.6265000000000001 0.30195381944444444 0.62825
13 0.520870337962963 0.6315 0.5364120787037037 0.629 0.5439609236111111 0.624 0.5461811712962963 0.621 0.5475133217592593 0.6162500000000001 0.5448490231481481 0.6085 0.5430728240740741 0.6064999999999999 0.5315275300925926 0.60075 0.518650087962963 0.6 0.5084369444444444 0.601 0.4977797523148148 0.6055 0.49333925462962963 0.6125 0.49467140277777777 0.622 0.5044404976851852 0.62875 0.5111012430555556 0.6307499999999999 0.520870337962963 0.6315
13 0.7309058611111111 0.6339999999999999 0.7375666064814815 0.63275 0.7442273541666666 0.62875 0.7464476018518519 0.626 0.7486678518518518 0.6167499999999999 0.7446714027777778 0.6097499999999999 0.7384547060185185 0.6064999999999999 0.7313499120370369 0.60475 0.7202486689814814 0.60375 0.706483125 0.606 0.6993783310185185 0.6115 0.6971580810185185 0.61575 0.6989342800925926 0.6277499999999999 0.7060390763888889 0.6325000000000001 0.7220248657407408 0.6345 0.7309058611111111 0.6339999999999999
13 0.606127886574074 0.6890000000000001 0.6123445833333334 0.69 0.626998224537037 0.6892499999999999 0.6376554166666666 0.68525 0.6456483125 0.6789999999999999 0.6460923634259259 0.6717500000000001 0.6443161643518519 0.6677500000000001 0.6403197152777778 0.664 0.6265541736111111 0.6589999999999999 0.6056838356481481 0.6595 0.5972468912037037 0.6635 0.5928063935185185 0.668 0.5914742453703704 0.67625 0.5941385439814815 0.6825 0.6021314398148149 0.6880000000000001 0.606127886574074 0.6890000000000001
13 0.41429840046296296 0.6875 0.42317939583333336 0.68675 0.4356127893518518 0.6825 0.43960923611111113 0.6787500000000001 0.4422735347222222 0.6717500000000001 0.43960923611111113 0.6647500000000001 0.4316163402777778 0.66 0.42184724768518517 0.65725 0.39698046296296297 0.6589999999999999 0.39165186574074073 0.6625 0.38765541666666664 0.668 0.38765541666666664 0.6755 0.39387211342592593 0.68275 0.4058614560185185 0.68675 0.41429840046296296 0.6875