2 0.42824074074074076 0.44212962962962965 0.43287037037037035 0.4444444444444444 0.43287037037037035 0.4583333333333333 0.4375 0.46296296296296297 0.47685185185185186 0.46296296296296297 0.4791666666666667 0.4652777777777778 0.49074074074074076 0.4652777777777778 0.5185185185185185 0.47685185185185186 0.5254629629629629 0.48148148148148145 0.5347222222222222 0.4930555555555556 0.5370370370370371 0.4976851851851852 0.5370370370370371 0.5046296296296297 0.5347222222222222 0.5069444444444444 0.49537037037037035 0.5046296296296297 0.4861111111111111 0.49074074074074076 0.47685185185185186 0.4861111111111111 0.4583333333333333 0.4861111111111111 0.45601851851851855 0.4837962962962963 0.4537037037037037 0.4861111111111111 0.44907407407407407 0.4861111111111111 0.44675925925925924 0.4837962962962963 0.4351851851851852 0.4861111111111111 0.4305555555555556 0.4930555555555556 0.4305555555555556 0.5 0.42824074074074076 0.5023148148148148 0.3888888888888889 0.5023148148148148 0.38657407407407407 0.5 0.38657407407407407 0.4861111111111111 0.38425925925925924 0.4837962962962963 0.3263888888888889 0.4837962962962963 0.32407407407407407 0.4861111111111111 0.32407407407407407 0.4976851851851852 0.31712962962962965 0.5023148148148148 0.3125 0.5023148148148148 0.3101851851851852 0.5 0.3055555555555556 0.5 0.30324074074074076 0.5023148148148148 0.30092592592592593 0.5 0.27546296296296297 0.5 0.27546296296296297 0.49537037037037035 0.27314814814814814 0.4930555555555556 0.27546296296296297 0.4861111111111111 0.2708333333333333 0.48148148148148145 0.2337962962962963 0.48148148148148145 0.2222222222222222 0.48842592592592593 0.2175925925925926 0.4930555555555556 0.2175925925925926 0.4976851851851852 0.21296296296296297 0.4976851851851852 0.21064814814814814 0.5 0.1712962962962963 0.5 0.16898148148148148 0.4976851851851852 0.16435185185185186 0.4976851851851852 0.16666666666666666 0.4861111111111111 0.17824074074074073 0.47453703703703703 0.19675925925925927 0.4652777777777778 0.21064814814814814 0.46296296296296297 0.21296296296296297 0.46064814814814814 0.22453703703703703 0.46064814814814814 0.22685185185185186 0.4583333333333333 0.27546296296296297 0.4583333333333333 0.2800925925925926 0.4537037037037037 0.2777777777777778 0.44907407407407407 0.2777777777777778 0.44212962962962965 0.2800925925925926 0.4398148148148148 0.3148148148148148 0.4398148148148148 0.31712962962962965 0.44212962962962965 0.32175925925925924 0.44212962962962965 0.32407407407407407 0.4444444444444444 0.32407407407407407 0.45601851851851855 0.33101851851851855 0.46064814814814814 0.33564814814814814 0.46064814814814814 0.33796296296296297 0.4583333333333333 0.3402777777777778 0.46064814814814814 0.3611111111111111 0.46064814814814814 0.36342592592592593 0.4583333333333333 0.3680555555555556 0.46064814814814814 0.38425925925925924 0.46064814814814814 0.3888888888888889 0.45601851851851855 0.3888888888888889 0.4444444444444444 0.3912037037037037 0.44212962962962965 0.42592592592592593 0.44212962962962965
11 0 0.7484999999999999 0.003552398148148148 0.7512500000000001 0.005772645833333334 0.7557499999999999 0.0039964467592592595 0.7575000000000001 0.004440497685185185 0.76225 0.011545293981481483 0.762 0.015097689814814816 0.76325 0.024422736111111114 0.763 0.03197158101851852 0.764 0.058614564814814814 0.7635 0.0701598587962963 0.765 0.07815275231481482 0.763 0.08836589583333333 0.7659999999999999 0.10301953703703705 0.7659999999999999 0.1065719351851852 0.765 0.11234458333333333 0.7659999999999999 0.11589698148148148 0.7655000000000001 0.11678508101851852 0.764 0.13365896990740742 0.7645000000000001 0.14031971527777778 0.7665 0.14431616435185185 0.7659999999999999 0.14742451157407407 0.7635 0.15097690972222222 0.7645000000000001 0.1531971574074074 0.7635 0.18339253935185185 0.7645000000000001 0.18561278935185185 0.76625 0.18960923611111113 0.7655000000000001 0.19582593287037037 0.76775 0.2055950277777778 0.7657499999999999 0.2206927175925926 0.7659999999999999 0.22158081712962965 0.765 0.22735346296296297 0.7665 0.22912966203703705 0.7657499999999999 0.2375666064814815 0.7685000000000001 0.39387211342592593 0.7727499999999999 0.39920071064814816 0.77175 0.4031971574074074 0.7729999999999999 0.4138543518518518 0.7725000000000001 0.4187388981481482 0.77075 0.42984014120370373 0.7705 0.4320603912037037 0.77075 0.43516873842592596 0.7735 0.4449378333333333 0.7727499999999999 0.45781527546296297 0.77325 0.4600355231481481 0.7725000000000001 0.46225577314814814 0.76875 0.46802841898148145 0.768 0.4724689166666667 0.7715000000000001 0.48046181250000003 0.7729999999999999 0.4875666064814815 0.77575 0.4924511550925926 0.77475 0.5062166967592593 0.7765 0.5781527523148148 0.7765 0.5941385439814815 0.77725 0.5985790416666666 0.7785000000000001 0.6096802847222222 0.7775 0.623001775462963 0.7797499999999999 0.6274422731481482 0.77875 0.6389875671296296 0.7797499999999999 0.6531971574074075 0.77875 0.6678507986111112 0.7797499999999999 0.6767317939814815 0.779 0.8201598587962963 0.7835 0.8463587916666667 0.7835 0.8627886319444444 0.78475 0.9045293078703703 0.7835 0.9067495555555555 0.7817500000000001 0.9138543518518518 0.7799999999999999 0.9178507986111112 0.781 0.9218472476851851 0.78025 0.9333925393518518 0.776 0.940053287037037 0.7725000000000001 0.9422735347222222 0.7697499999999999 0.9458259328703704 0.77 0.9538188287037037 0.76175 0.9560390763888889 0.757 0.960479574074074 0.75475 0.9622557731481481 0.7410000000000001 0.9653641203703704 0.73175 0.9649200717592592 0.6962499999999999 0.9666962708333334 0.6932499999999999 0.9684724699074074 0.6619999999999999 0.9675843703703704 0.6425 0.9698046180555556 0.63575 0.9698046180555556 0.614 0.9733570162037037 0.58875 0.9711367662037037 0.57758325 0.9742451157407408 0.56175 0.9742451157407408 0.5217499999999999 0.9777975138888889 0.4565 0.9782415624999999 0.41774999999999995 0.9769094143518517 0.40625 0.978685613425926 0.40075 0.978685613425926 0.39025 0.9769094143518517 0.38525 0.9782415624999999 0.34975 0.9800177615740742 0.3455 0.978685613425926 0.335 0.9804618125 0.33225000000000005 0.9804618125 0.328 0.977353462962963 0.32425 0.978685613425926 0.315 0.9720248657407408 0.30824999999999997 0.9706927175925926 0.2965 0.9733570162037037 0.291 0.9746891643518518 0.2905 0.977353462962963 0.29200000000000004 0.9804618125 0.28625 0.9800177615740742 0.27358325 0.9840142106481481 0.27 0.9871225578703703 0.258 0.9897868564814815 0.2555 0.9906749560185185 0.237 0.9888987569444445 0.22699999999999998 0.9849023101851851 0.22075 0.9769094143518517 0.2185 0.9218472476851851 0.21625 0.1647424513888889 0.20274999999999999 0.10213143981481482 0.20274999999999999 0.09724689120370371 0.204 0.09236234490740741 0.20274999999999999 0.058614564814814814 0.2025 0.05373001851851852 0.2015 0.025754884259259262 0.20075 0.017317939814814814 0.20075 0.004440497685185185 0.2025 0 0.21275 0 0.7484999999999999
12 0 0.3055 0.999555951388889 0.3055 0.999555951388889 0.19566 0 0.19566 0 0.3055
13 0.35257548842592595 0.33475 0.3650088819444445 0.33649999999999997 0.38010657175925927 0.33675 0.38676731712962964 0.33425 0.39342806481481485 0.32825 0.39564831250000004 0.31925 0.3929840138888889 0.314 0.3880994675925926 0.3105 0.3765541736111111 0.3055 0.36234458333333336 0.30450000000000005 0.35612788657407407 0.30575 0.3468028425925926 0.309 0.33880994675925924 0.315 0.33747779861111116 0.32 0.34058614583333335 0.327 0.3432504444444444 0.33025 0.35257548842592595 0.33475
13 0.5896980462962963 0.341 0.5994671412037037 0.33949999999999997 0.6083481342592593 0.33425 0.6127886319444444 0.32825 0.6132326828703704 0.32399999999999995 0.6079040856481482 0.316 0.5990230902777779 0.3105 0.5914742453703704 0.30925 0.580817050925926 0.309 0.5710479583333333 0.31075 0.5643872106481482 0.313 0.5590586134259259 0.3165 0.5555062175925927 0.32125 0.5555062175925927 0.327 0.5603907638888889 0.33475 0.5799289513888889 0.34075 0.5896980462962963 0.341
13 0.6780639421296297 0.403 0.690941386574074 0.405 0.6998223796296296 0.40475 0.7100355231481481 0.401 0.7175843703703704 0.39375 0.7189165185185185 0.387 0.7158081712962963 0.38 0.7126998217592593 0.37725000000000003 0.7029307291666667 0.3735 0.6922735347222222 0.372 0.6820603912037037 0.37225 0.6727353472222222 0.375 0.6656305509259259 0.37949999999999995 0.6625222013888888 0.38325 0.6611900532407406 0.38725 0.6647424513888889 0.39549999999999996 0.6736234467592593 0.4015 0.6780639421296297 0.403
13 0.4595914745370371 0.39899999999999997 0.477353462962963 0.40049999999999997 0.4866785069444444 0.39899999999999997 0.49467140277777777 0.3945 0.49866785185185186 0.38875 0.499111900462963 0.38225000000000003 0.49378330324074077 0.3745 0.4880106574074074 0.371 0.47424511574074074 0.368 0.4666962708333333 0.368 0.4569271759259259 0.37 0.4484902314814815 0.375 0.4440497337962963 0.38025 0.44271758333333333 0.3835 0.4462699814814815 0.39225 0.4507104791666667 0.396 0.4595914745370371 0.39899999999999997
13 0.24111900462962962 0.39425 0.2619893425925926 0.3965 0.2690941388888889 0.39499999999999996 0.2761989351851852 0.39175 0.2810834814814815 0.38725 0.2824156296296296 0.37625 0.2788632337962963 0.37124999999999997 0.26820603935185183 0.36525 0.2526642986111111 0.36350000000000005 0.2375666064814815 0.3655 0.23001776157407405 0.3695 0.22513321527777777 0.37625 0.22468916435185185 0.38025 0.22868561342592594 0.388 0.23312611111111112 0.39175 0.24111900462962962 0.39425
13 0.3348135 0.45575 0.34103019444444443 0.457 0.37033747685185187 0.45749999999999996 0.373889875 0.45675 0.38055062268518514 0.45275 0.3854351689814815 0.4445 0.3872113680555555 0.43775000000000003 0.3849911180555555 0.434 0.373889875 0.428 0.3730017754629629 0.4255 0.3592362337962963 0.42474999999999996 0.35657193518518515 0.42674999999999996 0.3432504444444444 0.429 0.33792184722222224 0.43125 0.333481349537037 0.43425 0.3294849027777778 0.4395 0.32904085185185183 0.44375 0.333481349537037 0.44925 0.3312611018518518 0.45325 0.3348135 0.45575
13 0.14031971527777778 0.4555 0.15364120833333333 0.45475 0.1598579050925926 0.453 0.1647424513888889 0.4535 0.16651865046296296 0.44775 0.1700710486111111 0.44475000000000003 0.17628774537037037 0.44325000000000003 0.17895204166666667 0.4395 0.1718472476851852 0.43225 0.1678507986111111 0.43125 0.1647424513888889 0.42250000000000004 0.16296625231481482 0.42124999999999996 0.14387211342592593 0.41925 0.1332149189814815 0.42025 0.12211367592592592 0.42375 0.11278863194444444 0.42925 0.11012433333333334 0.43524999999999997 0.11101243287037038 0.443 0.11767317824074074 0.45025000000000004 0.12966252314814813 0.45475 0.14031971527777778 0.4555
13 0.5710479583333333 0.464 0.58259325 0.46425000000000005 0.5914742453703704 0.4625 0.6003552407407406 0.45725000000000005 0.6052397870370371 0.44975 0.604795736111111 0.44475000000000003 0.6016873888888888 0.439 0.5919182939814815 0.434 0.5821492013888888 0.43174999999999997 0.5683836597222223 0.432 0.5577264652777778 0.435 0.5510657199074074 0.438 0.5475133217592593 0.444 0.5475133217592593 0.44875000000000004 0.5510657199074074 0.45475 0.559946712962963 0.46149999999999997 0.5710479583333333 0.464
13 0.7873001782407407 0.46799999999999997 0.8023978680555556 0.46875 0.810390763888889 0.46775000000000005 0.8206039074074073 0.46299999999999997 0.8246003541666667 0.45875 0.8263765532407407 0.453 0.8250444050925926 0.44625 0.8174955601851851 0.43925 0.8077264652777778 0.435 0.7912966250000001 0.435 0.7801953819444444 0.43674999999999997 0.7722024861111111 0.4405 0.7682060393518518 0.446 0.7668738888888889 0.45 0.7695381875 0.45975 0.7735346365740741 0.4635 0.7873001782407407 0.46799999999999997
13 0.6745115462962963 0.527 0.6865008888888888 0.52725 0.6953818819444444 0.526 0.7011545300925925 0.524 0.7087033749999999 0.5185 0.7118117222222222 0.513 0.710479574074074 0.505 0.7033747777777778 0.49825 0.6931616342592593 0.495 0.6833925393518518 0.494 0.6731793958333333 0.49475 0.6598579050925926 0.5005000000000001 0.6549733564814815 0.50525 0.6531971574074075 0.51225 0.6571936064814815 0.519 0.6625222013888888 0.5225 0.6745115462962963 0.527
13 0.45293072916666666 0.52125 0.4595914745370371 0.52225 0.4702486689814815 0.52225 0.4764653634259259 0.52125 0.48623445833333334 0.516 0.4902309050925926 0.512 0.4902309050925926 0.5027499999999999 0.4831261111111111 0.49550000000000005 0.4738010648148148 0.4915 0.4666962708333333 0.49025 0.45337477777777774 0.49 0.44182948379629633 0.49475 0.43694493749999996 0.50175 0.4356127893518518 0.50625 0.4387211365740741 0.5135 0.4422735347222222 0.517 0.45293072916666666 0.52125
13 0.23268206018518517 0.516 0.24111900462962962 0.517 0.25666074537037037 0.5167499999999999 0.2655417407407408 0.513 0.27087033796296295 0.5085 0.27220248611111114 0.505 0.2713143865740741 0.49825 0.2646536412037037 0.4905 0.25666074537037037 0.4865 0.24555950231481483 0.48574999999999996 0.23268206018518517 0.4865 0.22246891666666666 0.49125 0.21669627083333334 0.498 0.2162522199074074 0.50175 0.21980461805555557 0.50925 0.2277975138888889 0.5145000000000001 0.23268206018518517 0.516
13 0.11634103009259258 0.57575 0.13010657175925924 0.57725 0.14342806481481482 0.57525 0.15142095833333333 0.5715 0.15674955555555556 0.56675 0.1580817060185185 0.5630000000000001 0.15674955555555556 0.5549999999999999 0.15186500925925925 0.5499999999999999 0.1429840138888889 0.5457500000000001 0.12300177546296297 0.54475 0.11278863194444444 0.5465 0.1043516875 0.55075 0.10035524074074074 0.55675 0.09991118981481481 0.5625 0.10213143981481482 0.5680000000000001 0.10834813425925925 0.57275 0.11634103009259258 0.57575
13 0.3419182939814815 0.58175 0.3516873888888889 0.58325 0.3574600347222222 0.583 0.36678508101851853 0.5795 0.3734458263888889 0.5750000000000001 0.3787744236111111 0.56775 0.3778863240740741 0.5605 0.3743339259259259 0.556 0.3658969814814815 0.55075 0.35435168749999996 0.5485 0.3419182939814815 0.54825 0.33170515046296295 0.55125 0.3250444050925926 0.5565 0.32149200694444446 0.5625 0.3210479583333334 0.56775 0.3263765532407408 0.57575 0.33081705092592595 0.5785 0.3419182939814815 0.58175
13 0.5612788634259259 0.5855 0.5719360578703704 0.5865 0.581705150462963 0.5855 0.5923623449074074 0.5795 0.5963587916666667 0.57425 0.5968028425925925 0.56775 0.5919182939814815 0.5597500000000001 0.5861456481481482 0.5565 0.5719360578703704 0.55325 0.5643872106481482 0.55325 0.5501776203703703 0.55725 0.542184724537037 0.5625 0.539520425925926 0.56775 0.539520425925926 0.5720000000000001 0.5457371226851851 0.5792499999999999 0.5537300185185186 0.5840000000000001 0.5612788634259259 0.5855
13 0.7824156296296296 0.59225 0.7975133217592593 0.59275 0.8072824166666668 0.5910000000000001 0.8139431620370371 0.5875 0.8192717592592593 0.581 0.8201598587962963 0.5745 0.8179396087962963 0.56925 0.8148312615740742 0.5652499999999999 0.8063943171296296 0.5599999999999999 0.7970692708333333 0.55875 0.7855239791666667 0.55875 0.7730905856481483 0.56025 0.7637655416666667 0.56475 0.7606571944444445 0.57175 0.7611012430555555 0.57825 0.7673179398148149 0.586 0.7748667847222223 0.59 0.7824156296296296 0.59225
13 0.6678507986111112 0.651 0.6749555949074074 0.65225 0.6887211365740741 0.65125 0.6962699814814814 0.6485 0.7029307291666667 0.64325 0.7047069282407408 0.63875 0.7033747777777778 0.62975 0.6967140324074074 0.6225 0.6865008888888888 0.6192500000000001 0.6709591481481482 0.6185 0.6647424513888889 0.6195 0.6549733564814815 0.624 0.6483126111111112 0.63025 0.6474245115740741 0.6385 0.6496447592592594 0.643 0.6580817060185185 0.64825 0.6678507986111112 0.651
13 0.44937833101851854 0.6465000000000001 0.46314387268518514 0.64675 0.4733570162037037 0.6445 0.47690941435185186 0.642 0.48134991203703703 0.636 0.4826820601851852 0.62975 0.4809058611111111 0.6232500000000001 0.47779751388888886 0.619 0.4738010648148148 0.6167499999999999 0.4635879212962963 0.614 0.456483125 0.61325 0.4409413865740741 0.6152500000000001 0.42984014120370373 0.62 0.4258436944444444 0.6262500000000001 0.42539964583333334 0.6307499999999999 0.42850799305555554 0.6385 0.43827708796296294 0.644 0.44937833101851854 0.6465000000000001
13 0.2202486689814815 0.6405000000000001 0.22735346296296297 0.6415 0.24200710416666665 0.6415 0.2477797523148148 0.6405000000000001 0.2557726458333333 0.6355 0.26065719444444446 0.6307499999999999 0.2619893425925926 0.625 0.25888099537037035 0.6167499999999999 0.25399644675925925 0.6125 0.2446714027777778 0.6094999999999999 0.23134991203703703 0.608 0.22335701620370368 0.6090000000000001 0.2131438726851852 0.61375 0.20603907638888888 0.61975 0.20470692824074074 0.6267499999999999 0.2069271759259259 0.63125 0.208703375 0.6335000000000001 0.2202486689814815 0.6405000000000001
13 0.33081705092592595 0.7085 0.3454706921296296 0.70925 0.35301953703703703 0.7075 0.3627886319444445 0.7027500000000001 0.36767317824074075 0.6962499999999999 0.36767317824074075 0.6875 0.3645648310185185 0.68125 0.3574600347222222 0.6765 0.3490230902777778 0.674 0.33170515046296295 0.674 0.3241563055555556 0.6755 0.3157193611111111 0.681 0.3108348125 0.6890000000000001 0.31039076388888887 0.6962499999999999 0.3143872106481482 0.70175 0.3210479583333334 0.7060000000000001 0.33081705092592595 0.7085
13 0.5510657199074074 0.7130000000000001 0.5692717592592592 0.7135 0.5750444050925926 0.7125 0.581705150462963 0.7100000000000001 0.5865896990740741 0.7060000000000001 0.5905861458333334 0.7 0.5905861458333334 0.693 0.585701599537037 0.685 0.5777087037037036 0.6805 0.5652753101851852 0.6777500000000001 0.5568383657407407 0.6777500000000001 0.5537300185185186 0.6789999999999999 0.5501776203703703 0.6789999999999999 0.5408525763888888 0.68275 0.5337477800925926 0.6885 0.5319715810185185 0.693 0.5319715810185185 0.7 0.5359680277777777 0.7055 0.5448490231481481 0.7115 0.5510657199074074 0.7130000000000001