7 0.5231481481481481 0.46064814814814814 0.5254629629629629 0.46296296296296297 0.5416666666666666 0.4652777777777778 0.5578703703703703 0.47453703703703703 0.5671296296296297 0.4837962962962963 0.5671296296296297 0.48842592592592593 0.5694444444444444 0.49074074074074076 0.5694444444444444 0.5115740740740741 0.5717592592592593 0.5138888888888888 0.5810185185185185 0.5138888888888888 0.5833333333333334 0.5162037037037037 0.625 0.5162037037037037 0.6296296296296297 0.5115740740740741 0.6296296296296297 0.5023148148148148 0.6319444444444444 0.5 0.6643518518518519 0.5 0.6689814814814815 0.5023148148148148 0.6689814814814815 0.5138888888888888 0.6712962962962963 0.5162037037037037 0.6851851851851852 0.5162037037037037 0.6875 0.5185185185185185 0.7060185185185185 0.5185185185185185 0.7083333333333334 0.5162037037037037 0.7129629629629629 0.5162037037037037 0.7222222222222222 0.5092592592592593 0.7245370370370371 0.5023148148148148 0.7685185185185185 0.5023148148148148 0.7685185185185185 0.5069444444444444 0.7592592592592593 0.5208333333333334 0.7384259259259259 0.5324074074074074 0.7245370370370371 0.5347222222222222 0.7222222222222222 0.5370370370370371 0.6712962962962963 0.5370370370370371 0.6666666666666666 0.5416666666666666 0.6643518518518519 0.5532407407407407 0.6273148148148148 0.5532407407407407 0.6273148148148148 0.5393518518518519 0.625 0.5370370370370371 0.6087962962962963 0.5370370370370371 0.6064814814814815 0.5347222222222222 0.6041666666666666 0.5370370370370371 0.5740740740740741 0.5370370370370371 0.5717592592592593 0.5347222222222222 0.5694444444444444 0.5370370370370371 0.5694444444444444 0.5462962962962963 0.5671296296296297 0.5509259259259259 0.5462962962962963 0.5532407407407407 0.5439814814814815 0.5509259259259259 0.5300925925925926 0.5509259259259259 0.5300925925925926 0.5370370370370371 0.5277777777777778 0.5347222222222222 0.5046296296296297 0.5347222222222222 0.5023148148148148 0.5324074074074074 0.5023148148148148 0.5138888888888888 0.5069444444444444 0.5115740740740741 0.5277777777777778 0.5138888888888888 0.5324074074074074 0.5092592592592593 0.5324074074074074 0.5 0.5347222222222222 0.4976851851851852 0.5324074074074074 0.49537037037037035 0.5324074074074074 0.48842592592592593 0.5185185185185185 0.48148148148148145 0.5069444444444444 0.4791666666666667 0.5023148148148148 0.4722222222222222 0.5023148148148148 0.46296296296296297 0.5046296296296297 0.46064814814814814 0.5208333333333334 0.46064814814814814
11 0 0.6234999999999999 0.0053285972222222215 0.646 0.004440497685185185 0.6479999999999999 0.012877442129629631 0.6485 0.012877442129629631 0.6515 0.009769094907407407 0.6545000000000001 0.012433393518518519 0.6585 0.011101243055555555 0.66 0.011545293981481483 0.6685 0.013765541666666667 0.67275 0.016429840277777778 0.6735 0.017317939814814814 0.6725 0.03907637731481481 0.6695 0.04662522222222222 0.6765 0.06483126157407407 0.678 0.06483126157407407 0.6825 0.06749556018518518 0.68425 0.07326820601851852 0.6835 0.08170515046296296 0.68525 0.09236234490740741 0.68375 0.09857904166666666 0.6865 0.18472468981481482 0.6894999999999999 0.18827708796296297 0.6885 0.2202486689814815 0.6892499999999999 0.22557726388888888 0.6905 0.23001776157407405 0.6892499999999999 0.24156305555555554 0.69 0.2442273541666667 0.6885 0.25133214814814814 0.6902499999999999 0.28996447685185184 0.6892499999999999 0.2992895208333333 0.69 0.3068383657407407 0.69275 0.333481349537037 0.6920000000000001 0.35612788657407407 0.69275 0.3592362337962963 0.6920000000000001 0.36323268287037036 0.693 0.3658969814814815 0.69175 0.36944937731481486 0.6925 0.37255772685185184 0.69075 0.38143872222222225 0.6894999999999999 0.3898756666666667 0.69275 0.394760212962963 0.69225 0.39742451157407405 0.6932499999999999 0.4107460046296296 0.6935 0.4138543518518518 0.69275 0.41829484953703705 0.69375 0.4227353472222222 0.69275 0.43694493749999996 0.693 0.4507104791666667 0.6950000000000001 0.5945825925925926 0.6964999999999999 0.6065719351851853 0.6955 0.6123445833333334 0.69675 0.6296625231481481 0.694 0.6367673171296296 0.69675 0.6500888101851852 0.697 0.7202486689814814 0.69675 0.7229129652777778 0.69525 0.748223800925926 0.69475 0.7522202476851851 0.6935 0.7655417407407407 0.6932499999999999 0.7668738888888889 0.6920000000000001 0.7775310833333333 0.68975 0.792628775462963 0.68275 0.8001776203703704 0.6805 0.809058613425926 0.67425 0.8126110115740741 0.66825 0.8161634097222221 0.66625 0.8188277083333333 0.6607500000000001 0.8223801064814815 0.6589999999999999 0.8246003541666667 0.6547499999999999 0.8219360578703703 0.64525 0.8259325046296296 0.63625 0.8263765532407407 0.6267499999999999 0.8254884537037037 0.5842499999999999 0.8272646527777778 0.58175 0.8268206041666667 0.56975 0.8281527523148149 0.5675 0.8259325046296296 0.5569999999999999 0.8277087037037036 0.55425 0.8285968032407408 0.54025 0.8277087037037036 0.5287499999999999 0.8290408518518518 0.5265 0.8299289513888889 0.486 0.8285968032407408 0.466 0.8303730023148148 0.45675 0.83259325 0.3965 0.8339254004629629 0.38325 0.835701599537037 0.3805 0.8348135 0.3555 0.8361456481481482 0.35225 0.8339254004629629 0.341 0.8352575486111111 0.3385 0.8343694490740741 0.32749999999999996 0.835701599537037 0.31725 0.833481349537037 0.3145 0.8379218472222222 0.29725 0.8352575486111111 0.272 0.8374777986111112 0.25 0.8365896990740741 0.21924999999999997 0.835701599537037 0.21275 0.8299289513888889 0.20425000000000001 0.8139431620370371 0.193 0.8001776203703704 0.18799999999999997 0.7793072824074074 0.18425 0.774422736111111 0.18475 0.7690941388888889 0.18325 0.7646536412037037 0.184 0.7411190046296297 0.18225 0.6891651875 0.18425 0.6820603912037037 0.18325 0.6745115462962963 0.184 0.6714031967592592 0.183 0.6403197152777778 0.184 0.6354351689814814 0.185 0.6301065717592592 0.184 0.6207815277777777 0.18475 0.6163410300925926 0.18375 0.5848135 0.18425 0.5777087037037036 0.18625 0.5568383657407407 0.18475 0.5550621666666666 0.1865 0.5475133217592593 0.18725 0.543516875 0.18475 0.5377442268518519 0.1855 0.5333037291666667 0.1845 0.5293072824074074 0.1845 0.5222024861111111 0.18675 0.5150976898148149 0.18575 0.5137655416666667 0.18675 0.5093250439814815 0.18700000000000003 0.5048845462962963 0.18700000000000003 0.501776199074074 0.18525000000000003 0.4875666064814815 0.185 0.4840142106481482 0.18700000000000003 0.48001776157407405 0.18700000000000003 0.4738010648148148 0.185 0.46936056944444443 0.186 0.44582593287037037 0.185 0.4422735347222222 0.1865 0.4316163402777778 0.18525000000000003 0.4302841921296296 0.18625 0.42451154629629634 0.18675 0.41918294907407405 0.1855 0.4151865 0.1865 0.4036412083333334 0.18675 0.39653641203703704 0.18675 0.3898756666666667 0.1855 0.3863232685185185 0.18700000000000003 0.3765541736111111 0.1855 0.3712255763888889 0.18725 0.3348135 0.18625 0.32149200694444446 0.1875 0.29973356944444446 0.186 0.26687388888888885 0.189 0.2597690949074074 0.189 0.25532859722222223 0.18775 0.24555950231481483 0.189 0.24156305555555554 0.18775 0.22380106481481482 0.18725 0.21225577314814817 0.189 0.2069271759259259 0.18825 0.1700710486111111 0.18825 0.15763765509259262 0.1905 0.15364120833333333 0.1905 0.15097690972222222 0.189 0.14875665972222224 0.18974999999999997 0.14342806481481482 0.189 0.1407637662037037 0.19 0.13765541666666667 0.189 0.13232682175925928 0.19 0.13010657175925924 0.189 0.11589698148148148 0.18974999999999997 0.10879218518518519 0.192 0.10523978703703704 0.19149999999999998 0.10213143981481482 0.193 0.09991118981481481 0.192 0.03507992824074074 0.19 0.032859680555555555 0.18825 0.02797513425925926 0.1905 0.0217584375 0.18925 0.01909413888888889 0.18675 0.004884546296296296 0.18825 0.005772645833333334 0.19324999999999998 0.004440497685185185 0.19475 0.0062166967592592595 0.1965 0.004440497685185185 0.197 0.004440497685185185 0.204 0.007548844907407408 0.2055 0.009769094907407407 0.20925 0.0039964467592592595 0.22974999999999998 0.004884546296296296 0.236 0.0026642986111111108 0.23925 0 0.24000000000000002 0 0.6234999999999999
12 0 0.69612875 0.07177619907407408 0.69612875 0.07177619907407408 0.18479625 0 0.18479625 0 0.69612875
13 0.3143872106481482 0.29025 0.3277087037037037 0.28750000000000003 0.3352575486111111 0.28275 0.33436944907407407 0.269 0.3272646527777778 0.2635 0.3174955601851852 0.26025 0.3059502662037037 0.2605 0.2992895208333333 0.262 0.290408525462963 0.266 0.2868561273148148 0.27 0.28552397916666666 0.276 0.28774422685185186 0.28150000000000003 0.3001776203703703 0.28925 0.3143872106481482 0.29025
13 0.49467140277777777 0.28875 0.5071047962962963 0.29025 0.520426287037037 0.28825 0.5284191828703704 0.283 0.5315275300925926 0.276 0.5301953819444445 0.269 0.5230905856481481 0.262 0.5128774421296296 0.2585 0.5 0.25875 0.48889875694444446 0.262 0.4840142106481482 0.2655 0.48179396064814817 0.269 0.4822380115740741 0.27975 0.49111900462962965 0.287 0.49467140277777777 0.28875
13 0.6070159861111111 0.3455 0.6190053287037037 0.34349999999999997 0.6265541736111111 0.33949999999999997 0.6301065717592592 0.335 0.6301065717592592 0.32899999999999996 0.6265541736111111 0.322 0.6194493773148148 0.31675000000000003 0.6163410300925926 0.31675000000000003 0.6092362337962962 0.31425 0.6021314398148149 0.3145 0.5905861458333334 0.31699999999999995 0.5839254004629629 0.32049999999999995 0.5785968032407408 0.327 0.5777087037037036 0.332 0.5794849027777778 0.337 0.5919182939814815 0.34400000000000003 0.6070159861111111 0.3455
13 0.4147424513888889 0.34474999999999995 0.42317939583333336 0.34325 0.43072824074074073 0.33875 0.43339253935185185 0.33225000000000005 0.4311722916666667 0.32475 0.4249555949074074 0.31925 0.41829484953703705 0.3165 0.41119005324074076 0.3155 0.39742451157407405 0.31699999999999995 0.3903197152777778 0.3195 0.38365896990740744 0.32475 0.38232682175925925 0.33225000000000005 0.38454706944444444 0.33725 0.39653641203703704 0.34375 0.4147424513888889 0.34474999999999995
13 0.2140319722222222 0.34425 0.22424511574074074 0.34299999999999997 0.23712255787037037 0.33599999999999997 0.23934280555555554 0.332 0.23712255787037037 0.325 0.2309058611111111 0.32 0.22424511574074074 0.3175 0.21802841898148148 0.3165 0.20293072916666668 0.3175 0.19316163425925925 0.32225 0.19049733564814814 0.32475 0.19049733564814814 0.33649999999999997 0.1940497337962963 0.33925000000000005 0.2033747777777778 0.34325 0.2140319722222222 0.34425
13 0.10834813425925925 0.39875 0.11678508101851852 0.39925 0.1265541736111111 0.39825000000000005 0.13454706944444444 0.39425 0.14031971527777778 0.38725 0.13987566666666668 0.38299999999999995 0.13499111805555555 0.37825 0.1265541736111111 0.373 0.1212255763888889 0.372 0.11234458333333333 0.372 0.10257548842592591 0.37525000000000003 0.09591474305555556 0.37925000000000003 0.09280639351851852 0.38375 0.09236234490740741 0.387 0.09502664351851851 0.39199999999999996 0.10346358796296296 0.39725 0.10834813425925925 0.39875
13 0.30062166898148146 0.39925 0.3174955601851852 0.39825000000000005 0.3272646527777778 0.39475000000000005 0.33259325 0.39025 0.333481349537037 0.38325 0.3210479583333334 0.37375 0.3134991111111111 0.37274999999999997 0.3001776203703703 0.37400000000000005 0.2917406759259259 0.3775 0.2868561273148148 0.3815 0.28552397916666666 0.387 0.28774422685185186 0.39125000000000004 0.29662522222222226 0.39825000000000005 0.30062166898148146 0.39925
13 0.5088809953703703 0.401 0.5173179398148148 0.39899999999999997 0.5279751342592592 0.39199999999999996 0.5288632337962963 0.386 0.5275310833333333 0.38275000000000003 0.520870337962963 0.37599999999999995 0.5155417407407408 0.373 0.5088809953703703 0.372 0.49422735416666663 0.373 0.4822380115740741 0.37949999999999995 0.479573712962963 0.38425000000000004 0.47912966203703705 0.39075 0.4809058611111111 0.394 0.49467140277777777 0.40075 0.5088809953703703 0.401
13 0.7015985787037037 0.40175000000000005 0.7095914745370371 0.40125 0.7175843703703704 0.39925 0.7242451157407408 0.39575 0.7282415624999999 0.39125000000000004 0.729129662037037 0.386 0.725577263888889 0.37825 0.7166962708333334 0.37274999999999997 0.706483125 0.37025 0.6931616342592593 0.37175 0.6887211365740741 0.37325 0.6798401412037037 0.37925000000000003 0.6762877453703703 0.38425000000000004 0.6771758425925926 0.39149999999999996 0.6847246898148148 0.39725 0.690053287037037 0.39975 0.7015985787037037 0.40175000000000005
13 0.5914742453703704 0.457 0.6056838356481481 0.45775 0.6163410300925926 0.455 0.6247779745370371 0.44899999999999995 0.6265541736111111 0.44199999999999995 0.624333925925926 0.437 0.6203374768518519 0.43324999999999997 0.6087921851851852 0.428 0.5985790416666666 0.42775 0.5865896990740741 0.43024999999999997 0.5777087037037036 0.4355 0.5754884537037037 0.439 0.5741563055555555 0.44625 0.5763765532407408 0.4495 0.581705150462963 0.4535 0.5914742453703704 0.457
13 0.41829484953703705 0.455 0.43072824074074073 0.44825000000000004 0.4316163402777778 0.4415 0.4302841921296296 0.438 0.4236234467592592 0.431 0.41918294907407405 0.4285 0.4138543518518518 0.42725 0.4040852569444444 0.42725 0.3929840138888889 0.43 0.38454706944444444 0.435 0.38232682175925925 0.439 0.38188277083333333 0.44375 0.3841030185185185 0.44825000000000004 0.39742451157407405 0.45625 0.41829484953703705 0.455
13 0.206483125 0.45399999999999996 0.22424511574074074 0.45325 0.23179396064814814 0.4505 0.23623445833333334 0.4465 0.2375666064814815 0.44275 0.23623445833333334 0.43674999999999997 0.23001776157407405 0.4305 0.2202486689814815 0.427 0.2091474236111111 0.427 0.19849023148148148 0.43024999999999997 0.19049733564814814 0.43575 0.18960923611111113 0.43925 0.18916518750000003 0.44275 0.19138543518518517 0.44675000000000004 0.19982237962962962 0.45175000000000004 0.206483125 0.45399999999999996
13 0.10834813425925925 0.509 0.12699822453703705 0.5085 0.13365896990740742 0.50625 0.13721136805555556 0.50375 0.1407637662037037 0.49525 0.13987566666666668 0.49125 0.13365896990740742 0.48374999999999996 0.12788632407407408 0.48175 0.1092362337962963 0.481 0.09857904166666666 0.48524999999999996 0.09369449305555556 0.49074999999999996 0.09325044444444444 0.49725 0.09547069212962962 0.50175 0.10213143981481482 0.50675 0.10834813425925925 0.509
13 0.2992895208333333 0.5095000000000001 0.3183836597222222 0.50875 0.32815275231481483 0.50675 0.3370337476851852 0.49825 0.33570159953703704 0.49 0.3277087037037037 0.48425 0.3174955601851852 0.481 0.3037300185185185 0.48150000000000004 0.29706927083333334 0.48300000000000004 0.2930728240740741 0.4845 0.28552397916666666 0.49224999999999997 0.28507992824074074 0.49825 0.2881882777777778 0.503 0.29484902314814815 0.508 0.2992895208333333 0.5095000000000001
13 0.5124333935185186 0.51 0.5230905856481481 0.50175 0.5239786851851852 0.497 0.5217584375 0.49125 0.518650087962963 0.4875 0.5088809953703703 0.484 0.5013321481481482 0.48350000000000004 0.4880106574074074 0.48625 0.4809058611111111 0.49125 0.48001776157407405 0.49375 0.48134991203703703 0.505 0.49067495601851846 0.5097499999999999 0.5004440486111111 0.51075 0.5124333935185186 0.51
13 0.706483125 0.51475 0.7153641203703704 0.51225 0.7198046180555556 0.5085 0.7246891643518518 0.501 0.7238010648148148 0.495 0.7171403194444445 0.487 0.710479574074074 0.48374999999999996 0.7042628773148147 0.48275 0.6940497337962962 0.48300000000000004 0.6833925393518518 0.486 0.6762877453703703 0.49200000000000005 0.6736234467592593 0.49725 0.6718472476851851 0.5035 0.6820603912037037 0.51375 0.6891651875 0.51525 0.706483125 0.51475
13 0.5923623449074074 0.56575 0.6056838356481481 0.56575 0.6119005324074074 0.56425 0.6172291296296296 0.5615 0.6221136759259259 0.5535 0.6172291296296296 0.5437500000000001 0.6127886319444444 0.5405 0.6065719351851853 0.539 0.5985790416666666 0.5387500000000001 0.5865896990740741 0.54 0.5799289513888889 0.54275 0.5754884537037037 0.547 0.5754884537037037 0.55725 0.5781527523148148 0.56125 0.58259325 0.564 0.5923623449074074 0.56575
13 0.4098579050925926 0.5655 0.41785079861111113 0.56425 0.4258436944444444 0.5605 0.4293960925925926 0.5575 0.4302841921296296 0.5499999999999999 0.42761989351851853 0.5455 0.42184724768518517 0.539 0.41563055092592593 0.53625 0.4014209583333333 0.536 0.3903197152777778 0.5387500000000001 0.3854351689814815 0.54225 0.38188277083333333 0.54825 0.38143872222222225 0.55375 0.38454706944444444 0.5599999999999999 0.39431616435185185 0.5650000000000001 0.4098579050925926 0.5655
13 0.21225577314814817 0.56475 0.22380106481481482 0.5635 0.23579040740740742 0.5585 0.23889875694444443 0.55375 0.23889875694444443 0.54675 0.23579040740740742 0.54225 0.23179396064814814 0.53825 0.22335701620370368 0.535 0.21003552314814816 0.53475 0.1993783310185185 0.53725 0.19138543518518517 0.54275 0.18916518750000003 0.54675 0.18827708796296297 0.554 0.19538188194444445 0.561 0.20426287731481482 0.5645 0.21225577314814817 0.56475
13 0.2939609236111111 0.6174999999999999 0.3068383657407407 0.61975 0.3174955601851852 0.619 0.3277087037037037 0.6155 0.33170515046296295 0.613 0.3348135 0.60775 0.3352575486111111 0.6020000000000001 0.32904085185185183 0.5942500000000001 0.3210479583333334 0.59025 0.30728241666666667 0.58925 0.3001776203703703 0.59 0.291296625 0.593 0.28507992824074074 0.5985 0.2837477800925926 0.6015 0.28507992824074074 0.6097499999999999 0.28774422685185186 0.614 0.2939609236111111 0.6174999999999999
13 0.5048845462962963 0.621 0.5142095925925926 0.6195 0.520870337962963 0.6162500000000001 0.5244227361111111 0.6122500000000001 0.5253108356481482 0.60575 0.5239786851851852 0.60175 0.520870337962963 0.597 0.5128774421296296 0.59225 0.5026642986111112 0.59075 0.48978685648148146 0.59175 0.4853463587962963 0.59375 0.4782415625 0.603 0.47779751388888886 0.6104999999999999 0.48001776157407405 0.6160000000000001 0.4915630555555556 0.62025 0.5048845462962963 0.621