5 0.6666666666666666 0.31712962962962965 0.6782407407407407 0.32175925925925924 0.6921296296296297 0.3333333333333333 0.6967592592592593 0.3425925925925926 0.6967592592592593 0.3587962962962963 0.6944444444444444 0.36342592592592593 0.6736111111111112 0.3819444444444444 0.6689814814814815 0.3819444444444444 0.6504629629629629 0.3912037037037037 0.6388888888888888 0.3912037037037037 0.6365740740740741 0.39351851851851855 0.6087962962962963 0.39351851851851855 0.6064814814814815 0.3958333333333333 0.6041666666666666 0.39351851851851855 0.5925925925925926 0.39351851851851855 0.5879629629629629 0.39814814814814814 0.5879629629629629 0.4212962962962963 0.5856481481481481 0.42592592592592593 0.5671296296296297 0.44212962962962965 0.5486111111111112 0.44907407407407407 0.5300925925925926 0.4513888888888889 0.5277777777777778 0.4537037037037037 0.5115740740740741 0.4537037037037037 0.5092592592592593 0.4513888888888889 0.48842592592592593 0.4537037037037037 0.4861111111111111 0.45601851851851855 0.4861111111111111 0.4652777777777778 0.48148148148148145 0.4722222222222222 0.44675925925925924 0.4722222222222222 0.44212962962962965 0.4675925925925926 0.4444444444444444 0.4583333333333333 0.4398148148148148 0.4513888888888889 0.4351851851851852 0.4537037037037037 0.43287037037037035 0.4513888888888889 0.4097222222222222 0.4513888888888889 0.4074074074074074 0.4537037037037037 0.3958333333333333 0.45601851851851855 0.3819444444444444 0.4722222222222222 0.3680555555555556 0.4722222222222222 0.36574074074074076 0.47453703703703703 0.36342592592592593 0.4722222222222222 0.3541666666666667 0.4722222222222222 0.35185185185185186 0.47453703703703703 0.3402777777777778 0.4699074074074074 0.3402777777777778 0.4652777777777778 0.3449074074074074 0.45601851851851855 0.3541666666666667 0.44675925925925924 0.36574074074074076 0.44212962962962965 0.37037037037037035 0.4375 0.3773148148148148 0.4375 0.3888888888888889 0.43287037037037035 0.41203703703703703 0.43287037037037035 0.41435185185185186 0.4305555555555556 0.42824074074074076 0.4305555555555556 0.43287037037037035 0.43287037037037035 0.4351851851851852 0.4305555555555556 0.44212962962962965 0.4305555555555556 0.4444444444444444 0.42824074074074076 0.44212962962962965 0.41203703703703703 0.4444444444444444 0.4097222222222222 0.44675925925925924 0.39814814814814814 0.4583333333333333 0.38657407407407407 0.48148148148148145 0.375 0.5092592592592593 0.3726851851851852 0.5115740740740741 0.37037037037037035 0.5138888888888888 0.3726851851851852 0.5300925925925926 0.3726851851851852 0.5324074074074074 0.37037037037037035 0.5439814814814815 0.3726851851851852 0.5486111111111112 0.3680555555555556 0.5509259259259259 0.3449074074074074 0.5578703703703703 0.3333333333333333 0.5671296296296297 0.32407407407407407 0.5879629629629629 0.3148148148148148 0.5925925925925926 0.3148148148148148 0.5949074074074074 0.3125 0.6064814814814815 0.3125 0.6087962962962963 0.3101851851851852 0.6435185185185185 0.3101851851851852 0.6458333333333334 0.3125 0.6550925925925926 0.3125 0.6643518518518519 0.31712962962962965
5 0.43653419212962963 0.56078375 0.43562388888888887 0.56078375 0.43562388888888887 0.5608212499999999 0.43653419212962963 0.5608212499999999 0.43653419212962963 0.56078375
6 0.4861111111111111 0.47453703703703703 0.4861111111111111 0.4837962962962963 0.4837962962962963 0.48842592592592593 0.4722222222222222 0.5 0.46064814814814814 0.5069444444444444 0.45601851851851855 0.5069444444444444 0.4398148148148148 0.5138888888888888 0.3888888888888889 0.5162037037037037 0.38657407407407407 0.5185185185185185 0.38657407407407407 0.5370370370370371 0.3888888888888889 0.5393518518518519 0.3888888888888889 0.5486111111111112 0.3912037037037037 0.5509259259259259 0.4375 0.5509259259259259 0.4398148148148148 0.5532407407407407 0.45601851851851855 0.5555555555555556 0.47453703703703703 0.5648148148148148 0.4861111111111111 0.5763888888888888 0.48842592592592593 0.5810185185185185 0.48842592592592593 0.5925925925925926 0.4513888888888889 0.5925925925925926 0.44675925925925924 0.5902777777777778 0.44675925925925924 0.5879629629629629 0.4351851851851852 0.5763888888888888 0.42824074074074076 0.5763888888888888 0.42592592592592593 0.5740740740740741 0.3912037037037037 0.5740740740740741 0.3888888888888889 0.5763888888888888 0.3888888888888889 0.5902777777777778 0.38425925925925924 0.5925925925925926 0.34953703703703703 0.5925925925925926 0.3472222222222222 0.5902777777777778 0.3472222222222222 0.5787037037037037 0.3425925925925926 0.5740740740740741 0.29398148148148145 0.5740740740740741 0.2916666666666667 0.5717592592592593 0.2824074074074074 0.5717592592592593 0.25925925925925924 0.5625 0.2523148148148148 0.5578703703703703 0.24074074074074073 0.5439814814814815 0.24074074074074073 0.5277777777777778 0.24537037037037038 0.5185185185185185 0.2523148148148148 0.5115740740740741 0.27546296296296297 0.5 0.2824074074074074 0.5 0.29398148148148145 0.49537037037037035 0.33101851851851855 0.49537037037037035 0.3333333333333333 0.4930555555555556 0.3425925925925926 0.4930555555555556 0.3449074074074074 0.49074074074074076 0.3449074074074074 0.4861111111111111 0.3425925925925926 0.4837962962962963 0.3449074074074074 0.48148148148148145 0.3449074074074074 0.47685185185185186 0.38425925925925924 0.47685185185185186 0.38657407407407407 0.4791666666666667 0.38425925925925924 0.49074074074074076 0.3888888888888889 0.49537037037037035 0.4212962962962963 0.49537037037037035 0.4398148148148148 0.48842592592592593 0.44675925925925924 0.48148148148148145 0.44675925925925924 0.47685185185185186 0.45601851851851855 0.47685185185185186 0.4583333333333333 0.47453703703703703 0.4837962962962963 0.47453703703703703
11 0.017761988425925926 0.16724999999999998 0.023090585648148147 0.17975 0.022646537037037034 0.1825 0.03197158101851852 0.1925 0.03596802777777778 0.20425000000000001 0.03419182870370371 0.21325 0.025754884259259262 0.21675 0.02531083564814815 0.23149999999999998 0.0266429837962963 0.244 0.02841918287037037 0.24685 0.02841918287037037 0.28275 0.03108348148148148 0.28675 0.02975133101851852 0.29675 0.03152753009259259 0.309125 0.030639430555555555 0.33725 0.03774422685185185 0.47185 0.03907637731481481 0.5367500000000001 0.043516875 0.59 0.043516875 0.6164999999999999 0.04618117129629629 0.6345 0.04973356944444445 0.6425 0.058614564814814814 0.65125 0.06927175925925926 0.6582499999999999 0.09502664351851851 0.6675 0.12211367592592592 0.6695 0.18516873842592593 0.66975 0.23579040740740742 0.66875 0.24378330324074074 0.6675 0.2482238009259259 0.66825 0.30728241666666667 0.66825 0.3134991111111111 0.66675 0.33259325 0.66725 0.3370337476851852 0.66825 0.5888099467592592 0.66675 0.6132326828703704 0.6659999999999999 0.6309946712962963 0.664 0.6514209583333334 0.6645000000000001 0.6611900532407406 0.6619999999999999 0.6705150972222222 0.6637500000000001 0.6793960925925927 0.6635 0.6856127893518519 0.6615 0.6922735347222222 0.66175 0.6976021319444444 0.66325 0.8752220254629629 0.6625 0.9031971574074075 0.66125 0.9085257546296297 0.66025 0.9147424513888889 0.661 0.918294849537037 0.65925 0.9285079930555555 0.6595 0.9325044398148149 0.6615 0.9369449375000001 0.66 0.956483125 0.66 0.9884547060185185 0.64825 0.9942273541666666 0.644 0.9968916527777778 0.62925 0.999555951388889 0.6269999999999999 0.999555951388889 0.21575 0.9897868564814815 0.21175 0.9906749560185185 0.20850000000000002 0.9955595023148148 0.2065 0.9875666064814815 0.2 0.9893428055555555 0.18175000000000002 0.9853463587962963 0.17975 0.9866785069444445 0.17525 0.9849023101851851 0.17275 0.9893428055555555 0.1615 0.9884547060185185 0.15725 0.9933392546296297 0.15725 0.9946714027777778 0.15849999999999997 0.9964476018518519 0.1515 0.9964476018518519 0.1285 0.9933392546296297 0.1255 0.9911190046296297 0.125 0.9893428055555555 0.126 0.9844582592592593 0.124125 0.9831261111111111 0.12225 0.9253996458333333 0.11624999999999999 0.9236234467592593 0.11825000000000001 0.9160745995370371 0.11825000000000001 0.9138543518518518 0.12075000000000001 0.9085257546296297 0.1225 0.8987566597222222 0.11775000000000001 0.8978685601851851 0.11574999999999999 0.8898756666666666 0.11624999999999999 0.8894316157407408 0.11699999999999999 0.8841030185185185 0.11574999999999999 0.8552397870370371 0.11574999999999999 0.8419182939814815 0.116 0.8392539953703704 0.118 0.8268206041666667 0.11925 0.8210479583333333 0.118 0.7619893425925925 0.11825000000000001 0.7375666064814815 0.11950000000000001 0.7215808171296296 0.11875 0.7171403194444445 0.12000000000000001 0.7131438726851852 0.1185 0.7033747777777778 0.11925 0.6745115462962963 0.11925 0.6718472476851851 0.1185 0.6492007106481481 0.11950000000000001 0.623001775462963 0.11925 0.37966252314814813 0.124 0.37166962731481484 0.12625 0.36545293055555556 0.12575 0.3627886319444445 0.127 0.35257548842592595 0.12425 0.31039076388888887 0.124 0.1989342800925926 0.126 0.19360568287037036 0.12725 0.1700710486111111 0.1265 0.1620781527777778 0.12825 0.14209591435185184 0.12875 0.11589698148148148 0.1275 0.10790408564814814 0.1285 0.025754884259259262 0.12925 0.016429840277777778 0.135 0.01598578935185185 0.13749999999999998 0.01820603935185185 0.141 0.01598578935185185 0.153 0.017761988425925926 0.16724999999999998
12 1 0.10496625 0.006749555555555556 0.10496625 0.006749555555555556 0.19605874999999998 1 0.19605874999999998 1 0.10496625
13 0.39742451157407405 0.253 0.41785079861111113 0.2525 0.4227353472222222 0.25025000000000003 0.4311722916666667 0.24225 0.4293960925925926 0.23 0.42406749537037036 0.22525 0.4116341041666666 0.22075 0.4031971574074074 0.22025 0.3903197152777778 0.223 0.38321491898148147 0.22675 0.37833037268518516 0.23249999999999998 0.37833037268518516 0.241 0.38321491898148147 0.24675 0.3880994675925926 0.24975 0.39742451157407405 0.253
13 0.6056838356481481 0.24875 0.6105683842592592 0.248 0.6158969814814815 0.24975 0.623001775462963 0.25 0.6363232685185186 0.2445 0.6425399652777778 0.23775 0.6429840138888889 0.23 0.6412078148148148 0.2265 0.6332149189814814 0.22099999999999997 0.6234458263888889 0.218 0.6123445833333334 0.218 0.5999111898148148 0.22099999999999997 0.5932504444444445 0.22575 0.5901420949074074 0.23049999999999998 0.5896980462962963 0.23825000000000002 0.5914742453703704 0.24125 0.5954706921296297 0.24475 0.6056838356481481 0.24875
13 0.7144760208333333 0.3065 0.7264653634259259 0.30775 0.7340142106481481 0.307 0.7411190046296297 0.30474999999999997 0.749555951388889 0.297 0.75 0.289 0.7473357013888888 0.28275 0.7415630555555555 0.27875 0.7309058611111111 0.2755 0.7229129652777778 0.27525 0.7091474236111112 0.278 0.7020426296296297 0.28225 0.6976021319444444 0.28875 0.6980461805555556 0.29550000000000004 0.7029307291666667 0.30174999999999996 0.7091474236111112 0.30524999999999997 0.7144760208333333 0.3065
13 0.29751332175925926 0.3145 0.31039076388888887 0.3145 0.3206039074074074 0.31174999999999997 0.32904085185185183 0.305 0.3303730023148148 0.2965 0.3277087037037037 0.29025 0.3241563055555556 0.28625 0.31394316203703704 0.282 0.3028419189814815 0.28075 0.28907637731481484 0.28275 0.2810834814814815 0.2865 0.27575488425925926 0.293 0.2753108356481481 0.30124999999999996 0.2784191828703704 0.3065 0.2864120787037037 0.31150000000000005 0.29751332175925926 0.3145
13 0.5093250439814815 0.311 0.5182060393518518 0.31125 0.5324156296296296 0.30775 0.5368561273148148 0.30425 0.5390763773148148 0.297 0.5373001782407407 0.28875 0.5315275300925926 0.28275 0.5222024861111111 0.279 0.5084369444444444 0.27849999999999997 0.49866785185185186 0.2805 0.49111900462962965 0.28500000000000003 0.48623445833333334 0.29200000000000004 0.4866785069444444 0.3 0.4915630555555556 0.30575 0.4968916527777778 0.3085 0.5093250439814815 0.311
13 0.8219360578703703 0.366 0.8299289513888889 0.36700000000000005 0.8383658958333333 0.36675 0.8516873888888888 0.36325 0.8601243333333334 0.35575 0.8610124328703704 0.35100000000000003 0.8579040856481482 0.34225 0.8521314398148149 0.337 0.8450266435185185 0.33475 0.8263765532407407 0.3335 0.8174955601851851 0.335 0.812166962962963 0.3375 0.8055062175925926 0.345 0.8037300185185186 0.349 0.8046181180555556 0.35325 0.810390763888889 0.36275 0.8219360578703703 0.366
13 0.6301065717592592 0.368 0.6398756666666666 0.36625 0.646980462962963 0.3615 0.6505328587962963 0.35575 0.6492007106481481 0.34875 0.6474245115740741 0.34425 0.6403197152777778 0.34025 0.6363232685185186 0.34025 0.623001775462963 0.33675 0.6127886319444444 0.3375 0.6092362337962962 0.33949999999999997 0.6021314398148149 0.341 0.5945825925925926 0.3455 0.5941385439814815 0.35650000000000004 0.5999111898148148 0.366 0.6119005324074074 0.368 0.6301065717592592 0.368
13 0.41341030092592596 0.37375 0.4289520416666666 0.37 0.43738898842592594 0.36525 0.43960923611111113 0.35725 0.4356127893518518 0.34775 0.4271758425925926 0.34175 0.41829484953703705 0.33925000000000005 0.41030195370370365 0.3385 0.39920071064814816 0.341 0.3898756666666667 0.34525 0.38321491898148147 0.352 0.38277087037037033 0.36024999999999996 0.3849911180555555 0.36424999999999996 0.39742451157407405 0.37225 0.41341030092592596 0.37375
13 0.18650088888888888 0.37424999999999997 0.19227353472222222 0.37599999999999995 0.19982237962962962 0.3765 0.2113676736111111 0.37424999999999997 0.2184724699074074 0.3715 0.22646536342592594 0.3665 0.2277975138888889 0.35800000000000004 0.22468916435185185 0.35150000000000003 0.2162522199074074 0.345 0.206483125 0.3425 0.1993783310185185 0.342 0.18250443981481482 0.34675 0.17451154629629628 0.35225 0.1727353472222222 0.3555 0.1727353472222222 0.3625 0.17539964583333334 0.3665 0.17850799305555556 0.36975 0.18650088888888888 0.37424999999999997
13 0.3037300185185185 0.4335 0.31305506250000004 0.43374999999999997 0.3241563055555556 0.4315 0.3348135 0.425 0.33880994675925924 0.4195 0.3383658958333334 0.415 0.3348135 0.40850000000000003 0.33081705092592595 0.40775 0.3237122546296296 0.40325 0.31394316203703704 0.40075 0.29973356944444446 0.4015 0.28907637731481484 0.40575 0.2824156296296296 0.41175 0.2815275300925926 0.41925 0.2864120787037037 0.42624999999999996 0.29662522222222226 0.432 0.3037300185185185 0.4335
13 0.5013321481481482 0.42775 0.5071047962962963 0.42875 0.5248667847222221 0.42875 0.5359680277777777 0.4255 0.541296625 0.42175 0.5430728240740741 0.41774999999999995 0.5399644768518519 0.408 0.5364120787037037 0.40399999999999997 0.5257548842592593 0.39975 0.5128774421296296 0.3995 0.5013321481481482 0.4015 0.49378330324074077 0.4045 0.48978685648148146 0.411 0.4884547060185185 0.41475 0.4902309050925926 0.41925 0.4977797523148148 0.4265 0.5013321481481482 0.42775
13 0.7211367662037037 0.42624999999999996 0.7295737129629629 0.42674999999999996 0.7411190046296297 0.4255 0.7486678518518518 0.42124999999999996 0.7544404976851852 0.41424999999999995 0.7539964467592593 0.40775 0.75 0.40275 0.7406749560185185 0.39699999999999996 0.7304618125 0.39525 0.7162522199074074 0.39575 0.7126998217592593 0.39675 0.7038188287037037 0.40249999999999997 0.7002664305555556 0.40875 0.7007104791666667 0.41675 0.7029307291666667 0.42075 0.7131438726851852 0.42474999999999996 0.7211367662037037 0.42624999999999996
13 0.8370337476851851 0.4855 0.8419182939814815 0.48524999999999996 0.8543516875 0.48125 0.8610124328703704 0.47725 0.8641207824074074 0.47075 0.8619005324074074 0.4635 0.8556838356481481 0.45799999999999996 0.8490230902777779 0.455 0.8388099467592594 0.45375000000000004 0.8201598587962963 0.4555 0.8143872106481481 0.45799999999999996 0.8086145648148148 0.46649999999999997 0.8086145648148148 0.47324999999999995 0.812166962962963 0.47800000000000004 0.8174955601851851 0.481 0.8370337476851851 0.4855
13 0.6163410300925926 0.48724999999999996 0.6309946712962963 0.488 0.6354351689814814 0.487 0.6456483125 0.48275 0.6500888101851852 0.47800000000000004 0.6505328587962963 0.4705 0.646980462962963 0.464 0.6434280648148147 0.46075000000000005 0.6336589699074074 0.45725000000000005 0.626998224537037 0.45625 0.6127886319444444 0.457 0.6056838356481481 0.45949999999999996 0.6021314398148149 0.462 0.5959147430555555 0.46950000000000003 0.5954706921296297 0.47425 0.6016873888888888 0.48125 0.6056838356481481 0.48425 0.6163410300925926 0.48724999999999996
13 0.4031971574074074 0.48924999999999996 0.4107460046296296 0.49074999999999996 0.4249555949074074 0.491 0.4320603912037037 0.48874999999999996 0.43738898842592594 0.4845 0.4409413865740741 0.47775 0.4409413865740741 0.47324999999999995 0.440053287037037 0.47025 0.43383659027777777 0.46325 0.43072824074074073 0.46175 0.4169626990740741 0.45949999999999996 0.4005328587962963 0.46075000000000005 0.39520426388888885 0.46275 0.3885435162037037 0.47 0.3880994675925926 0.47775 0.3894316157407407 0.48024999999999995 0.39387211342592593 0.48500000000000004 0.4031971574074074 0.48924999999999996
13 0.2135879212962963 0.493 0.22335701620370368 0.49125 0.23001776157407405 0.488 0.2353463587962963 0.48075 0.2353463587962963 0.47375 0.23134991203703703 0.46825 0.22468916435185185 0.464 0.2135879212962963 0.46099999999999997 0.20248667824074074 0.46099999999999997 0.18916518750000003 0.4635 0.18428063888888888 0.46625 0.1793960925925926 0.47275 0.18028419212962965 0.4805 0.18561278935185185 0.48850000000000005 0.1989342800925926 0.49224999999999997 0.2135879212962963 0.493
13 0.31305506250000004 0.5505 0.3312611018518518 0.549 0.3348135 0.5475 0.3392539953703704 0.5395 0.33969804629629635 0.53125 0.33658969907407404 0.5245 0.3303730023148148 0.52 0.30728241666666667 0.5187499999999999 0.3001776203703703 0.5195 0.2895204259259259 0.524 0.2859680277777778 0.53025 0.2873001782407407 0.53925 0.290408525462963 0.54325 0.2961811712962963 0.54725 0.31305506250000004 0.5505
13 0.5155417407407408 0.54725 0.5230905856481481 0.5475 0.5359680277777777 0.54525 0.5470692708333333 0.5387500000000001 0.5488454699074075 0.5335 0.5479573703703703 0.5275 0.5430728240740741 0.52225 0.5328596805555555 0.517 0.5213143865740741 0.51575 0.5119893425925925 0.51625 0.49822380092592594 0.5225 0.49422735416666663 0.528 0.49378330324074077 0.533 0.4977797523148148 0.5385 0.5053285972222222 0.544 0.5155417407407408 0.54725
13 0.7269094143518517 0.54475 0.7424511550925926 0.54425 0.7562166967592593 0.53625 0.7579928958333333 0.528 0.7553285972222222 0.5215000000000001 0.751776199074074 0.5185 0.7411190046296297 0.51475 0.7304618125 0.513 0.7233570162037037 0.5135 0.7175843703703704 0.51475 0.7051509768518519 0.5225 0.7029307291666667 0.52675 0.7060390763888889 0.535 0.7202486689814814 0.5435 0.7269094143518517 0.54475
13 0.4027531087962963 0.60575 0.4116341041666666 0.6082500000000001 0.42406749537037036 0.61 0.4365008888888889 0.60725 0.44538188194444445 0.6022500000000001 0.44804618055555556 0.59625 0.4476021319444445 0.5912499999999999 0.44049733564814814 0.5815 0.43339253935185185 0.578 0.42140319675925925 0.57575 0.40630550694444445 0.5770000000000001 0.39698046296296297 0.581 0.3925399652777778 0.587 0.39209591435185187 0.592 0.39431616435185185 0.598 0.39698046296296297 0.6022500000000001 0.4027531087962963 0.60575
13 0.6225577268518518 0.605 0.6403197152777778 0.605 0.6478685601851851 0.6020000000000001 0.6540852569444445 0.5954999999999999 0.6549733564814815 0.587 0.6531971574074075 0.58275 0.6460923634259259 0.5775 0.6380994675925926 0.574 0.6234458263888889 0.5722499999999999 0.6158969814814815 0.5735 0.6043516875 0.58 0.6012433402777778 0.58525 0.6012433402777778 0.59225 0.6043516875 0.59725 0.6132326828703704 0.6024999999999999 0.6225577268518518 0.605