5 0.5902777777777778 0.2800925925925926 0.5925925925925926 0.2824074074074074 0.6157407407407407 0.2847222222222222 0.6180555555555556 0.28703703703703703 0.6296296296296297 0.28935185185185186 0.6342592592592593 0.29398148148148145 0.6388888888888888 0.29398148148148145 0.6527777777777778 0.3125 0.6527777777777778 0.3194444444444444 0.6550925925925926 0.32175925925925924 0.6527777777777778 0.32407407407407407 0.6527777777777778 0.3333333333333333 0.6574074074074074 0.33796296296296297 0.6712962962962963 0.33796296296296297 0.6736111111111112 0.3402777777777778 0.6805555555555556 0.3402777777777778 0.6828703703703703 0.33796296296296297 0.6851851851851852 0.3402777777777778 0.7060185185185185 0.3402777777777778 0.7083333333333334 0.3425925925925926 0.7152777777777778 0.3425925925925926 0.7384259259259259 0.3541666666666667 0.7453703703703703 0.3611111111111111 0.75 0.37037037037037035 0.75 0.3958333333333333 0.7523148148148148 0.39814814814814814 0.7986111111111112 0.39814814814814814 0.8009259259259259 0.40046296296296297 0.8171296296296297 0.4027777777777778 0.8217592592592593 0.4074074074074074 0.8333333333333334 0.41203703703703703 0.8402777777777778 0.41898148148148145 0.8449074074074074 0.42824074074074076 0.8449074074074074 0.4305555555555556 0.8379629629629629 0.4351851851851852 0.8333333333333334 0.4351851851851852 0.8310185185185185 0.43287037037037035 0.8240740740740741 0.43287037037037035 0.8217592592592593 0.4351851851851852 0.8194444444444444 0.43287037037037035 0.8032407407407407 0.43287037037037035 0.8009259259259259 0.4305555555555556 0.8009259259259259 0.42592592592592593 0.7962962962962963 0.4212962962962963 0.7847222222222222 0.4166666666666667 0.75 0.4166666666666667 0.7476851851851852 0.41898148148148145 0.7476851851851852 0.42824074074074076 0.7430555555555556 0.4351851851851852 0.7083333333333334 0.4351851851851852 0.7060185185185185 0.43287037037037035 0.7060185185185185 0.4166666666666667 0.7037037037037037 0.41435185185185186 0.6967592592592593 0.41435185185185186 0.6944444444444444 0.4166666666666667 0.6666666666666666 0.4166666666666667 0.6643518518518519 0.41435185185185186 0.6458333333333334 0.41203703703703703 0.6203703703703703 0.39814814814814814 0.6111111111111112 0.38425925925925924 0.6111111111111112 0.3611111111111111 0.6087962962962963 0.3587962962962963 0.5740740740740741 0.3611111111111111 0.5717592592592593 0.3587962962962963 0.5509259259259259 0.35648148148148145 0.5370370370370371 0.34953703703703703 0.5231481481481481 0.3402777777777778 0.5162037037037037 0.3263888888888889 0.5162037037037037 0.3194444444444444 0.5231481481481481 0.30324074074074076 0.5347222222222222 0.29398148148148145 0.5486111111111112 0.28703703703703703 0.5625 0.2847222222222222 0.5648148148148148 0.2824074074074074 0.5879629629629629 0.2800925925925926
4 0.4050925925925926 0.2800925925925926 0.4375 0.2916666666666667 0.4513888888888889 0.3055555555555556 0.4513888888888889 0.3101851851851852 0.4537037037037037 0.3125 0.4537037037037037 0.33101851851851855 0.4583333333333333 0.33796296296296297 0.49074074074074076 0.33796296296296297 0.4930555555555556 0.3402777777777778 0.5092592592592593 0.3402777777777778 0.5324074074074074 0.34953703703703703 0.5439814814814815 0.3611111111111111 0.5486111111111112 0.37037037037037035 0.5486111111111112 0.375 0.5277777777777778 0.375 0.5254629629629629 0.3773148148148148 0.5162037037037037 0.3773148148148148 0.4976851851851852 0.3611111111111111 0.48842592592592593 0.3611111111111111 0.4861111111111111 0.3587962962962963 0.4583333333333333 0.3587962962962963 0.4537037037037037 0.36342592592592593 0.4537037037037037 0.3726851851851852 0.4513888888888889 0.375 0.4166666666666667 0.375 0.41435185185185186 0.37037037037037035 0.41435185185185186 0.3611111111111111 0.41203703703703703 0.3587962962962963 0.3587962962962963 0.3587962962962963 0.35648148148148145 0.3611111111111111 0.35648148148148145 0.3726851851851852 0.3541666666666667 0.375 0.3449074074074074 0.375 0.3425925925925926 0.3726851851851852 0.3402777777777778 0.375 0.33564814814814814 0.3726851851851852 0.3333333333333333 0.375 0.32175925925925924 0.375 0.31712962962962965 0.3726851851851852 0.31712962962962965 0.3680555555555556 0.3148148148148148 0.36574074074074076 0.31712962962962965 0.3611111111111111 0.3125 0.35648148148148145 0.2824074074074074 0.35648148148148145 0.2800925925925926 0.3587962962962963 0.27314814814814814 0.3587962962962963 0.25462962962962965 0.375 0.2523148148148148 0.3726851851851852 0.2199074074074074 0.3726851851851852 0.2199074074074074 0.36342592592592593 0.2222222222222222 0.3587962962962963 0.23148148148148148 0.34953703703703703 0.24768518518518517 0.3402777777777778 0.2662037037037037 0.33796296296296297 0.26851851851851855 0.33564814814814814 0.3148148148148148 0.33564814814814814 0.31712962962962965 0.3333333333333333 0.31712962962962965 0.3148148148148148 0.3194444444444444 0.3125 0.3194444444444444 0.30787037037037035 0.32175925925925924 0.30324074074074076 0.33796296296296297 0.28935185185185186 0.36342592592592593 0.2800925925925926 0.4027777777777778 0.2800925925925926
1 0.5995370370370371 0.3958333333333333 0.6018518518518519 0.39814814814814814 0.6111111111111112 0.39814814814814814 0.6134259259259259 0.40046296296296297 0.625 0.4027777777777778 0.6435185185185185 0.41435185185185186 0.6504629629629629 0.43287037037037035 0.6481481481481481 0.4351851851851852 0.6481481481481481 0.4444444444444444 0.6504629629629629 0.44907407407407407 0.6527777777777778 0.4513888888888889 0.6620370370370371 0.4513888888888889 0.6643518518518519 0.4537037037037037 0.6666666666666666 0.4513888888888889 0.6828703703703703 0.4513888888888889 0.6851851851851852 0.4537037037037037 0.7013888888888888 0.4513888888888889 0.7060185185185185 0.44675925925925924 0.7037037037037037 0.4444444444444444 0.7060185185185185 0.4351851851851852 0.7384259259259259 0.4351851851851852 0.7407407407407407 0.4375 0.7476851851851852 0.4375 0.7476851851851852 0.44907407407407407 0.7523148148148148 0.4537037037037037 0.7824074074074074 0.4537037037037037 0.7847222222222222 0.4513888888888889 0.7893518518518519 0.4513888888888889 0.8032407407407407 0.4375 0.8449074074074074 0.4375 0.8449074074074074 0.4444444444444444 0.8356481481481481 0.45601851851851855 0.8217592592592593 0.4652777777777778 0.8171296296296297 0.4652777777777778 0.8101851851851852 0.4699074074074074 0.8009259259259259 0.4699074074074074 0.7986111111111112 0.4722222222222222 0.7569444444444444 0.4722222222222222 0.7546296296296297 0.47453703703703703 0.7523148148148148 0.4722222222222222 0.7476851851851852 0.4722222222222222 0.7453703703703703 0.47453703703703703 0.7453703703703703 0.4837962962962963 0.7430555555555556 0.4861111111111111 0.7430555555555556 0.4976851851851852 0.7407407407407407 0.5023148148148148 0.7291666666666666 0.5138888888888888 0.7152777777777778 0.5208333333333334 0.7013888888888888 0.5231481481481481 0.6990740740740741 0.5254629629629629 0.6550925925925926 0.5254629629629629 0.6527777777777778 0.5231481481481481 0.6458333333333334 0.5231481481481481 0.6435185185185185 0.5208333333333334 0.6319444444444444 0.5185185185185185 0.6273148148148148 0.5138888888888888 0.6203703703703703 0.5115740740740741 0.6111111111111112 0.5023148148148148 0.6064814814814815 0.49074074074074076 0.6064814814814815 0.4791666666666667 0.6087962962962963 0.47685185185185186 0.6018518518518519 0.4699074074074074 0.5810185185185185 0.4699074074074074 0.5810185185185185 0.4513888888888889 0.5833333333333334 0.44907407407407407 0.6041666666666666 0.4513888888888889 0.6111111111111112 0.44212962962962965 0.6111111111111112 0.4305555555555556 0.6087962962962963 0.42592592592592593 0.5949074074074074 0.4166666666666667 0.5856481481481481 0.4166666666666667 0.5833333333333334 0.41435185185185186 0.5833333333333334 0.39814814814814814 0.5856481481481481 0.3958333333333333 0.5972222222222222 0.3958333333333333
10 0.41898148148148145 0.3773148148148148 0.42592592592592593 0.3773148148148148 0.42824074074074076 0.375 0.45601851851851855 0.3773148148148148 0.4583333333333333 0.38425925925925924 0.4652777777777778 0.3912037037037037 0.48148148148148145 0.39814814814814814 0.4861111111111111 0.3958333333333333 0.5115740740740741 0.3958333333333333 0.5138888888888888 0.39351851851851855 0.5138888888888888 0.37962962962962965 0.5208333333333334 0.37962962962962965 0.5231481481481481 0.3773148148148148 0.5462962962962963 0.3773148148148148 0.5509259259259259 0.37962962962962965 0.5509259259259259 0.39351851851851855 0.5532407407407407 0.3958333333333333 0.5763888888888888 0.3958333333333333 0.5810185185185185 0.39814814814814814 0.5810185185185185 0.41435185185185186 0.5787037037037037 0.4166666666666667 0.5578703703703703 0.4166666666666667 0.5532407407407407 0.41435185185185186 0.5509259259259259 0.4166666666666667 0.5509259259259259 0.43287037037037035 0.5486111111111112 0.4351851851851852 0.5486111111111112 0.44907407407407407 0.5532407407407407 0.4537037037037037 0.5555555555555556 0.4513888888888889 0.5740740740740741 0.4513888888888889 0.5787037037037037 0.45601851851851855 0.5787037037037037 0.4675925925925926 0.5740740740740741 0.4722222222222222 0.5509259259259259 0.4699074074074074 0.5462962962962963 0.47453703703703703 0.5462962962962963 0.4930555555555556 0.5416666666666666 0.5023148148148148 0.5347222222222222 0.5092592592592593 0.5185185185185185 0.5185185185185185 0.5115740740740741 0.5185185185185185 0.5023148148148148 0.5231481481481481 0.46064814814814814 0.5231481481481481 0.4583333333333333 0.5208333333333334 0.4513888888888889 0.5208333333333334 0.44907407407407407 0.5185185185185185 0.4375 0.5162037037037037 0.4212962962962963 0.5046296296296297 0.41435185185185186 0.4930555555555556 0.41435185185185186 0.48148148148148145 0.4166666666666667 0.47685185185185186 0.42592592592592593 0.4652777777777778 0.43287037037037035 0.46296296296296297 0.4375 0.4583333333333333 0.44212962962962965 0.4583333333333333 0.4513888888888889 0.4537037037037037 0.46064814814814814 0.4537037037037037 0.46296296296296297 0.4513888888888889 0.5092592592592593 0.4513888888888889 0.5115740740740741 0.44907407407407407 0.5115740740740741 0.4375 0.5138888888888888 0.4351851851851852 0.5115740740740741 0.43287037037037035 0.5138888888888888 0.4305555555555556 0.5138888888888888 0.4212962962962963 0.5092592592592593 0.4166666666666667 0.5023148148148148 0.4166666666666667 0.5 0.41435185185185186 0.49537037037037035 0.4166666666666667 0.49074074074074076 0.4166666666666667 0.48842592592592593 0.41435185185185186 0.4791666666666667 0.4166666666666667 0.47685185185185186 0.41435185185185186 0.4652777777777778 0.41435185185185186 0.46296296296296297 0.41203703703703703 0.44907407407407407 0.4097222222222222 0.4351851851851852 0.4027777777777778 0.4212962962962963 0.3888888888888889 0.41898148148148145 0.37962962962962965
6 0.2175925925925926 0.3773148148148148 0.2569444444444444 0.3773148148148148 0.25925925925925924 0.37962962962962965 0.25925925925925924 0.3912037037037037 0.26157407407407407 0.39351851851851855 0.2800925925925926 0.39351851851851855 0.2824074074074074 0.3958333333333333 0.28703703703703703 0.39351851851851855 0.2986111111111111 0.39351851851851855 0.30787037037037035 0.3888888888888889 0.31712962962962965 0.3773148148148148 0.35185185185185186 0.3773148148148148 0.3541666666666667 0.37962962962962965 0.3541666666666667 0.38425925925925924 0.34953703703703703 0.39351851851851855 0.3425925925925926 0.40046296296296297 0.3263888888888889 0.4097222222222222 0.3055555555555556 0.41203703703703703 0.30324074074074076 0.41435185185185186 0.2638888888888889 0.41435185185185186 0.25925925925925924 0.41898148148148145 0.25925925925925924 0.4444444444444444 0.2638888888888889 0.44907407407407407 0.28703703703703703 0.44907407407407407 0.28935185185185186 0.4513888888888889 0.2916666666666667 0.44907407407407407 0.2986111111111111 0.44907407407407407 0.30092592592592593 0.4513888888888889 0.32407407407407407 0.4537037037037037 0.3402777777777778 0.46296296296296297 0.34953703703703703 0.4722222222222222 0.3541666666666667 0.48148148148148145 0.35185185185185186 0.4861111111111111 0.3148148148148148 0.4861111111111111 0.3125 0.48148148148148145 0.30092592592592593 0.4722222222222222 0.2962962962962963 0.4722222222222222 0.29398148148148145 0.4699074074074074 0.2777777777777778 0.4699074074074074 0.27546296296296297 0.4675925925925926 0.27314814814814814 0.4699074074074074 0.26157407407407407 0.4699074074074074 0.25925925925925924 0.4722222222222222 0.25925925925925924 0.4837962962962963 0.2569444444444444 0.4861111111111111 0.2199074074074074 0.4861111111111111 0.2175925925925926 0.4837962962962963 0.2175925925925926 0.4722222222222222 0.21296296296296297 0.4675925925925926 0.1736111111111111 0.4675925925925926 0.1712962962962963 0.4652777777777778 0.1527777777777778 0.46296296296296297 0.13194444444444445 0.4537037037037037 0.11805555555555555 0.4375 0.11805555555555555 0.4212962962962963 0.13194444444444445 0.4050925925925926 0.16435185185185186 0.39351851851851855 0.2152777777777778 0.39351851851851855 0.2175925925925926 0.3912037037037037 0.2175925925925926 0.37962962962962965
7 0.3449074074074074 0.4861111111111111 0.3472222222222222 0.48842592592592593 0.35185185185185186 0.4861111111111111 0.35648148148148145 0.49074074074074076 0.35648148148148145 0.5 0.3611111111111111 0.5046296296296297 0.38425925925925924 0.5046296296296297 0.38657407407407407 0.5069444444444444 0.38657407407407407 0.5208333333333334 0.38425925925925924 0.5231481481481481 0.37962962962962965 0.5254629629629629 0.3611111111111111 0.5254629629629629 0.35648148148148145 0.5300925925925926 0.35648148148148145 0.5555555555555556 0.3587962962962963 0.5578703703703703 0.3819444444444444 0.5555555555555556 0.38657407407407407 0.5601851851851852 0.38657407407407407 0.5717592592592593 0.3819444444444444 0.5787037037037037 0.3587962962962963 0.5787037037037037 0.35648148148148145 0.5810185185185185 0.35648148148148145 0.5995370370370371 0.3541666666666667 0.6041666666666666 0.33796296296296297 0.6203703703703703 0.30787037037037035 0.6319444444444444 0.28703703703703703 0.6319444444444444 0.2847222222222222 0.6296296296296297 0.2847222222222222 0.6203703703703703 0.28935185185185186 0.6111111111111112 0.30787037037037035 0.6087962962962963 0.31712962962962965 0.5995370370370371 0.3194444444444444 0.5949074074074074 0.3194444444444444 0.5833333333333334 0.3148148148148148 0.5787037037037037 0.28935185185185186 0.5787037037037037 0.2847222222222222 0.5717592592592593 0.28935185185185186 0.5601851851851852 0.29398148148148145 0.5578703703703703 0.3148148148148148 0.5578703703703703 0.31712962962962965 0.5555555555555556 0.31712962962962965 0.5277777777777778 0.3125 0.5231481481481481 0.2662037037037037 0.5231481481481481 0.24537037037037038 0.5138888888888888 0.24074074074074073 0.5138888888888888 0.22453703703703703 0.5 0.2199074074074074 0.48842592592592593 0.26157407407407407 0.48842592592592593 0.2708333333333333 0.5 0.2800925925925926 0.5046296296296297 0.3148148148148148 0.5046296296296297 0.31712962962962965 0.5023148148148148 0.31712962962962965 0.48842592592592593 0.3194444444444444 0.4861111111111111 0.32407407407407407 0.48842592592592593 0.33796296296296297 0.48842592592592593 0.3425925925925926 0.4861111111111111
9 0.21064814814814814 0.5046296296296297 0.2175925925925926 0.5092592592592593 0.2222222222222222 0.5092592592592593 0.22685185185185186 0.5138888888888888 0.23148148148148148 0.5138888888888888 0.24537037037037038 0.5208333333333334 0.2569444444444444 0.5324074074074074 0.2569444444444444 0.5578703703703703 0.25925925925925924 0.5601851851851852 0.2847222222222222 0.5601851851851852 0.2824074074074074 0.5648148148148148 0.2824074074074074 0.5787037037037037 0.2638888888888889 0.5787037037037037 0.2523148148148148 0.5833333333333334 0.2523148148148148 0.5949074074074074 0.2662037037037037 0.6087962962962963 0.2777777777777778 0.6087962962962963 0.2824074074074074 0.6111111111111112 0.2824074074074074 0.6296296296296297 0.27314814814814814 0.6342592592592593 0.24768518518518517 0.6296296296296297 0.22685185185185186 0.6203703703703703 0.2175925925925926 0.6111111111111112 0.21296296296296297 0.6018518518518519 0.21296296296296297 0.5833333333333334 0.2152777777777778 0.5810185185185185 0.21296296296296297 0.5787037037037037 0.1736111111111111 0.5787037037037037 0.1712962962962963 0.5763888888888888 0.1527777777777778 0.5740740740740741 0.13194444444444445 0.5648148148148148 0.12037037037037036 0.5532407407407407 0.11805555555555555 0.5486111111111112 0.11805555555555555 0.5347222222222222 0.13425925925925927 0.5162037037037037 0.1388888888888889 0.5162037037037037 0.14351851851851852 0.5115740740740741 0.14814814814814814 0.5115740740740741 0.1574074074074074 0.5069444444444444 0.16666666666666666 0.5069444444444444 0.16898148148148148 0.5046296296296297 0.20833333333333334 0.5046296296296297
11 0.03152753009259259 0.481 0.03330372916666667 0.48374999999999996 0.03197158101851852 0.48675 0.032415629629629635 0.50175 0.03507992824074074 0.50425 0.03330372916666667 0.5085 0.032415629629629635 0.529 0.03419182870370371 0.54475 0.03374778009259259 0.59275 0.035523979166666664 0.6024999999999999 0.03419182870370371 0.6090000000000001 0.03507992824074074 0.6677500000000001 0.03596802777777778 0.68125 0.03863232638888889 0.6892499999999999 0.05373001851851852 0.70175 0.058170516203703705 0.70175 0.06749556018518518 0.7085 0.09502664351851851 0.7142499999999999 0.1092362337962963 0.71475 0.11678508101851852 0.714 0.12255772685185186 0.715 0.15008881018518516 0.71575 0.17539964583333334 0.7142499999999999 0.24733570138888888 0.71625 0.2571047962962963 0.715 0.27797513425925924 0.7167500000000001 0.3157193611111111 0.7170000000000001 0.5217584375 0.7165 0.5328596805555555 0.7174999999999999 0.623001775462963 0.7174999999999999 0.6261101250000001 0.7167500000000001 0.6367673171296296 0.71775 0.831705150462963 0.7174999999999999 0.8592362337962962 0.7167500000000001 0.875666074074074 0.714 0.8814387222222222 0.7112499999999999 0.8903197152777778 0.7095 0.8974245115740741 0.70375 0.9049733564814815 0.7 0.9080817060185185 0.6962499999999999 0.9098579050925926 0.68975 0.9147424513888889 0.68225 0.9125222013888888 0.67575 0.9138543518518518 0.6705 0.916518650462963 0.66825 0.9187388981481481 0.6579999999999999 0.9373889884259259 0.27075 0.9427175833333332 0.262 0.9449378333333334 0.24775000000000003 0.9440497337962962 0.23275 0.9418294837962963 0.22799999999999998 0.9338365902777779 0.22075 0.9293960925925927 0.21924999999999997 0.9178507986111112 0.2205 0.9014209583333334 0.21924999999999997 0.875666074074074 0.22025 0.8698934282407408 0.21924999999999997 0.8179396087962963 0.21875 0.7508880995370371 0.219 0.7477797523148149 0.21975 0.7446714027777778 0.21875 0.6984902314814815 0.219 0.6301065717592592 0.21650000000000003 0.6181172291666667 0.21825000000000003 0.6127886319444444 0.21675 0.6087921851851852 0.21775 0.5994671412037037 0.216 0.2277975138888889 0.21300000000000002 0.22246891666666666 0.21425 0.206483125 0.2135 0.19005328703703703 0.21475000000000002 0.17095914814814817 0.21425 0.16163410416666668 0.21575 0.15408525694444444 0.21475000000000002 0.13721136805555556 0.21675 0.12966252314814813 0.21675 0.12300177546296297 0.21525 0.10746003472222222 0.21525 0.10257548842592591 0.21650000000000003 0.0994671412037037 0.21575 0.08436944907407408 0.21625 0.08037300231481481 0.21775 0.06838365972222221 0.2125 0.0608348125 0.21175 0.03507992824074074 0.21300000000000002 0.029307282407407407 0.2155 0.024866784722222226 0.21975 0.024422736111111114 0.23375 0.021314386574074074 0.24150000000000002 0.02531083564814815 0.2595 0.03152753009259259 0.481
12 0.9670293078703703 0.21136875 0.017260212962962963 0.21136875 0.017260212962962963 0.27791125 0.9670293078703703 0.27791125 0.9670293078703703 0.21136875
13 0.39431616435185185 0.33449999999999996 0.4049733564814815 0.33249999999999996 0.40896980555555557 0.31825000000000003 0.4049733564814815 0.31150000000000005 0.3983126111111111 0.30725 0.3880994675925926 0.3055 0.3730017754629629 0.307 0.36323268287037036 0.31174999999999997 0.35834813425925927 0.31775 0.3587921851851852 0.32899999999999996 0.36722912962962967 0.33299999999999996 0.3730017754629629 0.334 0.39431616435185185 0.33449999999999996
13 0.5741563055555555 0.335 0.5848135 0.33625 0.5990230902777779 0.3355 0.6021314398148149 0.33449999999999996 0.6070159861111111 0.3265 0.6079040856481482 0.32049999999999995 0.6070159861111111 0.31725 0.5990230902777779 0.3105 0.5919182939814815 0.30824999999999997 0.5772646527777778 0.307 0.5639431620370371 0.31024999999999997 0.5568383657407407 0.31725 0.5563943171296296 0.32125 0.559946712962963 0.328 0.5688277083333333 0.33325 0.5741563055555555 0.335
13 0.6802841921296297 0.394 0.7029307291666667 0.39275 0.7055950277777777 0.38375 0.7047069282407408 0.37775 0.7029307291666667 0.37325 0.6940497337962962 0.36724999999999997 0.688277087962963 0.36525 0.6736234467592593 0.364 0.6678507986111112 0.365 0.6571936064814815 0.36924999999999997 0.6540852569444445 0.37274999999999997 0.6540852569444445 0.3805 0.6594138541666666 0.3875 0.6647424513888889 0.39149999999999996 0.6802841921296297 0.394
13 0.4733570162037037 0.39075 0.477353462962963 0.3925 0.49111900462962965 0.39225 0.4977797523148148 0.39075 0.5013321481481482 0.38875 0.5048845462962963 0.38375 0.5066607453703704 0.37525000000000003 0.5022202476851851 0.368 0.49600355324074075 0.36475 0.4849023101851852 0.36325 0.4738010648148148 0.36424999999999996 0.46625221990740745 0.3665 0.458703375 0.37424999999999997 0.458703375 0.38 0.4613676736111111 0.38475 0.4698046180555555 0.3905 0.4733570162037037 0.39075
13 0.2824156296296296 0.3925 0.2930728240740741 0.39199999999999996 0.3001776203703703 0.3905 0.3068383657407407 0.387 0.309946712962963 0.3835 0.312166962962963 0.3765 0.3086145648148148 0.3685 0.3059502662037037 0.366 0.29662522222222226 0.3615 0.2859680277777778 0.36024999999999996 0.27309058564814814 0.36175 0.26865008796296297 0.364 0.26110124305555554 0.373 0.2624333935185185 0.3835 0.26820603935185183 0.38825 0.2744227361111111 0.391 0.2824156296296296 0.3925
13 0.18561278935185185 0.4465 0.19360568287037036 0.4465 0.208703375 0.44375 0.21181172222222222 0.43825000000000003 0.21181172222222222 0.425 0.20781527546296297 0.42 0.20248667824074074 0.41700000000000004 0.19094138657407406 0.41575 0.17850799305555556 0.41625 0.1718472476851852 0.41875 0.16429840046296298 0.42525 0.16341030092592593 0.43324999999999997 0.16829484953703702 0.44 0.1749555949074074 0.444 0.18561278935185185 0.4465
13 0.3743339259259259 0.4465 0.38277087037037033 0.4475 0.39698046296296297 0.447 0.4067495555555556 0.44275 0.41207815277777776 0.43724999999999997 0.41252220138888884 0.4315 0.4080817060185185 0.4245 0.39431616435185185 0.418 0.38321491898148147 0.41750000000000004 0.3730017754629629 0.41900000000000004 0.36545293055555556 0.42250000000000004 0.3610124328703704 0.4285 0.3601243333333333 0.4335 0.3619005324074074 0.43849999999999995 0.36767317824074075 0.44325000000000003 0.3743339259259259 0.4465
13 0.5777087037037036 0.4485 0.5870337476851852 0.44775 0.5976909421296297 0.44325000000000003 0.6007992893518519 0.439 0.6025754884259259 0.43225 0.6003552407407406 0.4275 0.5919182939814815 0.422 0.58259325 0.42025 0.5719360578703704 0.42100000000000004 0.5608348125 0.424 0.5559502662037037 0.4285 0.5559502662037037 0.436 0.559946712962963 0.44225 0.5674955601851852 0.44625 0.5777087037037036 0.4485
13 0.7784191828703704 0.4495 0.7859680277777777 0.448 0.7979573703703703 0.439 0.7997335694444444 0.4355 0.7948490231481481 0.4255 0.7886323263888889 0.4215 0.7828596805555555 0.42 0.7761989351851852 0.42 0.7584369444444445 0.42250000000000004 0.7548845462962963 0.42425 0.7508880995370371 0.42875 0.75 0.436 0.7531083472222222 0.4425 0.7659857893518519 0.44899999999999995 0.7784191828703704 0.4495
13 0.6753996458333333 0.50425 0.6820603912037037 0.503 0.690941386574074 0.49900000000000005 0.6971580810185185 0.49325 0.6984902314814815 0.48874999999999996 0.6976021319444444 0.484 0.6936056828703704 0.47925 0.688277087962963 0.47650000000000003 0.6785079930555555 0.47475 0.6607460046296296 0.47575 0.6531971574074075 0.47825 0.6500888101851852 0.482 0.6518650092592593 0.4945 0.6576376550925926 0.5 0.6651865 0.50325 0.6753996458333333 0.50425
13 0.46936056944444443 0.50075 0.47690941435185186 0.5025000000000001 0.4857904074074074 0.5025000000000001 0.49467140277777777 0.50025 0.5039964467592593 0.49475 0.5066607453703704 0.48975 0.5062166967592593 0.48574999999999996 0.5035523981481481 0.48125 0.49467140277777777 0.47475 0.4844582592592592 0.47300000000000003 0.4702486689814815 0.4735 0.4635879212962963 0.47575 0.45737122453703705 0.4805 0.45515097685185185 0.486 0.45781527546296297 0.494 0.46225577314814814 0.4975 0.46936056944444443 0.50075
13 0.2992895208333333 0.50175 0.3037300185185185 0.50025 0.3086145648148148 0.49424999999999997 0.3112788634259259 0.48425 0.30728241666666667 0.47775 0.30328596759259263 0.47525 0.2961811712962963 0.47275 0.2864120787037037 0.4715 0.27264653703703706 0.47275 0.2646536412037037 0.477 0.26287744212962966 0.48175 0.26376554166666666 0.4925 0.26953818749999997 0.49900000000000005 0.2841918287037037 0.5027499999999999 0.2992895208333333 0.50175
13 0.18827708796296297 0.55575 0.2038188287037037 0.55575 0.21003552314814816 0.55425 0.21269982175925928 0.5505 0.2135879212962963 0.53925 0.2109236226851852 0.53325 0.2055950277777778 0.52925 0.1940497337962963 0.526 0.17673179398148148 0.526 0.16918294907407408 0.5287499999999999 0.16341030092592593 0.5337500000000001 0.1625222013888889 0.5435 0.1678507986111111 0.5499999999999999 0.1749555949074074 0.554 0.18827708796296297 0.55575
13 0.5746003541666667 0.5565 0.5812611018518519 0.5565 0.5914742453703704 0.55425 0.5999111898148148 0.549 0.6012433402777778 0.54425 0.6003552407407406 0.53775 0.5968028425925925 0.53325 0.5879218472222222 0.5287499999999999 0.5785968032407408 0.527 0.5639431620370371 0.52825 0.5559502662037037 0.53275 0.5519538194444444 0.5365 0.5510657199074074 0.54 0.5537300185185186 0.5485 0.5661634097222222 0.5545 0.5746003541666667 0.5565
13 0.7619893425925925 0.55725 0.7673179398148149 0.558 0.7788632337962963 0.55725 0.7859680277777777 0.5549999999999999 0.7930728240740741 0.5499999999999999 0.7966252222222222 0.543 0.792184724537037 0.5355 0.7864120787037037 0.531 0.772646537037037 0.528 0.7597690949074075 0.5285000000000001 0.7464476018518519 0.5355 0.7442273541666666 0.5395 0.7446714027777778 0.547 0.7473357013888888 0.54975 0.7619893425925925 0.55725
13 0.46536412037037034 0.606 0.47690941435185186 0.61 0.4924511550925926 0.6092500000000001 0.49822380092592594 0.60625 0.49955595138888886 0.598 0.5075488449074074 0.5952500000000001 0.5039964467592593 0.58675 0.499111900462963 0.58575 0.49422735416666663 0.5815 0.48978685648148146 0.58025 0.48046181250000003 0.5805 0.4751332152777778 0.5795 0.4666962708333333 0.583 0.46314387268518514 0.58225 0.45515097685185185 0.58975 0.4547069282407407 0.5957499999999999 0.4600355231481481 0.60575 0.46314387268518514 0.6075 0.46536412037037034 0.606
13 0.6425399652777778 0.599 0.6500888101851852 0.60675 0.6647424513888889 0.6122500000000001 0.66740675 0.6115 0.6718472476851851 0.613 0.6785079930555555 0.61175 0.6922735347222222 0.60575 0.6962699814814814 0.6024999999999999 0.6980461805555556 0.59275 0.6962699814814814 0.5882499999999999 0.690941386574074 0.585 0.6891651875 0.5812499999999999 0.6851687384259258 0.58225 0.6833925393518518 0.58075 0.6718472476851851 0.57775 0.6629662523148149 0.5805 0.646980462962963 0.58075 0.6460923634259259 0.5815 0.6496447592592594 0.585 0.6420959143518518 0.5885 0.6447602129629629 0.59275 0.6425399652777778 0.599
13 0.27220248611111114 0.60725 0.28774422685185186 0.6104999999999999 0.29662522222222226 0.6082500000000001 0.30461811805555555 0.6075 0.30950266435185186 0.604 0.31172291203703706 0.598 0.31039076388888887 0.589 0.30950266435185186 0.58675 0.30417406712962963 0.583 0.28552397916666666 0.5805 0.2717584375 0.583 0.26287744212962966 0.58875 0.26110124305555554 0.5910000000000001 0.26110124305555554 0.59925 0.26598578935185185 0.60425 0.27220248611111114 0.60725
13 0.3787744236111111 0.663 0.3912078148148148 0.66325 0.3978685601851852 0.6615 0.4049733564814815 0.6579999999999999 0.4080817060185185 0.6525 0.4076376550925926 0.64125 0.3978685601851852 0.63575 0.3894316157407407 0.6332500000000001 0.38365896990740744 0.63225 0.3730017754629629 0.6332500000000001 0.36323268287037036 0.6385 0.35834813425925927 0.6445 0.3592362337962963 0.654 0.36234458333333336 0.6577500000000001 0.3712255763888889 0.6615 0.3787744236111111 0.663
13 0.5666074606481482 0.66325 0.5746003541666667 0.6645000000000001 0.5852575486111111 0.6637500000000001 0.5914742453703704 0.66175 0.5968028425925925 0.6579999999999999 0.5994671412037037 0.65125 0.5985790416666666 0.64425 0.5919182939814815 0.63725 0.5839254004629629 0.6347499999999999 0.5670515092592593 0.6335000000000001 0.562166962962963 0.635 0.5528419189814815 0.6402500000000001 0.5492895208333333 0.647 0.5488454699074075 0.651 0.5519538194444444 0.6555 0.5603907638888889 0.66125 0.5666074606481482 0.66325
13 0.39387211342592593 0.5545 0.4031971574074074 0.5515 0.40630550694444445 0.54925 0.4098579050925926 0.54325 0.4080817060185185 0.535 0.39698046296296297 0.5285000000000001 0.3872113680555555 0.52525 0.36944937731481486 0.5287499999999999 0.3619005324074074 0.53275 0.3605683842592593 0.5355 0.3605683842592593 0.54675 0.36412078240740736 0.55025 0.3721136759259259 0.5535 0.39387211342592593 0.5545