10 0.37962962962962965 0.33564814814814814 0.39814814814814814 0.33564814814814814 0.4074074074074074 0.3402777777777778 0.41435185185185186 0.3402777777777778 0.4375 0.35185185185185186 0.44907407407407407 0.36342592592592593 0.44907407407407407 0.3680555555555556 0.4537037037037037 0.375 0.4537037037037037 0.3958333333333333 0.45601851851851855 0.39814814814814814 0.5185185185185185 0.39814814814814814 0.5208333333333334 0.3958333333333333 0.5231481481481481 0.3680555555555556 0.5347222222222222 0.35648148148148145 0.5347222222222222 0.3541666666666667 0.5509259259259259 0.3449074074074074 0.5555555555555556 0.3449074074074074 0.5648148148148148 0.3402777777777778 0.5740740740740741 0.3402777777777778 0.5763888888888888 0.33796296296296297 0.6134259259259259 0.33796296296296297 0.6157407407407407 0.3402777777777778 0.6388888888888888 0.3449074074074074 0.6574074074074074 0.3541666666666667 0.6666666666666666 0.36342592592592593 0.6712962962962963 0.3726851851851852 0.6712962962962963 0.38657407407407407 0.6689814814814815 0.3912037037037037 0.6597222222222222 0.4027777777777778 0.6458333333333334 0.41203703703703703 0.6296296296296297 0.41898148148148145 0.6111111111111112 0.4212962962962963 0.6087962962962963 0.4236111111111111 0.5625 0.4236111111111111 0.5601851851851852 0.42592592592592593 0.5601851851851852 0.4375 0.5578703703703703 0.4398148148148148 0.5208333333333334 0.4398148148148148 0.5185185185185185 0.4375 0.5185185185185185 0.4236111111111111 0.5162037037037037 0.4212962962962963 0.5023148148148148 0.4236111111111111 0.5 0.4212962962962963 0.4837962962962963 0.4212962962962963 0.48148148148148145 0.41898148148148145 0.47685185185185186 0.41898148148148145 0.47453703703703703 0.4212962962962963 0.4583333333333333 0.4212962962962963 0.45601851851851855 0.41898148148148145 0.4513888888888889 0.4236111111111111 0.4513888888888889 0.4305555555555556 0.44675925925925924 0.4351851851851852 0.41203703703703703 0.4375 0.4097222222222222 0.4351851851851852 0.4097222222222222 0.4212962962962963 0.4074074074074074 0.41898148148148145 0.4027777777777778 0.41898148148148145 0.40046296296296297 0.4212962962962963 0.3958333333333333 0.4212962962962963 0.39351851851851855 0.41898148148148145 0.3912037037037037 0.4212962962962963 0.38425925925925924 0.4212962962962963 0.37962962962962965 0.41898148148148145 0.3773148148148148 0.41435185185185186 0.3773148148148148 0.4050925925925926 0.38425925925925924 0.3958333333333333 0.3888888888888889 0.3958333333333333 0.3912037037037037 0.39814814814814814 0.39351851851851855 0.3958333333333333 0.4074074074074074 0.39814814814814814 0.41203703703703703 0.39351851851851855 0.41203703703703703 0.3888888888888889 0.41435185185185186 0.38657407407407407 0.41203703703703703 0.3726851851851852 0.4050925925925926 0.36574074074074076 0.40046296296296297 0.36342592592592593 0.3888888888888889 0.36342592592592593 0.3819444444444444 0.3587962962962963 0.37962962962962965 0.3541666666666667 0.37962962962962965 0.33796296296296297
6 0.41203703703703703 0.44212962962962965 0.41435185185185186 0.4398148148148148 0.44907407407407407 0.4398148148148148 0.45601851851851855 0.4444444444444444 0.46064814814814814 0.4537037037037037 0.4675925925925926 0.4583333333333333 0.47685185185185186 0.4583333333333333 0.4791666666666667 0.46064814814814814 0.5138888888888888 0.46064814814814814 0.5185185185185185 0.45601851851851855 0.5185185185185185 0.44675925925925924 0.5208333333333334 0.44212962962962965 0.5277777777777778 0.44212962962962965 0.5300925925925926 0.4398148148148148 0.5601851851851852 0.44212962962962965 0.5601851851851852 0.4583333333333333 0.5648148148148148 0.46296296296296297 0.5694444444444444 0.46296296296296297 0.5717592592592593 0.46064814814814814 0.5833333333333334 0.46064814814814814 0.5856481481481481 0.46296296296296297 0.5879629629629629 0.46064814814814814 0.5902777777777778 0.46296296296296297 0.6157407407407407 0.46296296296296297 0.6180555555555556 0.4652777777777778 0.625 0.4652777777777778 0.6273148148148148 0.4675925925925926 0.6388888888888888 0.4699074074074074 0.6435185185185185 0.47453703703703703 0.6481481481481481 0.47453703703703703 0.6574074074074074 0.48148148148148145 0.6666666666666666 0.49537037037037035 0.6666666666666666 0.5092592592592593 0.6643518518518519 0.5115740740740741 0.6643518518518519 0.5162037037037037 0.6458333333333334 0.5324074074074074 0.6226851851851852 0.5416666666666666 0.6111111111111112 0.5416666666666666 0.6087962962962963 0.5439814814814815 0.5601851851851852 0.5439814814814815 0.5555555555555556 0.5486111111111112 0.5578703703703703 0.5532407407407407 0.5532407407407407 0.5625 0.5162037037037037 0.5625 0.5138888888888888 0.5601851851851852 0.5138888888888888 0.5462962962962963 0.5115740740740741 0.5439814814814815 0.4675925925925926 0.5439814814814815 0.4652777777777778 0.5462962962962963 0.46064814814814814 0.5462962962962963 0.4513888888888889 0.5555555555555556 0.4513888888888889 0.5578703703703703 0.4444444444444444 0.5625 0.4097222222222222 0.5625 0.4074074074074074 0.5601851851851852 0.4074074074074074 0.5555555555555556 0.41203703703703703 0.5462962962962963 0.4212962962962963 0.5370370370370371 0.4375 0.5277777777777778 0.4444444444444444 0.5277777777777778 0.4537037037037037 0.5231481481481481 0.4652777777777778 0.5231481481481481 0.4675925925925926 0.5208333333333334 0.5115740740740741 0.5208333333333334 0.5162037037037037 0.5162037037037037 0.5162037037037037 0.49537037037037035 0.5185185185185185 0.4930555555555556 0.5185185185185185 0.48842592592592593 0.5138888888888888 0.4837962962962963 0.5 0.4837962962962963 0.4976851851851852 0.48148148148148145 0.46296296296296297 0.48148148148148145 0.45601851851851855 0.47685185185185186 0.4398148148148148 0.47453703703703703 0.4351851851851852 0.4699074074074074 0.42824074074074076 0.4675925925925926 0.41898148148148145 0.4583333333333333 0.41435185185185186 0.4513888888888889 0.41435185185185186 0.4444444444444444
8 0.4097222222222222 0.5625 0.41203703703703703 0.5648148148148148 0.44675925925925924 0.5648148148148148 0.46064814814814814 0.5810185185185185 0.47685185185185186 0.5833333333333334 0.4791666666666667 0.5856481481481481 0.4861111111111111 0.5856481481481481 0.48842592592592593 0.5833333333333334 0.5115740740740741 0.5833333333333334 0.5138888888888888 0.5810185185185185 0.5138888888888888 0.5671296296296297 0.5162037037037037 0.5648148148148148 0.5532407407407407 0.5648148148148148 0.5555555555555556 0.5671296296296297 0.5555555555555556 0.5810185185185185 0.5625 0.5856481481481481 0.5671296296296297 0.5833333333333334 0.5949074074074074 0.5833333333333334 0.5972222222222222 0.5856481481481481 0.6087962962962963 0.5856481481481481 0.6111111111111112 0.5879629629629629 0.6273148148148148 0.5902777777777778 0.6458333333333334 0.5995370370370371 0.6597222222222222 0.6111111111111112 0.6643518518518519 0.6203703703703703 0.6643518518518519 0.6412037037037037 0.6689814814814815 0.6458333333333334 0.7060185185185185 0.6458333333333334 0.7083333333333334 0.6481481481481481 0.7199074074074074 0.6481481481481481 0.7222222222222222 0.6504629629629629 0.7361111111111112 0.6527777777777778 0.7523148148148148 0.6620370370370371 0.7685185185185185 0.6759259259259259 0.7754629629629629 0.6898148148148148 0.7731481481481481 0.6944444444444444 0.7384259259259259 0.6944444444444444 0.7361111111111112 0.6921296296296297 0.7314814814814815 0.6921296296296297 0.7199074074074074 0.6782407407407407 0.7106481481481481 0.6736111111111112 0.6689814814814815 0.6736111111111112 0.6643518518518519 0.6805555555555556 0.6643518518518519 0.6898148148148148 0.6620370370370371 0.6921296296296297 0.6412037037037037 0.6944444444444444 0.6388888888888888 0.6921296296296297 0.6273148148148148 0.6921296296296297 0.6226851851851852 0.6898148148148148 0.6203703703703703 0.6875 0.6203703703703703 0.6759259259259259 0.6157407407407407 0.6712962962962963 0.5740740740740741 0.6712962962962963 0.5717592592592593 0.6689814814814815 0.5578703703703703 0.6689814814814815 0.5555555555555556 0.6666666666666666 0.5509259259259259 0.6666666666666666 0.5393518518518519 0.6597222222222222 0.5347222222222222 0.6597222222222222 0.5254629629629629 0.6527777777777778 0.5138888888888888 0.6388888888888888 0.5138888888888888 0.6296296296296297 0.5115740740740741 0.6273148148148148 0.5138888888888888 0.6087962962962963 0.5115740740740741 0.6064814814814815 0.46064814814814814 0.6064814814814815 0.4583333333333333 0.6041666666666666 0.4513888888888889 0.6041666666666666 0.44907407407407407 0.6018518518518519 0.4375 0.5995370370370371 0.41435185185185186 0.5856481481481481 0.4074074074074074 0.5740740740740741 0.4074074074074074 0.5648148148148148
11 0 0.8392499999999999 0.002220247685185185 0.8416874999999999 0.002220247685185185 0.8524999999999999 0.0053285972222222215 0.85875 0.008436944444444445 0.8585 0.011989342592592591 0.862 0.016429840277777778 0.86075 0.025754884259259262 0.86425 0.0364120787037037 0.86425 0.039520425925925924 0.8652500000000001 0.9209591481481482 0.874 0.938277087962963 0.8732500000000001 0.9422735347222222 0.87425 0.9702486689814814 0.87425 0.9817939606481482 0.86825 0.9822380115740741 0.8622500000000001 0.9840142106481481 0.8597499999999999 0.9835701597222223 0.8535624999999999 0.9866785069444445 0.8494999999999999 0.9871225578703703 0.84025 0.9795737129629629 0.822 0.978685613425926 0.8152499999999999 0.9733570162037037 0.8075 0.9733570162037037 0.8037500000000001 0.9698046180555556 0.8 0.9693605694444444 0.79225 0.9720248657407408 0.7865 0.9764653634259259 0.7835 0.9782415624999999 0.78025 0.9764653634259259 0.772 0.9809058611111111 0.7585000000000001 0.9817939606481482 0.69525 0.9840142106481481 0.66575 0.9831261111111111 0.63225 0.9862344583333333 0.61275 0.9835701597222223 0.588 0.9853463587962963 0.58575 0.9862344583333333 0.5145000000000001 0.9884547060185185 0.505 0.9897868564814815 0.36175 0.9893428055555555 0.34824999999999995 0.9840142106481481 0.33625 0.977353462962963 0.32775 0.9724689166666667 0.325 0.9693605694444444 0.32075 0.9391651875 0.31024999999999997 0.9276198935185185 0.3075 0.9160745995370371 0.30625 0.873001775462963 0.30575 0.8703374768518519 0.3065 0.8556838356481481 0.30474999999999997 0.8392539953703704 0.3055 0.8254884537037037 0.30450000000000005 0.7992895208333333 0.30575 0.7722024861111111 0.304 0.6891651875 0.303 0.6518650092592593 0.3035 0.6474245115740741 0.3025 0.6456483125 0.30324999999999996 0.6367673171296296 0.3025 0.626998224537037 0.304 0.6198934282407408 0.30225 0.6132326828703704 0.302 0.5981349907407407 0.3035 0.5914742453703704 0.3025 0.5896980462962963 0.3035 0.585701599537037 0.3035 0.5732682060185185 0.30324999999999996 0.5577264652777778 0.30100000000000005 0.458703375 0.3005 0.4462699814814815 0.3015 0.4431616342592593 0.30025 0.440053287037037 0.30075 0.43605683796296296 0.29974999999999996 0.41429840046296296 0.2995 0.4107460046296296 0.30075 0.39387211342592593 0.29875 0.28285968055555555 0.298 0.1678507986111111 0.2985 0.16119005324074073 0.29725 0.12211367592592592 0.29750000000000004 0.11278863194444444 0.29625 0.06349911111111112 0.2965 0.039520425925925924 0.29974999999999996 0.01909413888888889 0.30725 0.01554174074074074 0.31150000000000005 0.011989342592592591 0.311 0.004440497685185185 0.31975000000000003 0.002220247685185185 0.33075 0.0026642986111111108 0.34166674999999996 0 0.34474999999999995 0 0.8392499999999999
12 0.9964476018518519 0.78600625 0.004440497685185185 0.78600625 0.004440497685185185 0.8758637499999999 0.9964476018518519 0.8758637499999999 0.9964476018518519 0.78600625
13 0.376110125 0.39525 0.38676731712962964 0.39325 0.39431616435185185 0.39349999999999996 0.4000888101851852 0.39149999999999996 0.4054174074074074 0.38275000000000003 0.40630550694444445 0.37625 0.4027531087962963 0.36975 0.39342806481481485 0.365 0.38365896990740744 0.363 0.36678508101851853 0.364 0.3570159861111111 0.36825 0.3516873888888889 0.37525000000000003 0.3521314398148148 0.3825 0.35568383564814815 0.388 0.3596802847222222 0.3905 0.376110125 0.39525
13 0.5990230902777779 0.39775 0.6132326828703704 0.39525 0.6207815277777777 0.39125000000000004 0.6247779745370371 0.387 0.6261101250000001 0.37975 0.6203374768518519 0.37074999999999997 0.6114564837962964 0.36625 0.5990230902777779 0.364 0.5870337476851852 0.3645 0.5728241574074074 0.369 0.5674955601851852 0.37225 0.5674955601851852 0.384 0.5714920069444445 0.3945 0.58259325 0.3965 0.5990230902777779 0.39775
13 0.6891651875 0.45775 0.6993783310185185 0.45949999999999996 0.7140319722222223 0.45825 0.7251332152777777 0.453 0.729129662037037 0.44899999999999995 0.7304618125 0.4415 0.727353462962963 0.43475 0.7166962708333334 0.429 0.7131438726851852 0.42925 0.706483125 0.427 0.6944937824074074 0.427 0.6856127893518519 0.4285 0.6749555949074074 0.435 0.6722912962962964 0.43875 0.6709591481481482 0.446 0.6731793958333333 0.44925 0.6785079930555555 0.4535 0.6891651875 0.45775
13 0.48046181250000003 0.457 0.49111900462962965 0.4585 0.5 0.45725000000000005 0.5102131435185185 0.45225000000000004 0.5137655416666667 0.448 0.5150976898148149 0.4415 0.5124333935185186 0.4345 0.5084369444444444 0.42974999999999997 0.4973357013888889 0.42474999999999996 0.48134991203703703 0.4245 0.4720248657407407 0.42624999999999996 0.46403197222222226 0.431 0.4591474236111111 0.439 0.458703375 0.44325000000000003 0.46314387268518514 0.45125 0.4689165185185185 0.45449999999999996 0.48046181250000003 0.457
13 0.15852575462962962 0.516 0.16385435185185185 0.515 0.1696269976851852 0.5135 0.1798401412037037 0.50625 0.18206039120370368 0.49900000000000005 0.18072824074074076 0.4925 0.17539964583333334 0.4875 0.16740675 0.48374999999999996 0.1549733564814815 0.48225 0.14031971527777778 0.48325 0.13010657175925924 0.4875 0.12477797453703704 0.49424999999999997 0.12477797453703704 0.501 0.13010657175925924 0.5085 0.14387211342592593 0.5155 0.15852575462962962 0.516
13 0.2690941388888889 0.4555 0.28063943055555557 0.45375000000000004 0.28552397916666666 0.4515 0.29484902314814815 0.443 0.29662522222222226 0.4395 0.2952930717592593 0.43425 0.2881882777777778 0.4265 0.2761989351851852 0.422 0.2584369444444445 0.422 0.24866785185185183 0.42600000000000005 0.2402309050925926 0.4345 0.24111900462962962 0.4445 0.2446714027777778 0.4485 0.2571047962962963 0.45425 0.2690941388888889 0.4555
13 0.36678508101851853 0.5167499999999999 0.3863232685185185 0.51575 0.39698046296296297 0.5097499999999999 0.4018650092592593 0.50375 0.4009769097222222 0.49574999999999997 0.39698046296296297 0.491 0.39387211342592593 0.48850000000000005 0.38365896990740744 0.4845 0.36944937731481486 0.484 0.3570159861111111 0.487 0.35035524074074076 0.491 0.3463587916666666 0.49825 0.3459147430555556 0.502 0.35079928935185184 0.50875 0.3587921851851852 0.51425 0.36678508101851853 0.5167499999999999
13 0.5861456481481482 0.51925 0.6025754884259259 0.519 0.6119005324074074 0.51575 0.6163410300925926 0.512 0.6203374768518519 0.50525 0.6198934282407408 0.49875 0.6167850810185186 0.4945 0.6127886319444444 0.49125 0.5994671412037037 0.487 0.583037300925926 0.48675 0.5777087037037036 0.4875 0.5657193611111111 0.49424999999999997 0.5630550625 0.49900000000000005 0.5630550625 0.50525 0.5666074606481482 0.5105 0.5732682060185185 0.51625 0.5861456481481482 0.51925
13 0.8028419189814815 0.523 0.8126110115740741 0.5235 0.8223801064814815 0.522 0.8285968032407408 0.51925 0.8365896990740741 0.5135 0.8383658958333333 0.504 0.8361456481481482 0.498 0.8241563055555555 0.4895 0.8108348125 0.488 0.7970692708333333 0.48924999999999996 0.7864120787037037 0.49224999999999997 0.7801953819444444 0.5 0.7788632337962963 0.5055000000000001 0.7841918287037037 0.51525 0.7886323263888889 0.51825 0.8028419189814815 0.523
13 0.6887211365740741 0.5815 0.6989342800925926 0.583 0.7051509768518519 0.5825 0.7158081712962963 0.579 0.7238010648148148 0.57475 0.727353462962963 0.56875 0.727353462962963 0.56325 0.7251332152777777 0.55825 0.7166962708333334 0.55225 0.7069271759259259 0.549 0.6949378333333334 0.5475 0.6856127893518519 0.5495 0.6745115462962963 0.55425 0.6696269976851852 0.5605 0.6691829490740742 0.56925 0.6714031967592592 0.573 0.6789520416666667 0.5785 0.6887211365740741 0.5815
13 0.4626998217592593 0.57825 0.4738010648148148 0.58075 0.4831261111111111 0.5815 0.4955595023148148 0.5795 0.5035523981481481 0.57575 0.5102131435185185 0.5685 0.5115452939814815 0.56425 0.5097690949074074 0.554 0.5044404976851852 0.54825 0.49111900462962965 0.545 0.4706927175925926 0.54525 0.4600355231481481 0.5479999999999999 0.4560390763888889 0.5505 0.45293072916666666 0.55475 0.45159857870370373 0.5605 0.45248667824074074 0.5675 0.45737122453703705 0.57475 0.4626998217592593 0.57825
13 0.2482238009259259 0.578 0.26865008796296297 0.57775 0.27930728240740743 0.5750000000000001 0.2868561273148148 0.5695 0.2895204259259259 0.56425 0.28907637731481484 0.55725 0.2859680277777778 0.552 0.27930728240740743 0.5475 0.2646536412037037 0.54525 0.2504440486111111 0.546 0.23934280555555554 0.5499999999999999 0.23357015972222223 0.558 0.23268206018518517 0.56475 0.23579040740740742 0.5695 0.2397868564814815 0.5735 0.2482238009259259 0.578
13 0.13410301851851852 0.638 0.14875665972222224 0.63925 0.16119005324074073 0.63675 0.16918294907407408 0.6335000000000001 0.17406749537037036 0.62875 0.17628774537037037 0.6195 0.1731793958333333 0.61325 0.1678507986111111 0.61 0.15364120833333333 0.6055 0.14342806481481482 0.60575 0.13232682175925928 0.608 0.12300177546296297 0.6122500000000001 0.11856127777777778 0.6160000000000001 0.11856127777777778 0.624 0.1212255763888889 0.62925 0.12566607407407407 0.6332500000000001 0.13410301851851852 0.638
13 0.36989342824074073 0.6415 0.38055062268518514 0.64 0.39209591435185187 0.6339999999999999 0.39698046296296297 0.6267499999999999 0.39698046296296297 0.6230000000000001 0.3929840138888889 0.6152500000000001 0.38365896990740744 0.6097499999999999 0.37477797453703704 0.60775 0.3614564837962963 0.6082500000000001 0.35079928935185184 0.61075 0.3423623449074074 0.6160000000000001 0.33969804629629635 0.62075 0.3392539953703704 0.626 0.3441385439814815 0.6339999999999999 0.3587921851851852 0.6409999999999999 0.36989342824074073 0.6415
13 0.5674955601851852 0.63725 0.5746003541666667 0.6405000000000001 0.5803730023148148 0.6417499999999999 0.5879218472222222 0.6425 0.6016873888888888 0.6417499999999999 0.6087921851851852 0.63825 0.6158969814814815 0.63175 0.6176731782407408 0.62725 0.6167850810185186 0.61975 0.6092362337962962 0.6145 0.6021314398148149 0.61175 0.5932504444444445 0.6104999999999999 0.5728241574074074 0.6104999999999999 0.5657193611111111 0.612 0.5603907638888889 0.61475 0.5572824166666667 0.61975 0.5572824166666667 0.626 0.5603907638888889 0.6335000000000001 0.5639431620370371 0.6332500000000001 0.5674955601851852 0.63725
13 0.7930728240740741 0.64425 0.809058613425926 0.646 0.8161634097222221 0.64525 0.8263765532407407 0.6417499999999999 0.8321492013888888 0.63725 0.8352575486111111 0.631 0.8339254004629629 0.6232500000000001 0.8299289513888889 0.61875 0.8237122546296297 0.61475 0.8130550624999999 0.6134999999999999 0.7930728240740741 0.61425 0.7819715810185185 0.61875 0.7775310833333333 0.6234999999999999 0.7770870347222222 0.63 0.7828596805555555 0.63875 0.7877442268518519 0.6425 0.7930728240740741 0.64425
13 0.6860568379629629 0.70675 0.7002664305555556 0.7072499999999999 0.706483125 0.7060000000000001 0.7140319722222223 0.7030000000000001 0.7215808171296296 0.6964999999999999 0.7229129652777778 0.6855000000000001 0.7206927175925926 0.682 0.7069271759259259 0.675 0.6913854351851852 0.6745 0.6785079930555555 0.67525 0.6709591481481482 0.68375 0.666518650462963 0.69225 0.666962699074074 0.69425 0.6753996458333333 0.7025 0.6860568379629629 0.70675
13 0.46314387268518514 0.70375 0.4733570162037037 0.70525 0.4875666064814815 0.704 0.4968916527777778 0.69925 0.5026642986111112 0.6932499999999999 0.5039964467592593 0.684 0.501776199074074 0.6799999999999999 0.4964476018518518 0.67625 0.4840142106481482 0.6715000000000001 0.4698046180555555 0.67025 0.4600355231481481 0.6722499999999999 0.45159857870370373 0.6775 0.4484902314814815 0.68225 0.4476021319444445 0.68675 0.44937833101851854 0.6960000000000001 0.45204262962962966 0.6995 0.46314387268518514 0.70375
13 0.24111900462962962 0.7 0.25399644675925925 0.70225 0.2650976898148148 0.70125 0.2753108356481481 0.6972499999999999 0.2815275300925926 0.69225 0.2837477800925926 0.68675 0.28285968055555555 0.68075 0.2761989351851852 0.6745 0.26865008796296297 0.67025 0.24866785185185183 0.66925 0.24111900462962962 0.67025 0.23312611111111112 0.67425 0.22912966203703705 0.6785000000000001 0.2277975138888889 0.682 0.22912966203703705 0.69275 0.23357015972222223 0.697 0.24111900462962962 0.7
13 0.3521314398148148 0.7657499999999999 0.36545293055555556 0.7667499999999999 0.3734458263888889 0.7657499999999999 0.3894316157407407 0.75525 0.39209591435185187 0.749 0.3903197152777778 0.7435 0.3854351689814815 0.73875 0.3765541736111111 0.7347499999999999 0.3636767314814815 0.7325 0.3499111898148148 0.73375 0.34058614583333335 0.73675 0.3361456481481482 0.742 0.33436944907407407 0.74675 0.3348135 0.75525 0.34103019444444443 0.76225 0.3521314398148148 0.7657499999999999
13 0.5728241574074074 0.76775 0.5848135 0.76875 0.6016873888888888 0.7652500000000001 0.606127886574074 0.7625 0.6123445833333334 0.75525 0.6123445833333334 0.7480000000000001 0.6101243333333334 0.7442500000000001 0.603019537037037 0.73825 0.5919182939814815 0.7340000000000001 0.5772646527777778 0.7340000000000001 0.5670515092592593 0.7365 0.559946712962963 0.7417499999999999 0.5563943171296296 0.7482500000000001 0.5555062175925927 0.7519999999999999 0.5586145648148149 0.7595 0.5652753101851852 0.7652500000000001 0.5728241574074074 0.76775