3 0.6087962962962963 0.4074074074074074 0.6226851851851852 0.41435185185185186 0.6388888888888888 0.43287037037037035 0.6388888888888888 0.4513888888888889 0.6319444444444444 0.46296296296296297 0.6203703703703703 0.4722222222222222 0.6064814814814815 0.4791666666666667 0.5925925925925926 0.48148148148148145 0.5902777777777778 0.4837962962962963 0.5810185185185185 0.4837962962962963 0.5787037037037037 0.4861111111111111 0.5254629629629629 0.4861111111111111 0.5231481481481481 0.48842592592592593 0.5231481481481481 0.5023148148148148 0.5208333333333334 0.5046296296296297 0.49537037037037035 0.5046296296296297 0.4930555555555556 0.5023148148148148 0.48148148148148145 0.5023148148148148 0.4791666666666667 0.5 0.48148148148148145 0.48842592592592593 0.47685185185185186 0.4837962962962963 0.41435185185185186 0.4837962962962963 0.41203703703703703 0.4861111111111111 0.41203703703703703 0.5 0.4074074074074074 0.5023148148148148 0.37037037037037035 0.5023148148148148 0.36574074074074076 0.4976851851851852 0.36574074074074076 0.4861111111111111 0.36342592592592593 0.4837962962962963 0.34953703703703703 0.4837962962962963 0.3472222222222222 0.48148148148148145 0.3148148148148148 0.48148148148148145 0.3125 0.4791666666666667 0.30324074074074076 0.4791666666666667 0.29398148148148145 0.47453703703703703 0.28935185185185186 0.47453703703703703 0.27546296296296297 0.4675925925925926 0.26157407407407407 0.4537037037037037 0.25925925925925924 0.44212962962962965 0.2569444444444444 0.4398148148148148 0.25925925925925924 0.4375 0.29398148148148145 0.4375 0.2962962962962963 0.4398148148148148 0.30324074074074076 0.4398148148148148 0.3055555555555556 0.44675925925925924 0.3148148148148148 0.45601851851851855 0.3194444444444444 0.45601851851851855 0.32175925925925924 0.4583333333333333 0.33796296296296297 0.4583333333333333 0.3402777777777778 0.46064814814814814 0.3449074074074074 0.46064814814814814 0.3472222222222222 0.4583333333333333 0.35185185185185186 0.46064814814814814 0.36342592592592593 0.46064814814814814 0.3680555555555556 0.45601851851851855 0.3680555555555556 0.44675925925925924 0.3726851851851852 0.4398148148148148 0.40046296296296297 0.4398148148148148 0.4027777777777778 0.44212962962962965 0.41203703703703703 0.44212962962962965 0.41435185185185186 0.4444444444444444 0.41435185185185186 0.4583333333333333 0.4166666666666667 0.46064814814814814 0.47685185185185186 0.46296296296296297 0.4837962962962963 0.4537037037037037 0.4837962962962963 0.4375 0.49074074074074076 0.4236111111111111 0.5138888888888888 0.4074074074074074 0.5185185185185185 0.4074074074074074 0.5277777777777778 0.4027777777777778 0.5393518518518519 0.4027777777777778 0.5416666666666666 0.40046296296296297 0.5856481481481481 0.40046296296296297 0.5879629629629629 0.4027777777777778 0.5972222222222222 0.4027777777777778 0.6064814814814815 0.4074074074074074
11 0.008436944444444445 0.48574999999999996 0.014653641203703703 0.487 0.015097689814814816 0.48850000000000005 0.013321493055555555 0.49074999999999996 0.014653641203703703 0.49274999999999997 0.014653641203703703 0.5035 0.013765541666666667 0.50625 0.010213143518518519 0.5085 0.011101243055555555 0.511 0.008436944444444445 0.5167499999999999 0.004440497685185185 0.66825 0.0062166967592592595 0.6735 0.003108347222222222 0.6817500000000001 0.003552398148148148 0.6845 0.0053285972222222215 0.6855000000000001 0.003108347222222222 0.6915 0.003552398148148148 0.69775 0.0053285972222222215 0.7002499999999999 0.0039964467592592595 0.711 0.005772645833333334 0.71325 0.004884546296296296 0.724 0.011989342592592591 0.7262500000000001 0.01554174074074074 0.73 0.02531083564814815 0.7302500000000001 0.025754884259259262 0.7342500000000001 0.04662522222222222 0.736 0.04884546990740741 0.7342500000000001 0.16296625231481482 0.72575 0.1647424513888889 0.72675 0.17806394212962964 0.728 0.2202486689814815 0.72925 0.24600355324074072 0.72875 0.27797513425925924 0.7302500000000001 0.30106571990740744 0.7295 0.3197158078703704 0.731 0.3419182939814815 0.7305 0.3450266435185185 0.73125 0.39653641203703704 0.7314999999999999 0.416074599537037 0.7325 0.45159857870370373 0.73225 0.4702486689814815 0.7340000000000001 0.47424511574074074 0.7332500000000001 0.5155417407407408 0.7340000000000001 0.518650087962963 0.7347499999999999 0.5439609236111111 0.7342500000000001 0.5595026643518518 0.7354999999999999 0.6505328587962963 0.73575 0.6567495555555555 0.737 0.6660745995370371 0.73625 0.7890763773148147 0.738 0.7939609236111111 0.7372500000000001 0.9000888101851852 0.739 0.9036412083333333 0.738 0.9125222013888888 0.73775 0.9222912962962964 0.7395 0.9715808171296296 0.738 0.9911190046296297 0.7344999999999999 0.999555951388889 0.7284999999999999 0.999555951388889 0.1595 0.9911190046296297 0.15400000000000003 0.9800177615740742 0.15425 0.9742451157407408 0.15575000000000003 0.9702486689814814 0.15400000000000003 0.9658081712962963 0.15575000000000003 0.9436056828703704 0.153 0.9422735347222222 0.152 0.9356127893518519 0.153 0.9320603912037037 0.15575000000000003 0.9280639421296297 0.15625 0.9049733564814815 0.155 0.8956483125 0.15225000000000002 0.8694493773148148 0.15075 0.8645648310185186 0.1545 0.8605683842592592 0.15425 0.8592362337962962 0.15225000000000002 0.8583481342592593 0.15425 0.8539076365740741 0.15525 0.8476909421296297 0.15425 0.8419182939814815 0.15050000000000002 0.8361456481481482 0.15225000000000002 0.8312611018518519 0.152 0.8152753101851852 0.15525 0.8081705162037037 0.15525 0.8037300185185186 0.15275 0.7997335694444444 0.15400000000000003 0.7970692708333333 0.15225000000000002 0.7890763773148147 0.15400000000000003 0.7846358796296296 0.1515 0.7619893425925925 0.1525 0.7584369444444445 0.15475 0.7553285972222222 0.15375 0.7460035532407407 0.15475 0.7420071041666667 0.15325 0.7340142106481481 0.15225000000000002 0.7260213148148148 0.1525 0.6647424513888889 0.14875000000000002 0.6634103009259259 0.1495 0.6549733564814815 0.14825 0.6398756666666666 0.15175 0.6367673171296296 0.14975 0.624333925925926 0.152 0.6158969814814815 0.1515 0.6105683842592592 0.1525 0.603019537037037 0.151 0.5981349907407407 0.15125 0.5950266435185185 0.1475 0.5754884537037037 0.14725 0.5714920069444445 0.14600000000000002 0.5595026643518518 0.1495 0.5537300185185186 0.1485 0.5492895208333333 0.14925 0.543516875 0.14875000000000002 0.5404085254629629 0.15025 0.5355239791666667 0.15075 0.5319715810185185 0.14975 0.5261989351851851 0.15075 0.49200710416666665 0.14825 0.4884547060185185 0.14600000000000002 0.48046181250000003 0.145 0.4746891643518519 0.14525 0.4706927175925926 0.147 0.456483125 0.14725 0.45248667824074074 0.14875000000000002 0.44937833101851854 0.147 0.4444937824074074 0.14625 0.437833037037037 0.1475 0.4356127893518518 0.14575 0.4280639421296296 0.148 0.416518650462963 0.1475 0.4151865 0.14625 0.4098579050925926 0.147 0.4076376550925926 0.14575 0.4058614560185185 0.147 0.35612788657407407 0.144 0.35035524074074076 0.14525 0.1305506226851852 0.14025 0.12300177546296297 0.13749999999999998 0.12033747685185185 0.13824999999999998 0.11634103009259258 0.136 0.11278863194444444 0.13524999999999998 0.10968028472222223 0.136 0.10213143981481482 0.13375 0.0896980462962963 0.13349999999999998 0.08836589583333333 0.13275 0.0848135 0.13349999999999998 0.08170515046296296 0.13175 0.07460035416666667 0.133 0.06749556018518518 0.13125 0.060390763888888886 0.131 0.045293071759259264 0.133 0.03996447685185185 0.13275 0.03374778009259259 0.13475 0.025754884259259262 0.13524999999999998 0.019982238425925926 0.14300000000000002 0.01820603935185185 0.15400000000000003 0.021314386574074074 0.15825 0.01909413888888889 0.167 0.019982238425925926 0.17225000000000001 0.01598578935185185 0.1785 0.017317939814814814 0.182 0.015097689814814816 0.185 0.01598578935185185 0.22624999999999998 0.013765541666666667 0.24725 0.014653641203703703 0.25525 0.007548844907407408 0.42375 0.009769094907407407 0.44275 0.007548844907407408 0.44525000000000003 0.00666074537037037 0.45225000000000004 0.010657194444444443 0.46974999999999995 0.007104796296296296 0.4735 0.007104796296296296 0.48425 0.008436944444444445 0.48574999999999996
12 0 0.74403 0.1753730023148148 0.74403 0.1753730023148148 0.12907 0 0.12907 0 0.74403
13 0.44671403240740737 0.26325 0.456483125 0.26475 0.46714031944444445 0.2645 0.477353462962963 0.26 0.4844582592592592 0.25275000000000003 0.4840142106481482 0.24475 0.47779751388888886 0.23675 0.4733570162037037 0.23375 0.46314387268518514 0.23125 0.44937833101851854 0.23074999999999998 0.43960923611111113 0.23375 0.43383659027777777 0.23650000000000002 0.4280639421296296 0.24375 0.4280639421296296 0.25225 0.43072824074074073 0.256 0.43960923611111113 0.2615 0.44671403240740737 0.26325
13 0.6749555949074074 0.26775 0.6887211365740741 0.26875 0.6993783310185185 0.26699999999999996 0.7113676736111111 0.2575 0.7131438726851852 0.25075 0.7091474236111112 0.24275 0.7011545300925925 0.23725000000000002 0.6922735347222222 0.23424999999999999 0.6807282407407407 0.2335 0.6700710486111111 0.23625000000000002 0.6603019537037037 0.241 0.6563055069444445 0.24675 0.6558614560185185 0.25375000000000003 0.6580817060185185 0.258 0.6638543518518518 0.26325 0.6749555949074074 0.26775
13 0.33170515046296295 0.327 0.3521314398148148 0.327 0.3619005324074074 0.3235 0.36811722916666667 0.318 0.37033747685185187 0.31024999999999997 0.36634103009259256 0.30100000000000005 0.36234458333333336 0.29824999999999996 0.35079928935185184 0.29475 0.33570159953703704 0.294 0.32593250462962964 0.29575 0.3174955601851852 0.30025 0.312166962962963 0.30824999999999997 0.312166962962963 0.3145 0.31705150925925923 0.32175000000000004 0.3237122546296296 0.325 0.33170515046296295 0.327
13 0.5537300185185186 0.3285 0.5643872106481482 0.33075 0.5768206041666667 0.33025 0.5848135 0.32899999999999996 0.5919182939814815 0.32525000000000004 0.5950266435185185 0.32125 0.5959147430555555 0.31349999999999995 0.5919182939814815 0.305 0.583481349537037 0.29925 0.5710479583333333 0.2965 0.5501776203703703 0.29875 0.5430728240740741 0.303 0.5399644768518519 0.307 0.5381882777777778 0.3145 0.5404085254629629 0.32 0.5457371226851851 0.32475 0.5537300185185186 0.3285
13 0.7966252222222222 0.33449999999999996 0.8072824166666668 0.33249999999999996 0.8166074606481482 0.328 0.8206039074074073 0.32475 0.8228241574074074 0.3185 0.8219360578703703 0.3105 0.8148312615740742 0.30375 0.8037300185185186 0.30025 0.7939609236111111 0.2995 0.7784191828703704 0.3025 0.771314386574074 0.30674999999999997 0.7664298402777777 0.31425 0.7673179398148149 0.3225 0.7735346365740741 0.3285 0.7899644768518519 0.334 0.7966252222222222 0.33449999999999996
13 0.8872113680555556 0.396 0.9116341041666667 0.40075 0.9227353472222222 0.398 0.9307282407407407 0.39349999999999996 0.9369449375000001 0.3845 0.9365008888888888 0.3765 0.9285079930555555 0.36975 0.9200710486111111 0.366 0.9063055069444445 0.3645 0.8898756666666666 0.36724999999999997 0.8832149189814814 0.36924999999999997 0.8783303726851851 0.375 0.8761101250000001 0.37975 0.8778863240740741 0.3885 0.8805506226851852 0.3925 0.8872113680555556 0.396
13 0.6647424513888889 0.39625 0.6780639421296297 0.39725 0.6856127893518519 0.3965 0.6953818819444444 0.39375 0.7002664305555556 0.391 0.7051509768518519 0.385 0.7055950277777777 0.37575000000000003 0.7011545300925925 0.36875 0.6962699814814814 0.3655 0.6856127893518519 0.36325 0.6718472476851851 0.363 0.6607460046296296 0.36574999999999996 0.6518650092592593 0.37050000000000005 0.6483126111111112 0.37575000000000003 0.6474245115740741 0.38025 0.6496447592592594 0.38625000000000004 0.6571936064814815 0.393 0.6647424513888889 0.39625
13 0.4391651875 0.39325 0.44937833101851854 0.39499999999999996 0.46314387268518514 0.39325 0.477353462962963 0.3845 0.479573712962963 0.38025 0.477353462962963 0.37124999999999997 0.4715808171296296 0.36625 0.4595914745370371 0.361 0.45337477777777774 0.36000000000000004 0.44582593287037037 0.36024999999999996 0.43605683796296296 0.36224999999999996 0.42539964583333334 0.36724999999999997 0.4227353472222222 0.37124999999999997 0.42184724768518517 0.37925000000000003 0.42539964583333334 0.3855 0.42984014120370373 0.38925000000000004 0.4391651875 0.39325
13 0.2135879212962963 0.38925000000000004 0.22690941435185186 0.3905 0.23401421064814815 0.38999999999999996 0.24378330324074074 0.38625000000000004 0.25133214814814814 0.38025 0.2526642986111111 0.37225 0.2495559513888889 0.3665 0.24555950231481483 0.3625 0.23667850694444445 0.35800000000000004 0.2282415625 0.35675 0.2202486689814815 0.35675 0.2131438726851852 0.35800000000000004 0.2038188287037037 0.3615 0.19804618055555553 0.36625 0.19538188194444445 0.37225 0.19760213194444443 0.37975 0.20293072916666668 0.38475 0.2135879212962963 0.38925000000000004
13 0.3272646527777778 0.4565 0.34280639351851855 0.45675 0.35257548842592595 0.45399999999999996 0.35657193518518515 0.4515 0.36545293055555556 0.44025 0.36412078240740736 0.43425 0.3574600347222222 0.428 0.3481349907407407 0.42375 0.3361456481481482 0.42225 0.3277087037037037 0.42250000000000004 0.3188277083333333 0.425 0.31305506250000004 0.42875 0.3077264652777778 0.4355 0.3059502662037037 0.43975000000000003 0.31039076388888887 0.44975 0.31660746064814815 0.4535 0.3272646527777778 0.4565
13 0.5497335694444444 0.45925 0.5670515092592593 0.4605 0.5706039074074074 0.46 0.5839254004629629 0.453 0.5874777986111112 0.44925 0.5852575486111111 0.4355 0.5821492013888888 0.43225 0.5714920069444445 0.42775 0.5559502662037037 0.42775 0.5430728240740741 0.43024999999999997 0.5359680277777777 0.43475 0.5315275300925926 0.44325000000000003 0.5310834814814815 0.44625 0.5346358796296297 0.451 0.5439609236111111 0.45775 0.5497335694444444 0.45925
13 0.7757548842592592 0.46025 0.7841918287037037 0.46149999999999997 0.7975133217592593 0.46099999999999997 0.812166962962963 0.45425 0.8157193611111111 0.4505 0.8166074606481482 0.44225 0.8126110115740741 0.4355 0.8068383657407407 0.4315 0.7966252222222222 0.42974999999999997 0.793516875 0.428 0.7793072824074074 0.4285 0.7704262870370371 0.4315 0.7602131435185185 0.43849999999999995 0.7584369444444445 0.443 0.7611012430555555 0.45075 0.7695381875 0.45725000000000005 0.7757548842592592 0.46025
13 0.9116341041666667 0.5257499999999999 0.9218472476851851 0.5225 0.9285079930555555 0.51575 0.9298401412037037 0.50825 0.9267317939814815 0.50225 0.9187388981481481 0.49624999999999997 0.9089698055555556 0.4935 0.8920959143518518 0.4935 0.8814387222222222 0.496 0.8747779745370371 0.5 0.8698934282407408 0.50575 0.8707815277777777 0.51775 0.8832149189814814 0.52475 0.8960923634259259 0.52675 0.9116341041666667 0.5257499999999999
13 0.6789520416666667 0.52325 0.6856127893518519 0.5215000000000001 0.6936056828703704 0.5167499999999999 0.6998223796296296 0.5105 0.7002664305555556 0.50575 0.6962699814814814 0.4985 0.6887211365740741 0.4935 0.6802841921296297 0.491 0.6638543518518518 0.49074999999999996 0.6505328587962963 0.49424999999999997 0.6465364120370369 0.49725 0.6425399652777778 0.50325 0.6429840138888889 0.51175 0.6474245115740741 0.5187499999999999 0.6709591481481482 0.5237499999999999 0.6789520416666667 0.52325
13 0.4391651875 0.5195 0.4498223796296297 0.52025 0.46403197222222226 0.51725 0.4715808171296296 0.511 0.4751332152777778 0.50525 0.46625221990740745 0.493 0.46314387268518514 0.4905 0.458703375 0.4895 0.44049733564814814 0.489 0.4320603912037037 0.4905 0.42140319675925925 0.494 0.41785079861111113 0.49875 0.41740675 0.50575 0.42317939583333336 0.51325 0.4280639421296296 0.5167499999999999 0.4391651875 0.5195
13 0.21047957407407408 0.517 0.22291296527777776 0.51725 0.23445825925925926 0.51575 0.24333925462962963 0.5105 0.24866785185185183 0.505 0.24911190046296297 0.498 0.2442273541666667 0.491 0.24067495601851852 0.48850000000000005 0.22380106481481482 0.484 0.21669627083333334 0.484 0.2033747777777778 0.487 0.19538188194444445 0.49175 0.1918294837962963 0.49550000000000005 0.19049733564814814 0.5025000000000001 0.19271758333333333 0.507 0.20515097685185182 0.51575 0.21047957407407408 0.517
13 0.32682060416666664 0.58175 0.3419182939814815 0.5812499999999999 0.3521314398148148 0.5775 0.3587921851851852 0.5705 0.3601243333333333 0.5625 0.3574600347222222 0.55725 0.3490230902777778 0.552 0.3392539953703704 0.54975 0.32682060416666664 0.54925 0.3179396087962963 0.55075 0.30817051620370367 0.5555 0.3028419189814815 0.5615 0.3028419189814815 0.5715 0.309946712962963 0.57775 0.3179396087962963 0.5805 0.32682060416666664 0.58175
13 0.5479573703703703 0.5842499999999999 0.5608348125 0.58475 0.5674955601851852 0.58325 0.5759325046296296 0.5792499999999999 0.58259325 0.5725 0.583037300925926 0.5655 0.5781527523148148 0.5585 0.5710479583333333 0.55425 0.5577264652777778 0.55175 0.5439609236111111 0.55225 0.5359680277777777 0.5549999999999999 0.5261989351851851 0.564 0.5257548842592593 0.57125 0.5324156296296296 0.579 0.5364120787037037 0.5815 0.5479573703703703 0.5842499999999999
13 0.7682060393518518 0.587 0.7784191828703704 0.5885 0.793516875 0.58725 0.7988454699074075 0.586 0.809946712962963 0.57825 0.8108348125 0.57075 0.8086145648148148 0.566 0.7966252222222222 0.5569999999999999 0.7722024861111111 0.55525 0.7624333935185185 0.558 0.7539964467592593 0.5645 0.7526642986111112 0.573 0.7548845462962963 0.57875 0.7611012430555555 0.5845 0.7682060393518518 0.587
13 0.6620781527777778 0.65 0.6736234467592593 0.65025 0.6825044398148149 0.6477499999999999 0.689609236111111 0.6425 0.6944937824074074 0.63425 0.6940497337962962 0.63 0.6873889884259259 0.6225 0.6785079930555555 0.618 0.6700710486111111 0.617 0.6492007106481481 0.619 0.6420959143518518 0.6234999999999999 0.6367673171296296 0.6307499999999999 0.6380994675925926 0.63975 0.6429840138888889 0.6445 0.6523090578703703 0.6479999999999999 0.6620781527777778 0.65
13 0.42761989351851853 0.6455 0.44937833101851854 0.647 0.4595914745370371 0.6435000000000001 0.4666962708333333 0.637 0.46847246990740743 0.6265000000000001 0.46625221990740745 0.62275 0.45781527546296297 0.6164999999999999 0.4498223796296297 0.61425 0.43738898842592594 0.61325 0.4249555949074074 0.615 0.4151865 0.61975 0.41119005324074076 0.62575 0.4107460046296296 0.6332500000000001 0.41429840046296296 0.63975 0.41829484953703705 0.6425 0.42761989351851853 0.6455