5 0.6018518518518519 0.2152777777777778 0.6296296296296297 0.22685185185185186 0.6412037037037037 0.23842592592592593 0.6458333333333334 0.25 0.6458333333333334 0.26851851851851855 0.6504629629629629 0.27546296296296297 0.6712962962962963 0.27546296296296297 0.6736111111111112 0.27314814814814814 0.6782407407407407 0.27546296296296297 0.6805555555555556 0.27314814814814814 0.6851851851851852 0.27314814814814814 0.6875 0.27546296296296297 0.7106481481481481 0.27546296296296297 0.7129629629629629 0.2777777777777778 0.7199074074074074 0.2777777777777778 0.7222222222222222 0.2800925925925926 0.7337962962962963 0.2824074074074074 0.7453703703703703 0.28935185185185186 0.7569444444444444 0.30092592592592593 0.7592592592592593 0.3125 0.7615740740740741 0.3148148148148148 0.7615740740740741 0.3333333333333333 0.7638888888888888 0.33564814814814814 0.8125 0.33564814814814814 0.8148148148148148 0.33796296296296297 0.8263888888888888 0.33796296296296297 0.8287037037037037 0.3402777777777778 0.8425925925925926 0.3425925925925926 0.8657407407407407 0.35648148148148145 0.8726851851851852 0.3680555555555556 0.8726851851851852 0.375 0.8703703703703703 0.3773148148148148 0.8240740740740741 0.3773148148148148 0.8240740740740741 0.375 0.8148148148148148 0.36574074074074076 0.8055555555555556 0.3611111111111111 0.7662037037037037 0.3611111111111111 0.7638888888888888 0.36342592592592593 0.7638888888888888 0.375 0.7615740740740741 0.3773148148148148 0.7476851851851852 0.3773148148148148 0.7453703703703703 0.37962962962962965 0.7152777777777778 0.37962962962962965 0.7152777777777778 0.36342592592592593 0.7129629629629629 0.3611111111111111 0.7083333333333334 0.3611111111111111 0.7060185185185185 0.36342592592592593 0.6666666666666666 0.36342592592592593 0.6643518518518519 0.3611111111111111 0.6527777777777778 0.3611111111111111 0.6504629629629629 0.3587962962962963 0.6458333333333334 0.3587962962962963 0.6365740740740741 0.35185185185185186 0.6273148148148148 0.3472222222222222 0.6226851851851852 0.3472222222222222 0.6180555555555556 0.3425925925925926 0.6111111111111112 0.3402777777777778 0.6041666666666666 0.3263888888888889 0.6041666666666666 0.3055555555555556 0.6018518518518519 0.30324074074074076 0.5462962962962963 0.30324074074074076 0.5439814814814815 0.30092592592592593 0.5370370370370371 0.30092592592592593 0.5069444444444444 0.2847222222222222 0.49537037037037035 0.27314814814814814 0.4930555555555556 0.26851851851851855 0.4930555555555556 0.24768518518518517 0.5 0.2361111111111111 0.5138888888888888 0.22453703703703703 0.5347222222222222 0.2152777777777778 0.5462962962962963 0.2152777777777778 0.5486111111111112 0.21296296296296297 0.5925925925925926 0.21296296296296297 0.5949074074074074 0.2152777777777778 0.5995370370370371 0.2152777777777778
1 0.6064814814814815 0.3425925925925926 0.6319444444444444 0.35185185185185186 0.6458333333333334 0.36342592592592593 0.6504629629629629 0.37037037037037035 0.6504629629629629 0.37962962962962965 0.6527777777777778 0.3819444444444444 0.6527777777777778 0.40046296296296297 0.6550925925925926 0.4027777777777778 0.6967592592592593 0.4027777777777778 0.6990740740740741 0.40046296296296297 0.7129629629629629 0.40046296296296297 0.7152777777777778 0.39814814814814814 0.7152777777777778 0.38657407407407407 0.7175925925925926 0.3819444444444444 0.7361111111111112 0.3819444444444444 0.7384259259259259 0.37962962962962965 0.7615740740740741 0.37962962962962965 0.7662037037037037 0.38425925925925924 0.7638888888888888 0.3958333333333333 0.7685185185185185 0.40046296296296297 0.8032407407407407 0.40046296296296297 0.8055555555555556 0.39814814814814814 0.8125 0.39814814814814814 0.8287037037037037 0.37962962962962965 0.8495370370370371 0.37962962962962965 0.8518518518518519 0.3773148148148148 0.8703703703703703 0.3773148148148148 0.8726851851851852 0.37962962962962965 0.8726851851851852 0.3888888888888889 0.8703703703703703 0.39351851851851855 0.8587962962962963 0.4050925925925926 0.8425925925925926 0.41435185185185186 0.8379629629629629 0.41435185185185186 0.8287037037037037 0.41898148148148145 0.8009259259259259 0.4212962962962963 0.7986111111111112 0.4236111111111111 0.7662037037037037 0.4236111111111111 0.7638888888888888 0.42592592592592593 0.7638888888888888 0.44907407407407407 0.7615740740740741 0.4513888888888889 0.7615740740740741 0.45601851851851855 0.7476851851851852 0.4699074074074074 0.7245370370370371 0.48148148148148145 0.6967592592592593 0.4837962962962963 0.6944444444444444 0.4861111111111111 0.6851851851851852 0.4861111111111111 0.6828703703703703 0.4837962962962963 0.6620370370370371 0.4837962962962963 0.6597222222222222 0.48148148148148145 0.6504629629629629 0.48148148148148145 0.6365740740740741 0.47453703703703703 0.6319444444444444 0.47453703703703703 0.6134259259259259 0.4583333333333333 0.6111111111111112 0.44675925925925924 0.6087962962962963 0.4444444444444444 0.6087962962962963 0.42824074074074076 0.6064814814814815 0.42592592592592593 0.5787037037037037 0.42592592592592593 0.5763888888888888 0.4212962962962963 0.5787037037037037 0.41898148148148145 0.5763888888888888 0.4050925925925926 0.5787037037037037 0.4027777777777778 0.6064814814814815 0.4027777777777778 0.6087962962962963 0.40046296296296297 0.6087962962962963 0.3819444444444444 0.5972222222222222 0.3680555555555556 0.5763888888888888 0.36574074074074076 0.5763888888888888 0.34953703703703703 0.5740740740740741 0.3472222222222222 0.5740740740740741 0.3425925925925926 0.5763888888888888 0.3402777777777778 0.6041666666666666 0.3425925925925926
10 0.5231481481481481 0.3194444444444444 0.5254629629629629 0.32175925925925924 0.5300925925925926 0.3194444444444444 0.5370370370370371 0.32175925925925924 0.5370370370370371 0.3333333333333333 0.5416666666666666 0.3425925925925926 0.5486111111111112 0.3425925925925926 0.5509259259259259 0.3402777777777778 0.5671296296296297 0.3402777777777778 0.5717592592592593 0.3449074074074074 0.5717592592592593 0.36342592592592593 0.5648148148148148 0.36342592592592593 0.5625 0.36574074074074076 0.5462962962962963 0.36574074074074076 0.5439814814814815 0.36342592592592593 0.5393518518518519 0.3680555555555556 0.5393518518518519 0.40046296296296297 0.5439814814814815 0.4050925925925926 0.5578703703703703 0.4050925925925926 0.5601851851851852 0.4027777777777778 0.5625 0.4050925925925926 0.5694444444444444 0.4050925925925926 0.5740740740740741 0.41203703703703703 0.5717592592592593 0.41435185185185186 0.5740740740740741 0.4166666666666667 0.5740740740740741 0.4212962962962963 0.5694444444444444 0.42592592592592593 0.5439814814814815 0.42592592592592593 0.5416666666666666 0.42824074074074076 0.5416666666666666 0.44907407407407407 0.5347222222222222 0.46296296296296297 0.5231481481481481 0.47453703703703703 0.5138888888888888 0.4791666666666667 0.5023148148148148 0.48148148148148145 0.49537037037037035 0.4861111111111111 0.4861111111111111 0.4861111111111111 0.4837962962962963 0.48842592592592593 0.4513888888888889 0.48842592592592593 0.44907407407407407 0.4861111111111111 0.4398148148148148 0.4861111111111111 0.4375 0.4837962962962963 0.41898148148148145 0.4791666666666667 0.4074074074074074 0.4722222222222222 0.3958333333333333 0.46064814814814814 0.3912037037037037 0.44907407407407407 0.3912037037037037 0.44212962962962965 0.3958333333333333 0.4305555555555556 0.4166666666666667 0.41435185185185186 0.4212962962962963 0.41435185185185186 0.4375 0.4074074074074074 0.44675925925925924 0.4074074074074074 0.44907407407407407 0.4050925925925926 0.49537037037037035 0.4050925925925926 0.5 0.40046296296296297 0.5 0.37962962962962965 0.4976851851851852 0.3773148148148148 0.4976851851851852 0.37037037037037035 0.4930555555555556 0.36574074074074076 0.4398148148148148 0.36574074074074076 0.4375 0.36342592592592593 0.4305555555555556 0.36342592592592593 0.4236111111111111 0.3587962962962963 0.41898148148148145 0.3587962962962963 0.4027777777777778 0.34953703703703703 0.39351851851851855 0.3402777777777778 0.38657407407407407 0.32407407407407407 0.3888888888888889 0.32175925925925924 0.42824074074074076 0.32175925925925924 0.43287037037037035 0.33101851851851855 0.4398148148148148 0.33796296296296297 0.4444444444444444 0.33796296296296297 0.4513888888888889 0.3425925925925926 0.4930555555555556 0.3425925925925926 0.49537037037037035 0.3402777777777778 0.49537037037037035 0.32175925925925924 0.5115740740740741 0.32175925925925924 0.5138888888888888 0.3194444444444444 0.5208333333333334 0.3194444444444444
2 0.5740740740740741 0.4652777777777778 0.5787037037037037 0.4699074074074074 0.5787037037037037 0.4837962962962963 0.5763888888888888 0.48842592592592593 0.5740740740740741 0.49074074074074076 0.5625 0.49074074074074076 0.5601851851851852 0.4930555555555556 0.5555555555555556 0.4930555555555556 0.5439814814814815 0.5046296296296297 0.5439814814814815 0.5231481481481481 0.5462962962962963 0.5254629629629629 0.5763888888888888 0.5254629629629629 0.5787037037037037 0.5300925925925926 0.5787037037037037 0.5486111111111112 0.5509259259259259 0.5486111111111112 0.5462962962962963 0.5532407407407407 0.5462962962962963 0.5787037037037037 0.5509259259259259 0.5856481481481481 0.5763888888888888 0.5856481481481481 0.5810185185185185 0.5925925925925926 0.5810185185185185 0.6111111111111112 0.5671296296296297 0.6111111111111112 0.5648148148148148 0.6134259259259259 0.5509259259259259 0.6111111111111112 0.5486111111111112 0.6134259259259259 0.5486111111111112 0.6296296296296297 0.5555555555555556 0.6388888888888888 0.5648148148148148 0.6435185185185185 0.5787037037037037 0.6435185185185185 0.5833333333333334 0.6481481481481481 0.5856481481481481 0.6527777777777778 0.5856481481481481 0.6712962962962963 0.5648148148148148 0.6712962962962963 0.5625 0.6689814814814815 0.5532407407407407 0.6689814814814815 0.5393518518518519 0.6620370370370371 0.5347222222222222 0.6620370370370371 0.5300925925925926 0.6574074074074074 0.5231481481481481 0.6550925925925926 0.5138888888888888 0.6458333333333334 0.5092592592592593 0.6365740740740741 0.5092592592592593 0.6180555555555556 0.5046296296296297 0.6111111111111112 0.4861111111111111 0.6111111111111112 0.4837962962962963 0.6134259259259259 0.47453703703703703 0.6087962962962963 0.47453703703703703 0.5879629629629629 0.5023148148148148 0.5879629629629629 0.5069444444444444 0.5810185185185185 0.5046296296296297 0.5763888888888888 0.5069444444444444 0.5625 0.5023148148148148 0.5509259259259259 0.4722222222222222 0.5509259259259259 0.4722222222222222 0.5462962962962963 0.4699074074074074 0.5439814814814815 0.4699074074074074 0.5324074074074074 0.4722222222222222 0.5277777777777778 0.5 0.5277777777777778 0.5046296296296297 0.5231481481481481 0.5046296296296297 0.5 0.5208333333333334 0.48148148148148145 0.5393518518518519 0.4722222222222222 0.5462962962962963 0.4722222222222222 0.5578703703703703 0.4675925925925926 0.5717592592592593 0.4675925925925926
3 0.39814814814814814 0.47453703703703703 0.40046296296296297 0.47685185185185186 0.4050925925925926 0.47685185185185186 0.4097222222222222 0.48148148148148145 0.41898148148148145 0.4837962962962963 0.43287037037037035 0.4976851851851852 0.43287037037037035 0.5023148148148148 0.4351851851851852 0.5046296296296297 0.4351851851851852 0.5185185185185185 0.4375 0.5208333333333334 0.4375 0.5254629629629629 0.44212962962962965 0.5300925925925926 0.4444444444444444 0.5277777777777778 0.4675925925925926 0.5277777777777778 0.4675925925925926 0.5509259259259259 0.44212962962962965 0.5509259259259259 0.4375 0.5555555555555556 0.4375 0.5787037037037037 0.44212962962962965 0.5902777777777778 0.4699074074074074 0.5879629629629629 0.4722222222222222 0.5902777777777778 0.4722222222222222 0.6087962962962963 0.4699074074074074 0.6111111111111112 0.44212962962962965 0.6111111111111112 0.4398148148148148 0.6134259259259259 0.4398148148148148 0.6226851851851852 0.44212962962962965 0.625 0.4398148148148148 0.6388888888888888 0.4351851851851852 0.6481481481481481 0.4236111111111111 0.6597222222222222 0.4166666666666667 0.6620370370370371 0.41203703703703703 0.6666666666666666 0.4074074074074074 0.6666666666666666 0.39814814814814814 0.6712962962962963 0.3912037037037037 0.6712962962962963 0.3888888888888889 0.6736111111111112 0.37037037037037035 0.6736111111111112 0.3680555555555556 0.6759259259259259 0.3587962962962963 0.6759259259259259 0.35648148148148145 0.6736111111111112 0.3449074074074074 0.6736111111111112 0.3425925925925926 0.6712962962962963 0.3263888888888889 0.6689814814814815 0.30787037037037035 0.6597222222222222 0.30092592592592593 0.6550925925925926 0.29398148148148145 0.6458333333333334 0.29398148148148145 0.6412037037037037 0.2916666666666667 0.6388888888888888 0.2916666666666667 0.625 0.30092592592592593 0.6111111111111112 0.3148148148148148 0.6018518518518519 0.33101851851851855 0.5972222222222222 0.33796296296296297 0.5925925925925926 0.3472222222222222 0.5925925925925926 0.34953703703703703 0.5902777777777778 0.375 0.5902777777777778 0.3773148148148148 0.5879629629629629 0.3819444444444444 0.5879629629629629 0.38425925925925924 0.5902777777777778 0.3958333333333333 0.5902777777777778 0.39814814814814814 0.5879629629629629 0.39814814814814814 0.5578703703703703 0.3912037037037037 0.5509259259259259 0.3726851851851852 0.5509259259259259 0.37037037037037035 0.5532407407407407 0.36574074074074076 0.5532407407407407 0.36342592592592593 0.5509259259259259 0.36342592592592593 0.5300925925925926 0.3680555555555556 0.5300925925925926 0.37037037037037035 0.5277777777777778 0.375 0.5277777777777778 0.3773148148148148 0.5300925925925926 0.3912037037037037 0.5300925925925926 0.3958333333333333 0.5254629629629629 0.3958333333333333 0.5092592592592593 0.38657407407407407 0.4976851851851852 0.3819444444444444 0.4976851851851852 0.3773148148148148 0.4930555555555556 0.3611111111111111 0.49074074074074076 0.35648148148148145 0.4791666666666667 0.35648148148148145 0.47453703703703703 0.3611111111111111 0.4699074074074074 0.3726851851851852 0.4699074074074074 0.375 0.4722222222222222 0.3888888888888889 0.4722222222222222 0.3912037037037037 0.47453703703703703 0.3958333333333333 0.47453703703703703
9 0.1597222222222222 0.47453703703703703 0.16203703703703703 0.47685185185185186 0.16898148148148148 0.47685185185185186 0.1712962962962963 0.4791666666666667 0.18287037037037038 0.48148148148148145 0.1875 0.4861111111111111 0.19444444444444445 0.4861111111111111 0.19907407407407407 0.49074074074074076 0.2037037037037037 0.49074074074074076 0.21064814814814814 0.49537037037037035 0.2175925925925926 0.5023148148148148 0.2222222222222222 0.5162037037037037 0.2199074074074074 0.5185185185185185 0.2199074074074074 0.5277777777777778 0.2152777777777778 0.5277777777777778 0.21296296296296297 0.5300925925925926 0.2152777777777778 0.5324074074074074 0.2199074074074074 0.5324074074074074 0.2222222222222222 0.5347222222222222 0.24768518518518517 0.5347222222222222 0.25 0.5370370370370371 0.24768518518518517 0.5393518518518519 0.24768518518518517 0.5555555555555556 0.24305555555555555 0.5578703703703703 0.23842592592592593 0.5555555555555556 0.2361111111111111 0.5578703703703703 0.2199074074074074 0.5555555555555556 0.2175925925925926 0.5578703703703703 0.2222222222222222 0.5671296296296297 0.2222222222222222 0.5763888888888888 0.22685185185185186 0.5833333333333334 0.23148148148148148 0.5879629629629629 0.24537037037037038 0.5902777777777778 0.2523148148148148 0.5949074074074074 0.25 0.5995370370370371 0.25 0.6157407407407407 0.24768518518518517 0.6180555555555556 0.2361111111111111 0.6180555555555556 0.2337962962962963 0.6157407407407407 0.21296296296296297 0.6134259259259259 0.19907407407407407 0.6064814814814815 0.19444444444444445 0.6064814814814815 0.18518518518518517 0.5995370370370371 0.17592592592592593 0.5879629629629629 0.17592592592592593 0.5833333333333334 0.1736111111111111 0.5810185185185185 0.1736111111111111 0.5601851851851852 0.1712962962962963 0.5578703703703703 0.13194444444444445 0.5578703703703703 0.12962962962962962 0.5555555555555556 0.11805555555555555 0.5555555555555556 0.11574074074074074 0.5532407407407407 0.09722222222222222 0.5509259259259259 0.0787037037037037 0.5416666666666666 0.06712962962962964 0.5300925925925926 0.0625 0.5208333333333334 0.0625 0.5092592592592593 0.06481481481481481 0.5069444444444444 0.06481481481481481 0.5023148148148148 0.0787037037037037 0.48842592592592593 0.09259259259259259 0.48148148148148145 0.09722222222222222 0.48148148148148145 0.10648148148148148 0.47685185185185186 0.11574074074074074 0.47685185185185186 0.11805555555555555 0.47453703703703703 0.1574074074074074 0.47453703703703703
7 0.32175925925925924 0.4513888888888889 0.3263888888888889 0.4583333333333333 0.3263888888888889 0.4675925925925926 0.33101851851851855 0.4722222222222222 0.3333333333333333 0.4699074074074074 0.3541666666666667 0.4699074074074074 0.35648148148148145 0.49074074074074076 0.3541666666666667 0.4930555555555556 0.33564814814814814 0.4930555555555556 0.33101851851851855 0.48842592592592593 0.3263888888888889 0.4976851851851852 0.3287037037037037 0.5 0.3287037037037037 0.5254629629629629 0.3333333333333333 0.5300925925925926 0.3587962962962963 0.5300925925925926 0.3611111111111111 0.5324074074074074 0.3611111111111111 0.5532407407407407 0.33564814814814814 0.5532407407407407 0.3333333333333333 0.5555555555555556 0.3333333333333333 0.5740740740740741 0.33101851851851855 0.5763888888888888 0.33101851851851855 0.5810185185185185 0.3148148148148148 0.5995370370370371 0.2962962962962963 0.6087962962962963 0.2824074074074074 0.6111111111111112 0.2800925925925926 0.6134259259259259 0.2708333333333333 0.6134259259259259 0.26851851851851855 0.6157407407407407 0.25462962962962965 0.6157407407407407 0.2523148148148148 0.6111111111111112 0.2523148148148148 0.5972222222222222 0.26157407407407407 0.5902777777777778 0.27546296296296297 0.5902777777777778 0.28703703703703703 0.5810185185185185 0.28703703703703703 0.5578703703703703 0.2777777777777778 0.5532407407407407 0.25462962962962965 0.5555555555555556 0.25 0.5486111111111112 0.25 0.5393518518518519 0.25462962962962965 0.5324074074074074 0.2824074074074074 0.5324074074074074 0.2847222222222222 0.5300925925925926 0.2847222222222222 0.5 0.2824074074074074 0.49537037037037035 0.2800925925925926 0.4930555555555556 0.22685185185185186 0.4930555555555556 0.22453703703703703 0.49074074074074076 0.2152777777777778 0.49074074074074076 0.21296296296296297 0.48842592592592593 0.2013888888888889 0.4861111111111111 0.18518518518518517 0.47685185185185186 0.17824074074074073 0.4699074074074074 0.1736111111111111 0.46064814814814814 0.1736111111111111 0.4537037037037037 0.2152777777777778 0.4537037037037037 0.2199074074074074 0.45601851851851855 0.2199074074074074 0.4583333333333333 0.23148148148148148 0.4699074074074074 0.2361111111111111 0.4699074074074074 0.23842592592592593 0.4722222222222222 0.2800925925925926 0.4722222222222222 0.2824074074074074 0.4699074074074074 0.2824074074074074 0.46064814814814814 0.2800925925925926 0.4583333333333333 0.2824074074074074 0.4537037037037037 0.3194444444444444 0.4537037037037037
6 0.30092592592592593 0.32407407407407407 0.30324074074074076 0.3263888888888889 0.3148148148148148 0.3263888888888889 0.31712962962962965 0.33101851851851855 0.3148148148148148 0.3425925925925926 0.30092592592592593 0.35648148148148145 0.29398148148148145 0.3611111111111111 0.28703703703703703 0.3611111111111111 0.2824074074074074 0.36574074074074076 0.26851851851851855 0.3680555555555556 0.2662037037037037 0.37037037037037035 0.25 0.37037037037037035 0.24768518518518517 0.3726851851851852 0.22453703703703703 0.3726851851851852 0.2199074074074074 0.37037037037037035 0.21296296296296297 0.3773148148148148 0.21296296296296297 0.3819444444444444 0.2152777777777778 0.38425925925925924 0.2152777777777778 0.4050925925925926 0.2199074074074074 0.4097222222222222 0.25925925925925924 0.4097222222222222 0.26157407407407407 0.41203703703703703 0.2777777777777778 0.41203703703703703 0.2800925925925926 0.41435185185185186 0.2916666666666667 0.4166666666666667 0.3055555555555556 0.4236111111111111 0.32175925925925924 0.4398148148148148 0.32407407407407407 0.4513888888888889 0.2800925925925926 0.4513888888888889 0.26851851851851855 0.4375 0.2569444444444444 0.43287037037037035 0.2199074074074074 0.43287037037037035 0.2175925925925926 0.4351851851851852 0.2175925925925926 0.4444444444444444 0.2152777777777778 0.44907407407407407 0.21064814814814814 0.44907407407407407 0.20833333333333334 0.4513888888888889 0.1712962962962963 0.4513888888888889 0.16435185185185186 0.43287037037037035 0.12962962962962962 0.43287037037037035 0.12731481481481483 0.4305555555555556 0.12268518518518519 0.43287037037037035 0.12037037037037036 0.4305555555555556 0.1087962962962963 0.4305555555555556 0.10648148148148148 0.42824074074074076 0.08796296296296297 0.42592592592592593 0.08333333333333333 0.4212962962962963 0.07175925925925926 0.4166666666666667 0.05555555555555555 0.40046296296296297 0.05324074074074074 0.38657407407407407 0.05787037037037037 0.375 0.0763888888888889 0.3587962962962963 0.08796296296296297 0.35648148148148145 0.09490740740740741 0.35185185185185186 0.10416666666666667 0.35185185185185186 0.10648148148148148 0.34953703703703703 0.14351851851851852 0.34953703703703703 0.14583333333333334 0.3472222222222222 0.1527777777777778 0.3472222222222222 0.1550925925925926 0.34953703703703703 0.16435185185185186 0.3425925925925926 0.16435185185185186 0.33564814814814814 0.16203703703703703 0.3333333333333333 0.16435185185185186 0.3287037037037037 0.1736111111111111 0.3287037037037037 0.17592592592592593 0.3263888888888889 0.20601851851851852 0.3287037037037037 0.21064814814814814 0.3333333333333333 0.21064814814814814 0.3402777777777778 0.20833333333333334 0.3425925925925926 0.21064814814814814 0.3472222222222222 0.23842592592592593 0.34953703703703703 0.24074074074074073 0.3472222222222222 0.25462962962962965 0.3472222222222222 0.25925925925925924 0.3449074074074074 0.27314814814814814 0.33101851851851855 0.27314814814814814 0.3287037037037037 0.2777777777777778 0.3263888888888889 0.2986111111111111 0.3263888888888889
4 0.33101851851851855 0.2152777777777778 0.3333333333333333 0.2175925925925926 0.33796296296296297 0.2152777777777778 0.3611111111111111 0.2152777777777778 0.37037037037037035 0.2199074074074074 0.3819444444444444 0.2199074074074074 0.3888888888888889 0.22453703703703703 0.39814814814814814 0.22685185185185186 0.41203703703703703 0.2361111111111111 0.41898148148148145 0.24537037037037038 0.4212962962962963 0.25 0.4212962962962963 0.25925925925925924 0.4236111111111111 0.26157407407407407 0.4236111111111111 0.27546296296296297 0.42592592592592593 0.2777777777777778 0.4444444444444444 0.2777777777777778 0.44675925925925924 0.2800925925925926 0.44907407407407407 0.2777777777777778 0.4513888888888889 0.2800925925925926 0.45601851851851855 0.2777777777777778 0.47453703703703703 0.2777777777777778 0.47685185185185186 0.2800925925925926 0.49537037037037035 0.2824074074074074 0.5185185185185185 0.29398148148148145 0.5300925925925926 0.3055555555555556 0.5324074074074074 0.3101851851851852 0.5324074074074074 0.3194444444444444 0.5 0.3194444444444444 0.4976851851851852 0.32175925925925924 0.4930555555555556 0.32175925925925924 0.48842592592592593 0.3125 0.4722222222222222 0.3055555555555556 0.42824074074074076 0.3055555555555556 0.42592592592592593 0.30787037037037035 0.42592592592592593 0.3194444444444444 0.3912037037037037 0.3194444444444444 0.3888888888888889 0.32175925925925924 0.38425925925925924 0.32175925925925924 0.38425925925925924 0.3125 0.37962962962962965 0.3055555555555556 0.3333333333333333 0.3055555555555556 0.33101851851851855 0.30787037037037035 0.3194444444444444 0.3055555555555556 0.31712962962962965 0.30787037037037035 0.31712962962962965 0.3194444444444444 0.3148148148148148 0.32407407407407407 0.3101851851851852 0.32175925925925924 0.3055555555555556 0.32407407407407407 0.27314814814814814 0.32407407407407407 0.2708333333333333 0.30787037037037035 0.26851851851851855 0.3055555555555556 0.2638888888888889 0.3055555555555556 0.26157407407407407 0.30787037037037035 0.25462962962962965 0.30787037037037035 0.2523148148148148 0.3055555555555556 0.25 0.30787037037037035 0.22685185185185186 0.3101851851851852 0.2222222222222222 0.3125 0.21064814814814814 0.32407407407407407 0.21064814814814814 0.3263888888888889 0.16435185185185186 0.3263888888888889 0.16203703703703703 0.32407407407407407 0.16435185185185186 0.32175925925925924 0.16435185185185186 0.3125 0.16666666666666666 0.30787037037037035 0.17824074074074073 0.2962962962962963 0.19675925925925927 0.28703703703703703 0.21064814814814814 0.2847222222222222 0.21296296296296297 0.2824074074074074 0.23148148148148148 0.2824074074074074 0.2337962962962963 0.2800925925925926 0.26851851851851855 0.2800925925925926 0.2708333333333333 0.2777777777777778 0.2708333333333333 0.25 0.27314814814814814 0.24768518518518517 0.27314814814814814 0.24305555555555555 0.2847222222222222 0.23148148148148148 0.2962962962962963 0.22453703703703703 0.30092592592592593 0.22453703703703703 0.3101851851851852 0.2199074074074074 0.31712962962962965 0.2199074074074074 0.3194444444444444 0.2175925925925926 0.3287037037037037 0.2175925925925926
11 0 0.6719999999999999 0.001776199074074074 0.6719999999999999 0.003552398148148148 0.67375 0.002220247685185185 0.67975 0.0039964467592592595 0.68975 0.0026642986111111108 0.6932499999999999 0.00666074537037037 0.70225 0.013765541666666667 0.70475 0.017761988425925926 0.7075 0.02975133101851852 0.7112499999999999 0.05905861342592593 0.71525 0.07682060416666667 0.71475 0.08436944907407408 0.7160000000000001 0.0994671412037037 0.71575 0.1043516875 0.71475 0.18294849074074074 0.7145 0.19227353472222222 0.71275 0.4049733564814815 0.71075 0.4547069282407407 0.7090000000000001 0.5497335694444444 0.70875 0.8521314398148149 0.70175 0.8845470694444444 0.7002499999999999 0.8929840138888889 0.69825 0.8978685601851851 0.69925 0.9058614560185185 0.6975 0.9125222013888888 0.698 0.9285079930555555 0.6962499999999999 0.9365008888888888 0.69425 0.960479574074074 0.68225 0.9724689166666667 0.6685 0.975577263888889 0.64975 0.9635879212962963 0.161 0.9591474236111112 0.15725 0.956483125 0.139 0.9520426296296297 0.13975 0.9391651875 0.13749999999999998 0.9329484907407407 0.13924999999999998 0.9253996458333333 0.13699999999999998 0.9222912962962964 0.138 0.918294849537037 0.1365 0.914298400462963 0.13725 0.9111900532407406 0.13625 0.8614564837962964 0.13625 0.8552397870370371 0.13749999999999998 0.8015097685185185 0.13874999999999998 0.7864120787037037 0.1365 0.7322380115740741 0.1395 0.725577263888889 0.139 0.6904973356481482 0.14049999999999999 0.6856127893518519 0.13975 0.6483126111111112 0.14049999999999999 0.6296625231481481 0.13975 0.6261101250000001 0.14049999999999999 0.623001775462963 0.13975 0.6079040856481482 0.14125000000000001 0.6021314398148149 0.14025 0.580817050925926 0.14049999999999999 0.5790408518518518 0.14175 0.5737122546296296 0.14049999999999999 0.19227353472222222 0.14675 0.18783303703703705 0.14825 0.17895204166666667 0.14725 0.17362344675925925 0.1485 0.1718472476851852 0.14775000000000002 0.04662522222222222 0.149 0.039520425925925924 0.14825 0.007992895833333333 0.15050000000000002 0.003108347222222222 0.15375 0.003108347222222222 0.15658324999999998 0 0.16024999999999998 0 0.304 0.007104796296296296 0.305 0.012433393518518519 0.31725 0.0039964467592592595 0.32 0.003552398148148148 0.325 0 0.3265 0 0.34525 0.011101243055555555 0.3485 0.011545293981481483 0.35150000000000003 0.01909413888888889 0.35800000000000004 0.015097689814814816 0.362 0.013765541666666667 0.369 0.016429840277777778 0.37424999999999997 0.020870337962962962 0.378 0.01820603935185185 0.3835 0.020426287037037038 0.3845 0.02220248611111111 0.3885 0.018650087962962966 0.3905 0.019982238425925926 0.39475000000000005 0.01554174074074074 0.3975 0.003108347222222222 0.40025 0.001776199074074074 0.39775 0 0.3975 0 0.41725 0.001776199074074074 0.41725 0.0053285972222222215 0.41975 0.009325043981481483 0.42600000000000005 0.007548844907407408 0.42824999999999996 0.007104796296296296 0.4425 0.008436944444444445 0.44375 0.013321493055555555 0.4445 0.014653641203703703 0.446 0.011989342592592591 0.453 0.013765541666666667 0.4555 0.010213143518518519 0.45749999999999996 0.004884546296296296 0.45799999999999996 0.003552398148148148 0.45949999999999996 0.002220247685185185 0.47025 0.0053285972222222215 0.47300000000000003 0.009325043981481483 0.474 0.011989342592592591 0.47674999999999995 0.007992895833333333 0.48075 0.007992895833333333 0.49224999999999997 0.009325043981481483 0.49175 0.014209592592592591 0.49356249999999996 0.01554174074074074 0.49624999999999997 0.01687388888888889 0.495 0.021314386574074074 0.49574999999999997 0.022646537037037034 0.49725 0.023978685185185183 0.50825 0.022646537037037034 0.5165 0.027087034722222222 0.54 0.021314386574074074 0.54025 0.01554174074074074 0.5325 0.010657194444444443 0.53625 0.012877442129629631 0.54 0.010213143518518519 0.5415 0.008436944444444445 0.54125 0.00666074537037037 0.543 0.007992895833333333 0.5475 0.013321493055555555 0.5529999999999999 0.001332148148148148 0.567 0 0.567 0 0.5680000000000001 0.0039964467592592595 0.56958325 0.0039964467592592595 0.5722499999999999 0 0.573 0 0.6719999999999999
12 0 0.2055 0.9902309050925925 0.2055 0.9902309050925925 0.12964 0 0.12964 0 0.2055
13 0.5568383657407407 0.27225 0.5643872106481482 0.27375 0.5781527523148148 0.2735 0.585701599537037 0.272 0.5905861458333334 0.26875 0.5932504444444445 0.25525 0.5901420949074074 0.25 0.5852575486111111 0.247 0.5714920069444445 0.244 0.5586145648148149 0.24375 0.5461811712962963 0.2475 0.5408525763888888 0.253 0.5399644768518519 0.259 0.543516875 0.26575 0.5479573703703703 0.26875 0.5568383657407407 0.27225
13 0.3277087037037037 0.27649999999999997 0.35657193518518515 0.277 0.36722912962962967 0.2755 0.3712255763888889 0.273 0.373889875 0.26525 0.3734458263888889 0.25875 0.36767317824074075 0.25125000000000003 0.3587921851851852 0.24775000000000003 0.3494671412037037 0.24675 0.3370337476851852 0.2475 0.3250444050925926 0.25225 0.3188277083333333 0.259 0.3179396087962963 0.26699999999999996 0.31927175925925927 0.27075 0.32149200694444446 0.2735 0.3277087037037037 0.27649999999999997
13 0.6762877453703703 0.33525 0.6971580810185185 0.33449999999999996 0.7015985787037037 0.33325 0.7055950277777777 0.328 0.7082593240740741 0.3165 0.706483125 0.31275000000000003 0.6993783310185185 0.30775 0.6891651875 0.30524999999999997 0.6709591481481482 0.30474999999999997 0.6580817060185185 0.309 0.6536412083333333 0.3155 0.6545293078703703 0.3245 0.6585257546296297 0.32875000000000004 0.6660745995370371 0.33299999999999996 0.6762877453703703 0.33525
13 0.44804618055555556 0.33825 0.4555950277777778 0.33975 0.46802841898148145 0.33949999999999997 0.47424511574074074 0.33875 0.48179396064814817 0.335 0.4871225578703704 0.3245 0.48623445833333334 0.32025000000000003 0.4826820601851852 0.3155 0.47424511574074074 0.31 0.4595914745370371 0.30800000000000005 0.44937833101851854 0.30925 0.4391651875 0.31275000000000003 0.4320603912037037 0.319 0.4316163402777778 0.3245 0.43516873842592596 0.3315 0.4413854351851852 0.33575000000000005 0.44804618055555556 0.33825
13 0.25177619907407406 0.34349999999999997 0.2584369444444445 0.34149999999999997 0.2664298402777778 0.33525 0.26953818749999997 0.3285 0.2677619884259259 0.32175000000000004 0.26110124305555554 0.316 0.25 0.31174999999999997 0.24555950231481483 0.31075 0.2375666064814815 0.31075 0.22646536342592594 0.31325000000000003 0.21936056944444446 0.31699999999999995 0.2144760208333333 0.32325000000000004 0.2144760208333333 0.33449999999999996 0.22380106481481482 0.34299999999999997 0.2375666064814815 0.345 0.25177619907407406 0.34349999999999997
13 0.12211367592592592 0.40775 0.12921847222222224 0.409 0.13721136805555556 0.409 0.15452930787037036 0.40775 0.1598579050925926 0.40599999999999997 0.16163410416666668 0.40275 0.16163410416666668 0.391 0.15763765509259262 0.37625 0.15408525694444444 0.377 0.14653641203703704 0.37474999999999997 0.12300177546296297 0.37675 0.11278863194444444 0.382 0.1092362337962963 0.3855 0.10834813425925925 0.38999999999999996 0.11056838425925927 0.3965 0.11634103009259258 0.40475 0.12211367592592592 0.40775
13 0.3459147430555556 0.40549999999999997 0.35479573611111115 0.40625 0.36722912962962967 0.40475 0.3787744236111111 0.40025 0.3849911180555555 0.39425 0.3854351689814815 0.3875 0.38010657175925927 0.37925000000000003 0.36944937731481486 0.373 0.3596802847222222 0.37074999999999997 0.3481349907407407 0.37124999999999997 0.34147424537037036 0.37325 0.33259325 0.3785 0.3277087037037037 0.38575000000000004 0.3277087037037037 0.39275 0.33170515046296295 0.39925 0.3352575486111111 0.40175000000000005 0.3459147430555556 0.40549999999999997
13 0.5639431620370371 0.40049999999999997 0.5719360578703704 0.401 0.5861456481481482 0.39849999999999997 0.5923623449074074 0.39549999999999996 0.5972468912037037 0.39075 0.5985790416666666 0.38575000000000004 0.5968028425925925 0.37949999999999995 0.5923623449074074 0.37424999999999997 0.5812611018518519 0.36924999999999997 0.5706039074074074 0.3685 0.5563943171296296 0.3725 0.5492895208333333 0.37575000000000003 0.5448490231481481 0.38025 0.543516875 0.387 0.5466252222222222 0.39125000000000004 0.5577264652777778 0.39899999999999997 0.5639431620370371 0.40049999999999997
13 0.7966252222222222 0.39699999999999996 0.8072824166666668 0.3945 0.8152753101851852 0.38875 0.8201598587962963 0.38 0.809946712962963 0.36924999999999997 0.8032859675925926 0.366 0.7970692708333333 0.36475 0.7859680277777777 0.365 0.7735346365740741 0.3685 0.7668738888888889 0.37599999999999995 0.7686500879629631 0.38999999999999996 0.7793072824074074 0.39675 0.7855239791666667 0.3975 0.7966252222222222 0.39699999999999996
13 0.6758436944444445 0.46025 0.6847246898148148 0.46125 0.6936056828703704 0.4605 0.7033747777777778 0.45599999999999996 0.7100355231481481 0.44975 0.7100355231481481 0.44225 0.707371224537037 0.436 0.7024866782407407 0.43125 0.6918294837962963 0.42875 0.6780639421296297 0.4285 0.6696269976851852 0.4305 0.6611900532407406 0.4355 0.6571936064814815 0.44225 0.6567495555555555 0.446 0.6589698055555556 0.45 0.6660745995370371 0.45625 0.6758436944444445 0.46025
13 0.45515097685185185 0.46375 0.46625221990740745 0.46525 0.47912966203703705 0.464 0.4924511550925926 0.45599999999999996 0.4955595023148148 0.44975 0.49378330324074077 0.44275 0.49067495601851846 0.43925 0.48001776157407405 0.4335 0.4702486689814815 0.4315 0.4547069282407407 0.43174999999999997 0.4440497337962963 0.43575 0.43605683796296296 0.443 0.4365008888888889 0.44975 0.4413854351851852 0.4565 0.44937833101851854 0.46175 0.45515097685185185 0.46375
13 0.23268206018518517 0.467 0.2375666064814815 0.46900000000000003 0.24911190046296297 0.47 0.2633214930555556 0.46875 0.2677619884259259 0.46625 0.26820603935185183 0.4635 0.27397868518518514 0.4585 0.27575488425925926 0.453 0.27264653703703706 0.44425 0.2642095925925926 0.4375 0.24866785185185183 0.434 0.2375666064814815 0.435 0.22202486574074076 0.443 0.2211367662037037 0.4445 0.2202486689814815 0.4515 0.22202486574074076 0.45625 0.22690941435185186 0.4635 0.23268206018518517 0.467
13 0.13987566666666668 0.5325 0.15408525694444444 0.53275 0.16829484953703702 0.5307499999999999 0.17051509722222222 0.525 0.1700710486111111 0.5115 0.16607459953703702 0.50525 0.1580817060185185 0.50025 0.14742451157407407 0.49825 0.13365896990740742 0.49825 0.1265541736111111 0.49974999999999997 0.12255772685185186 0.50175 0.11500888194444443 0.509 0.11500888194444443 0.5187499999999999 0.1212255763888889 0.5257499999999999 0.1287744236111111 0.53025 0.13987566666666668 0.5325
13 0.3627886319444445 0.52675 0.3712255763888889 0.526 0.37921847222222227 0.52325 0.3841030185185185 0.52 0.3880994675925926 0.51375 0.3885435162037037 0.50875 0.38188277083333333 0.5 0.3765541736111111 0.4965 0.3592362337962963 0.49475 0.3490230902777778 0.4965 0.33969804629629635 0.5015 0.3361456481481482 0.50525 0.3348135 0.51075 0.33747779861111116 0.51625 0.3485790416666667 0.52325 0.3627886319444445 0.52675
13 0.5670515092592593 0.52225 0.5777087037037036 0.5237499999999999 0.5839254004629629 0.523 0.5985790416666666 0.51925 0.6025754884259259 0.5167499999999999 0.606127886574074 0.51075 0.606127886574074 0.50475 0.6043516875 0.50125 0.6003552407407406 0.49725 0.585701599537037 0.49074999999999996 0.5777087037037036 0.49 0.5643872106481482 0.49274999999999997 0.5537300185185186 0.4965 0.5510657199074074 0.49875 0.5488454699074075 0.50525 0.5528419189814815 0.51575 0.5572824166666667 0.5187499999999999 0.5670515092592593 0.52225
13 0.792628775462963 0.519 0.8068383657407407 0.51825 0.8139431620370371 0.5165 0.8210479583333333 0.51175 0.8254884537037037 0.50575 0.8250444050925926 0.501 0.8197158078703703 0.49375 0.8112788634259259 0.48924999999999996 0.7997335694444444 0.4875 0.7846358796296296 0.48825 0.7779751342592592 0.49 0.772646537037037 0.49274999999999997 0.7686500879629631 0.5 0.7686500879629631 0.50575 0.7722024861111111 0.512 0.7824156296296296 0.51725 0.792628775462963 0.519
13 0.6860568379629629 0.58075 0.6998223796296296 0.581 0.7029307291666667 0.58025 0.7109236226851853 0.576 0.7171403194444445 0.56925 0.7166962708333334 0.56075 0.7131438726851852 0.55575 0.707371224537037 0.5527500000000001 0.6949378333333334 0.54925 0.6785079930555555 0.5499999999999999 0.6722912962962964 0.55175 0.6660745995370371 0.5565 0.6629662523148149 0.56125 0.6625222013888888 0.56625 0.6647424513888889 0.5725 0.6727353472222222 0.5775 0.6860568379629629 0.58075
13 0.4604795740740741 0.58375 0.4729129652777778 0.585 0.4835701597222222 0.5840000000000001 0.4893428055555556 0.58175 0.4964476018518518 0.5765 0.49866785185185186 0.5705 0.4973357013888889 0.5635 0.49289520370370365 0.558 0.4835701597222222 0.55425 0.4733570162037037 0.554 0.4582593240740741 0.55625 0.45204262962962966 0.5599999999999999 0.44804618055555556 0.5645 0.4471580810185185 0.571 0.44893428009259256 0.57525 0.45293072916666666 0.57975 0.4604795740740741 0.58375
13 0.24156305555555554 0.5885 0.2548845462962963 0.5910000000000001 0.27220248611111114 0.589 0.27797513425925924 0.58675 0.2841918287037037 0.5815 0.2846358796296296 0.5695 0.2815275300925926 0.56425 0.27309058564814814 0.5597500000000001 0.26154529398148146 0.55775 0.2504440486111111 0.558 0.23312611111111112 0.5630000000000001 0.2282415625 0.5665 0.22690941435185186 0.56975 0.2282415625 0.5785 0.23357015972222223 0.58475 0.24156305555555554 0.5885
13 0.3619005324074074 0.6479999999999999 0.373889875 0.64825 0.38676731712962964 0.6455 0.39387211342592593 0.6407499999999999 0.3960923634259259 0.63725 0.3960923634259259 0.626 0.39209591435185187 0.6215 0.38454706944444444 0.6174999999999999 0.3734458263888889 0.6160000000000001 0.355239787037037 0.617 0.3450266435185185 0.6195 0.3419182939814815 0.62125 0.3392539953703704 0.6262500000000001 0.33880994675925924 0.6335000000000001 0.3432504444444444 0.6405000000000001 0.35346358796296296 0.64625 0.3619005324074074 0.6479999999999999
13 0.5821492013888888 0.64325 0.6021314398148149 0.64125 0.6079040856481482 0.638 0.6123445833333334 0.6332500000000001 0.6132326828703704 0.62575 0.6096802847222222 0.61975 0.603019537037037 0.615 0.5914742453703704 0.61175 0.5839254004629629 0.6115 0.5683836597222223 0.61425 0.559946712962963 0.6195 0.5568383657407407 0.624 0.5563943171296296 0.63 0.5595026643518518 0.63575 0.5674955601851852 0.64125 0.5821492013888888 0.64325