2 0.6180555555555556 0.41898148148148145 0.6203703703703703 0.4212962962962963 0.6296296296296297 0.4212962962962963 0.6319444444444444 0.4236111111111111 0.6388888888888888 0.4236111111111111 0.6458333333333334 0.42824074074074076 0.6504629629629629 0.42824074074074076 0.6689814814814815 0.4398148148148148 0.6736111111111112 0.4444444444444444 0.6782407407407407 0.45601851851851855 0.6782407407407407 0.4791666666666667 0.6805555555555556 0.48148148148148145 0.7060185185185185 0.4791666666666667 0.7129629629629629 0.4837962962962963 0.7129629629629629 0.4976851851851852 0.7106481481481481 0.5023148148148148 0.6828703703703703 0.5023148148148148 0.6759259259259259 0.5092592592592593 0.6759259259259259 0.5370370370370371 0.6805555555555556 0.5416666666666666 0.7060185185185185 0.5416666666666666 0.7106481481481481 0.5439814814814815 0.7129629629629629 0.5486111111111112 0.7129629629629629 0.5578703703703703 0.7083333333333334 0.5648148148148148 0.6828703703703703 0.5648148148148148 0.6759259259259259 0.5717592592592593 0.6759259259259259 0.5902777777777778 0.6712962962962963 0.5995370370370371 0.6597222222222222 0.6111111111111112 0.6342592592592593 0.6226851851851852 0.6226851851851852 0.6226851851851852 0.6203703703703703 0.625 0.6087962962962963 0.625 0.6064814814814815 0.6273148148148148 0.5995370370370371 0.6273148148148148 0.5972222222222222 0.625 0.5972222222222222 0.6087962962962963 0.5995370370370371 0.6064814814814815 0.5995370370370371 0.6018518518518519 0.6157407407407407 0.5995370370370371 0.625 0.5949074074074074 0.6319444444444444 0.5879629629629629 0.6319444444444444 0.5671296296296297 0.6296296296296297 0.5648148148148148 0.6041666666666666 0.5648148148148148 0.6018518518518519 0.5625 0.6018518518518519 0.5416666666666666 0.6064814814814815 0.5393518518518519 0.6087962962962963 0.5416666666666666 0.6111111111111112 0.5393518518518519 0.6157407407407407 0.5393518518518519 0.6180555555555556 0.5416666666666666 0.6296296296296297 0.5416666666666666 0.6342592592592593 0.5370370370370371 0.6342592592592593 0.5069444444444444 0.6296296296296297 0.5023148148148148 0.6041666666666666 0.5023148148148148 0.6018518518518519 0.5 0.6018518518518519 0.4837962962962963 0.6064814814814815 0.4791666666666667 0.6203703703703703 0.4791666666666667 0.625 0.48148148148148145 0.6342592592592593 0.47685185185185186 0.6342592592592593 0.4583333333333333 0.625 0.44907407407407407 0.6157407407407407 0.4444444444444444 0.6041666666666666 0.4444444444444444 0.6018518518518519 0.44212962962962965 0.6018518518518519 0.4212962962962963 0.6041666666666666 0.41898148148148145 0.6157407407407407 0.41898148148148145
11 0 0.76325 0.003108347222222222 0.7667499999999999 0.004884546296296296 0.77775 0.011989342592592591 0.7805 0.014653641203703703 0.7785000000000001 0.01820603935185185 0.7785000000000001 0.018650087962962966 0.7792500000000001 0.023090585648148147 0.777 0.032415629629629635 0.7795000000000001 0.0364120787037037 0.779 0.04484902314814815 0.78125 0.05062166898148148 0.78025 0.05772646527777778 0.78125 0.06527531018518519 0.7792500000000001 0.07104795833333333 0.7805 0.09191829398148148 0.78025 0.09502664351851851 0.7815 0.10612788657407408 0.7807499999999999 0.10834813425925925 0.7815 0.2526642986111111 0.7829999999999999 0.2655417407407408 0.7839999999999999 0.42761989351851853 0.7829999999999999 0.45426287731481485 0.78375 0.4658081712962963 0.782 0.4835701597222222 0.78425 0.5235346365740741 0.7855 0.5337477800925926 0.7835 0.539520425925926 0.78475 0.5461811712962963 0.7845 0.5603907638888889 0.78625 0.5741563055555555 0.78475 0.5812611018518519 0.7865 0.5968028425925925 0.7869999999999999 0.6092362337962962 0.7865 0.6163410300925926 0.7829999999999999 0.623001775462963 0.7857500000000001 0.6265541736111111 0.7855 0.6296625231481481 0.78725 0.6780639421296297 0.788 0.7353463587962963 0.788 0.7375666064814815 0.78725 0.7646536412037037 0.78925 0.8037300185185186 0.7895000000000001 0.8072824166666668 0.7905 0.8348135 0.78825 0.8654529305555556 0.7797499999999999 0.8783303726851851 0.7722500000000001 0.8796625231481481 0.7695 0.8898756666666666 0.762 0.8974245115740741 0.7424999999999999 0.893872113425926 0.6 0.8943161643518519 0.4965 0.8920959143518518 0.47300000000000003 0.8903197152777778 0.33475 0.8889875671296296 0.32949999999999996 0.8845470694444444 0.3245 0.8841030185185185 0.32025000000000003 0.8858792175925926 0.3175 0.8836589699074074 0.31275000000000003 0.8805506226851852 0.3105 0.8809946712962963 0.30324999999999996 0.8787744236111111 0.3005 0.8787744236111111 0.28725 0.8823268217592592 0.28250000000000003 0.8827708703703704 0.27649999999999997 0.8880994675925926 0.265 0.8889875671296296 0.26425000000000004 0.893872113425926 0.26475 0.895204263888889 0.26225 0.893872113425926 0.259 0.8960923634259259 0.25475000000000003 0.8943161643518519 0.252 0.895204263888889 0.24675 0.893872113425926 0.24375 0.8960923634259259 0.24125 0.8907637662037038 0.23975000000000002 0.8894316157407408 0.237 0.8929840138888889 0.23424999999999999 0.8920959143518518 0.23224999999999998 0.8801065717592592 0.223 0.876998224537037 0.2215 0.8690053287037037 0.22225 0.8605683842592592 0.2215 0.8468028425925925 0.22274999999999998 0.8339254004629629 0.22175 0.8281527523148149 0.22274999999999998 0.7957371226851853 0.22225 0.7886323263888889 0.2235 0.771314386574074 0.2235 0.7304618125 0.2215 0.5328596805555555 0.22325 0.5293072824074074 0.225 0.522646537037037 0.22475 0.518650087962963 0.2235 0.46314387268518514 0.22449999999999998 0.4604795740740741 0.22525 0.4320603912037037 0.225 0.42850799305555554 0.22624999999999998 0.41829484953703705 0.2255 0.2930728240740741 0.22699999999999998 0.28996447685185184 0.2285 0.2864120787037037 0.22775 0.2837477800925926 0.22874999999999998 0.2655417407407408 0.2285 0.2619893425925926 0.23 0.2531083472222222 0.2275 0.2442273541666667 0.22724999999999998 0.2349023101851852 0.22874999999999998 0.22735346296296297 0.22775 0.126110125 0.22899999999999998 0.11367673148148148 0.23074999999999998 0.10568383564814815 0.22925 0.0945825925925926 0.23 0.08880994675925925 0.23175 0.0821492013888889 0.23025 0.06749556018518518 0.2295 0.06261101157407407 0.23125 0.05017762037037037 0.22974999999999998 0.04662522222222222 0.23049999999999998 0.03863232638888889 0.22974999999999998 0.032415629629629635 0.23149999999999998 0.0217584375 0.23224999999999998 0.011989342592592591 0.23175 0.007992895833333333 0.23025 0 0.23175 0 0.76325
12 0 0.29650875 0.9033392546296296 0.29650875 0.9033392546296296 0.22496125 0 0.22496125 0 0.29650875
13 0.27220248611111114 0.3575 0.2864120787037037 0.35874999999999996 0.2957371226851852 0.357 0.30461811805555555 0.352 0.3086145648148148 0.34775 0.30950266435185186 0.34349999999999997 0.3077264652777778 0.33825 0.3001776203703703 0.3305 0.290408525462963 0.3265 0.2788632337962963 0.326 0.2690941388888889 0.32725000000000004 0.2624333935185185 0.33 0.2544404976851852 0.3355 0.2535523981481482 0.34425 0.2548845462962963 0.34925 0.2597690949074074 0.35325 0.27220248611111114 0.3575
13 0.49422735416666663 0.35725 0.5048845462962963 0.356 0.5155417407407408 0.35225 0.520426287037037 0.34800000000000003 0.522646537037037 0.342 0.520870337962963 0.33525 0.5159857893518518 0.33 0.5084369444444444 0.3265 0.4955595023148148 0.32475 0.48046181250000003 0.32625 0.4733570162037037 0.32975 0.46802841898148145 0.3355 0.4675843703703703 0.34349999999999997 0.4702486689814815 0.34875 0.4840142106481482 0.35524999999999995 0.49422735416666663 0.35725
13 0.5923623449074074 0.41475 0.6092362337962962 0.41550000000000004 0.6194493773148148 0.413 0.626998224537037 0.40925 0.6309946712962963 0.40425 0.6314387222222222 0.40025 0.6287744236111111 0.39325 0.6190053287037037 0.38725 0.6092362337962962 0.3845 0.6007992893518519 0.3845 0.5905861458333334 0.386 0.5777087037037036 0.3925 0.5746003541666667 0.3975 0.5746003541666667 0.4045 0.5777087037037036 0.40825 0.5812611018518519 0.4115 0.5923623449074074 0.41475
13 0.38143872222222225 0.4165 0.4009769097222222 0.41625 0.40852575462962964 0.41225 0.4151865 0.4045 0.4151865 0.39825000000000005 0.4116341041666666 0.39325 0.4067495555555556 0.38975000000000004 0.3978685601851852 0.38625000000000004 0.38277087037037033 0.386 0.36989342824074073 0.3895 0.36412078240740736 0.39349999999999996 0.3610124328703704 0.3975 0.3605683842592593 0.40399999999999997 0.3658969814814815 0.41074999999999995 0.37033747685185187 0.41375 0.38143872222222225 0.4165
13 0.1647424513888889 0.41675 0.17850799305555556 0.41825 0.18916518750000003 0.41700000000000004 0.19671403240740742 0.41275 0.20204262962962963 0.408 0.2033747777777778 0.40075 0.19982237962962962 0.3945 0.19715808101851853 0.3925 0.18161634027777776 0.38675 0.16873889814814816 0.38675 0.16119005324074073 0.38875 0.1527531087962963 0.39275 0.14875665972222224 0.3975 0.14786856018518518 0.4045 0.15008881018518516 0.41000000000000003 0.16119005324074073 0.416 0.1647424513888889 0.41675
13 0.06216696296296296 0.4775 0.07726465277777778 0.47775 0.08792184722222222 0.47475 0.09236234490740741 0.47125 0.09591474305555556 0.46525 0.09547069212962962 0.459 0.09280639351851852 0.45399999999999996 0.08658969907407409 0.44925 0.07504440509259258 0.447 0.060390763888888886 0.44725 0.05017762037037037 0.4505 0.043072824074074076 0.45675 0.043072824074074076 0.46625 0.04662522222222222 0.47175 0.051953819444444445 0.475 0.06216696296296296 0.4775
13 0.26953818749999997 0.47625 0.2841918287037037 0.47825 0.293516875 0.47775 0.30062166898148146 0.47475 0.30728241666666667 0.46825 0.30950266435185186 0.46099999999999997 0.30817051620370367 0.45675 0.30195381944444444 0.45125 0.29484902314814815 0.44825000000000004 0.28063943055555557 0.44675000000000004 0.2650976898148148 0.44899999999999995 0.2584369444444445 0.45225000000000004 0.2544404976851852 0.45749999999999996 0.25399644675925925 0.464 0.2575488449074074 0.47 0.2624333935185185 0.474 0.26953818749999997 0.47625
13 0.4875666064814815 0.477 0.49866785185185186 0.47825 0.5128774421296296 0.475 0.5177619884259259 0.47175 0.522646537037037 0.46375 0.522646537037037 0.45949999999999996 0.5195381875 0.453 0.5150976898148149 0.44975 0.5035523981481481 0.44675000000000004 0.49111900462962965 0.44625 0.48001776157407405 0.4485 0.4724689166666667 0.45175000000000004 0.46802841898148145 0.45675 0.4675843703703703 0.46299999999999997 0.46936056944444443 0.46725 0.477353462962963 0.474 0.4875666064814815 0.477
13 0.7140319722222223 0.47725 0.727353462962963 0.475 0.7375666064814815 0.46950000000000003 0.7397868564814815 0.467 0.7411190046296297 0.45925 0.7380106574074075 0.4535 0.7322380115740741 0.44875000000000004 0.7220248657407408 0.44575 0.7091474236111112 0.44475000000000003 0.7015985787037037 0.446 0.6887211365740741 0.4515 0.6851687384259258 0.45625 0.6865008888888888 0.4675 0.6891651875 0.4705 0.7011545300925925 0.47525 0.7140319722222223 0.47725
13 0.5985790416666666 0.53775 0.6092362337962962 0.537 0.6190053287037037 0.53425 0.6252220254629629 0.52975 0.6274422731481482 0.51975 0.6247779745370371 0.514 0.6207815277777777 0.5105 0.6119005324074074 0.5075000000000001 0.6007992893518519 0.50625 0.5910301944444444 0.50725 0.5781527523148148 0.51325 0.5754884537037037 0.518 0.5750444050925926 0.5235 0.5785968032407408 0.5305 0.5883658958333333 0.53525 0.5985790416666666 0.53775
13 0.3849911180555555 0.538 0.3978685601851852 0.538 0.40896980555555557 0.5337500000000001 0.4147424513888889 0.52725 0.41563055092592593 0.5195 0.41119005324074076 0.51175 0.4076376550925926 0.50875 0.39342806481481485 0.50575 0.38321491898148147 0.50575 0.3730017754629629 0.508 0.3650088819444445 0.51275 0.3610124328703704 0.5187499999999999 0.3614564837962963 0.5257499999999999 0.3645648310185185 0.5307499999999999 0.3734458263888889 0.53625 0.3849911180555555 0.538
13 0.16385435185185185 0.5367500000000001 0.17584369444444445 0.53775 0.18472468981481482 0.5365 0.19582593287037037 0.53325 0.20026643055555554 0.5295 0.20204262962962963 0.5225 0.19982237962962962 0.51425 0.19449378240740742 0.5097499999999999 0.18383659027777777 0.506 0.16074600462962962 0.5075000000000001 0.15364120833333333 0.511 0.14742451157407407 0.5187499999999999 0.14698046296296297 0.5257499999999999 0.15008881018518516 0.53 0.15763765509259262 0.53475 0.16385435185185185 0.5367500000000001
13 0.060390763888888886 0.597 0.07326820601851852 0.598 0.08037300231481481 0.597 0.08925399537037038 0.59275 0.09369449305555556 0.589 0.09591474305555556 0.58475 0.09502664351851851 0.578 0.09280639351851852 0.5745 0.08792184722222222 0.5705 0.07770870370370371 0.5675 0.06527531018518519 0.566 0.058170516203703705 0.56675 0.04618117129629629 0.57175 0.040852576388888895 0.57775 0.040852576388888895 0.58525 0.045737122685185184 0.59175 0.05017762037037037 0.5942500000000001 0.060390763888888886 0.597
13 0.26953818749999997 0.59675 0.28197158101851855 0.598 0.2895204259259259 0.59775 0.2957371226851852 0.5957499999999999 0.30417406712962963 0.5910000000000001 0.30639431712962967 0.5885 0.3068383657407407 0.5812499999999999 0.30461811805555555 0.5755 0.29973356944444446 0.57025 0.290408525462963 0.5665 0.2784191828703704 0.566 0.26598578935185185 0.56875 0.25666074537037037 0.5745 0.2531083472222222 0.58 0.2531083472222222 0.585 0.25532859722222223 0.58975 0.26065719444444446 0.59375 0.26953818749999997 0.59675
13 0.4973357013888889 0.599 0.5048845462962963 0.59875 0.5177619884259259 0.59275 0.522646537037037 0.58725 0.5230905856481481 0.5805 0.5190941388888889 0.57275 0.5084369444444444 0.56725 0.5022202476851851 0.566 0.4871225578703704 0.56625 0.4809058611111111 0.5680000000000001 0.4720248657407407 0.573 0.46802841898148145 0.57825 0.4675843703703703 0.586 0.4702486689814815 0.5912499999999999 0.4840142106481482 0.5975 0.4973357013888889 0.599
13 0.7122557731481481 0.5994999999999999 0.7215808171296296 0.5994999999999999 0.7304618125 0.59725 0.7384547060185185 0.5925 0.7420071041666667 0.5885 0.7420071041666667 0.5815 0.7384547060185185 0.5745 0.7304618125 0.56975 0.7166962708333334 0.56675 0.6984902314814815 0.56975 0.689609236111111 0.5745 0.6851687384259258 0.583 0.6851687384259258 0.5885 0.6887211365740741 0.592 0.6989342800925926 0.59675 0.7122557731481481 0.5994999999999999
13 0.603019537037037 0.66125 0.6163410300925926 0.65975 0.6247779745370371 0.65625 0.6305506226851852 0.652 0.6327708703703704 0.6447499999999999 0.6314387222222222 0.64 0.6274422731481482 0.6339999999999999 0.6194493773148148 0.62975 0.5950266435185185 0.6285 0.5812611018518519 0.633 0.5768206041666667 0.64 0.5763765532407408 0.6472500000000001 0.5799289513888889 0.654 0.5945825925925926 0.6605 0.603019537037037 0.66125
13 0.37078152777777773 0.657 0.37966252314814813 0.65925 0.3903197152777778 0.6595 0.4018650092592593 0.6582499999999999 0.4080817060185185 0.656 0.41429840046296296 0.6479999999999999 0.4151865 0.64225 0.41207815277777776 0.63525 0.4054174074074074 0.62975 0.39387211342592593 0.62725 0.38010657175925927 0.628 0.36989342824074073 0.6305 0.3619005324074074 0.637 0.3596802847222222 0.6405000000000001 0.3601243333333333 0.6477499999999999 0.36545293055555556 0.6545000000000001 0.37078152777777773 0.657
13 0.16341030092592593 0.6579999999999999 0.17140319675925927 0.6589999999999999 0.18250443981481482 0.6579999999999999 0.19138543518518517 0.6547499999999999 0.19760213194444443 0.65 0.20026643055555554 0.64425 0.19804618055555553 0.636 0.1962699814814815 0.6335000000000001 0.18472468981481482 0.62825 0.1700710486111111 0.62725 0.1598579050925926 0.62875 0.1505328587962963 0.6325000000000001 0.14653641203703704 0.6375 0.1456483125 0.645 0.14698046296296297 0.6487499999999999 0.15097690972222222 0.65225 0.16341030092592593 0.6579999999999999
13 0.27220248611111114 0.7214999999999999 0.2859680277777778 0.7214999999999999 0.2939609236111111 0.7192500000000001 0.30461811805555555 0.71225 0.3077264652777778 0.7065 0.3059502662037037 0.6995 0.30062166898148146 0.6925 0.293516875 0.6894999999999999 0.2788632337962963 0.6880000000000001 0.2713143865740741 0.6880000000000001 0.26287744212962966 0.6902499999999999 0.25532859722222223 0.6962499999999999 0.2522202476851852 0.7027500000000001 0.2522202476851852 0.7097500000000001 0.2544404976851852 0.7135 0.2650976898148148 0.7200000000000001 0.27220248611111114 0.7214999999999999
13 0.4840142106481482 0.723 0.49111900462962965 0.724 0.5048845462962963 0.7235 0.5115452939814815 0.7214999999999999 0.5173179398148148 0.7182499999999999 0.522646537037037 0.71275 0.5235346365740741 0.705 0.519982238425926 0.69675 0.5137655416666667 0.69175 0.5022202476851851 0.6887500000000001 0.4840142106481482 0.6890000000000001 0.48001776157407405 0.6905 0.4724689166666667 0.6955 0.46714031944444445 0.7030000000000001 0.46625221990740745 0.7065 0.4689165185185185 0.7145 0.4751332152777778 0.7192500000000001 0.4840142106481482 0.723