0 0.3263888888888889 0.48148148148148145 0.3287037037037037 0.4837962962962963 0.35185185185185186 0.4861111111111111 0.3726851851851852 0.4976851851851852 0.3819444444444444 0.5 0.38657407407407407 0.5046296296296297 0.39351851851851855 0.5046296296296297 0.41898148148148145 0.49074074074074076 0.4236111111111111 0.49074074074074076 0.43287037037037035 0.4861111111111111 0.4398148148148148 0.4861111111111111 0.44212962962962965 0.4837962962962963 0.4537037037037037 0.4837962962962963 0.45601851851851855 0.48148148148148145 0.4722222222222222 0.48148148148148145 0.47453703703703703 0.4837962962962963 0.5023148148148148 0.4861111111111111 0.5300925925925926 0.4976851851851852 0.5439814814814815 0.5092592592592593 0.5486111111111112 0.5092592592592593 0.5555555555555556 0.5023148148148148 0.5648148148148148 0.4976851851851852 0.5694444444444444 0.4976851851851852 0.5740740740740741 0.4930555555555556 0.5787037037037037 0.4930555555555556 0.5879629629629629 0.48842592592592593 0.5949074074074074 0.48842592592592593 0.5972222222222222 0.4861111111111111 0.6180555555555556 0.4861111111111111 0.6226851851851852 0.4837962962962963 0.625 0.4861111111111111 0.6458333333333334 0.4861111111111111 0.6481481481481481 0.48842592592592593 0.6574074074074074 0.48842592592592593 0.6597222222222222 0.49074074074074076 0.6689814814814815 0.49074074074074076 0.6736111111111112 0.4930555555555556 0.6759259259259259 0.4976851851851852 0.6736111111111112 0.5023148148148148 0.6643518518518519 0.5046296296296297 0.6527777777777778 0.5115740740740741 0.6388888888888888 0.5115740740740741 0.6296296296296297 0.5069444444444444 0.6111111111111112 0.5069444444444444 0.5833333333333334 0.5208333333333334 0.5787037037037037 0.5277777777777778 0.5972222222222222 0.5393518518518519 0.5763888888888888 0.5532407407407407 0.5671296296296297 0.5555555555555556 0.5532407407407407 0.5486111111111112 0.5486111111111112 0.5439814814814815 0.5393518518518519 0.5439814814814815 0.5115740740740741 0.5601851851851852 0.5069444444444444 0.5601851851851852 0.4976851851851852 0.5648148148148148 0.48842592592592593 0.5648148148148148 0.4861111111111111 0.5671296296296297 0.44907407407407407 0.5671296296296297 0.44675925925925924 0.5648148148148148 0.4351851851851852 0.5648148148148148 0.4166666666666667 0.5578703703703703 0.41203703703703703 0.5532407407407407 0.3958333333333333 0.5462962962962963 0.3912037037037037 0.5416666666666666 0.38425925925925924 0.5416666666666666 0.37037037037037035 0.5509259259259259 0.3587962962962963 0.5509259259259259 0.3449074074074074 0.5439814814814815 0.33564814814814814 0.5370370370370371 0.3402777777777778 0.5324074074074074 0.34953703703703703 0.5277777777777778 0.3541666666666667 0.5277777777777778 0.3587962962962963 0.5231481481481481 0.3541666666666667 0.5185185185185185 0.3449074074074074 0.5162037037037037 0.3333333333333333 0.5069444444444444 0.3287037037037037 0.5069444444444444 0.3194444444444444 0.5023148148148148 0.3148148148148148 0.5046296296296297 0.3055555555555556 0.5046296296296297 0.30324074074074076 0.5069444444444444 0.2824074074074074 0.5069444444444444 0.2662037037037037 0.5 0.25925925925925924 0.4930555555555556 0.25925925925925924 0.49074074074074076 0.26851851851851855 0.4861111111111111 0.28703703703703703 0.4837962962962963 0.28935185185185186 0.48148148148148145 0.32407407407407407 0.48148148148148145
11 0 0.75525 0.002220247685185185 0.7555 0.0039964467592592595 0.7587499999999999 0.003552398148148148 0.7659999999999999 0.007104796296296296 0.769 0.004884546296296296 0.7715000000000001 0.0039964467592592595 0.7807499999999999 0.005772645833333334 0.7827500000000001 0.004440497685185185 0.7869999999999999 0.007992895833333333 0.793 0.011545293981481483 0.79425 0.013765541666666667 0.79375 0.025754884259259262 0.7957500000000001 0.043072824074074076 0.7969999999999999 0.04618117129629629 0.7967500000000001 0.0484014212962963 0.79475 0.06438721064814815 0.79525 0.06705150925925926 0.7967500000000001 0.07193605787037037 0.7969999999999999 0.08259325 0.795 0.08836589583333333 0.79525 0.09103019444444443 0.7939999999999999 0.10213143981481482 0.796 0.10568383564814815 0.79475 0.11101243287037038 0.7967500000000001 0.12033747685185185 0.7955 0.14342806481481482 0.796 0.14742451157407407 0.79475 0.15186500925925925 0.7955 0.1598579050925926 0.7925 0.16873889814814816 0.79225 0.1776198935185185 0.7939999999999999 0.19005328703703703 0.7927500000000001 0.2109236226851852 0.7965000000000001 0.22602131481481483 0.7969999999999999 0.23134991203703703 0.79525 0.23357015972222223 0.796 0.3174955601851852 0.79625 0.32149200694444446 0.79475 0.32460035416666666 0.7975 0.32682060416666664 0.7955 0.3303730023148148 0.7955 0.3312611018518518 0.7967500000000001 0.3445825925925926 0.79775 0.3907637662037037 0.79775 0.40630550694444445 0.7967500000000001 0.4080817060185185 0.7975 0.41119005324074076 0.7957500000000001 0.4147424513888889 0.796 0.41740675 0.7975 0.42140319675925925 0.7967500000000001 0.4302841921296296 0.7972499999999999 0.440053287037037 0.7955 0.44538188194444445 0.7969999999999999 0.4595914745370371 0.7972499999999999 0.5297513310185186 0.79775 0.543516875 0.7975 0.5497335694444444 0.796 0.5581705162037037 0.7972499999999999 0.5759325046296296 0.7967500000000001 0.5848135 0.7979999999999999 0.6065719351851853 0.7975 0.6221136759259259 0.7955 0.6407637662037038 0.7975 0.6753996458333333 0.795 0.6816163402777777 0.7967500000000001 0.9156305509259259 0.7967500000000001 0.9209591481481482 0.7939999999999999 0.9356127893518519 0.79375 0.9458259328703704 0.79175 0.9662522199074074 0.78525 0.9769094143518517 0.779 0.9875666064814815 0.77 0.9968916527777778 0.75225 0.9968916527777778 0.7272500000000001 0.9920071041666667 0.7170000000000001 0.9915630555555555 0.71183325 0.9937833032407407 0.6935 0.9915630555555555 0.68433325 0.9942273541666666 0.6717500000000001 0.9924511550925926 0.6082500000000001 0.9897868564814815 0.57775 0.9888987569444445 0.505 0.9875666064814815 0.49624999999999997 0.9835701597222223 0.49475 0.9835701597222223 0.49341675 0.9875666064814815 0.4915 0.9875666064814815 0.48475 0.9866785069444445 0.47 0.9822380115740741 0.46025 0.9831261111111111 0.44925 0.9857904074074073 0.44625 0.9831261111111111 0.42600000000000005 0.9831261111111111 0.394 0.9809058611111111 0.39149999999999996 0.9809058611111111 0.37575000000000003 0.979129662037037 0.37325 0.978685613425926 0.36175 0.9804618125 0.35800000000000004 0.978685613425926 0.35625 0.9777975138888889 0.34441675 0.9782415624999999 0.32749999999999996 0.9760213148148148 0.3245 0.9760213148148148 0.3175 0.9715808171296296 0.3145 0.9706927175925926 0.31150000000000005 0.9693605694444444 0.312 0.9658081712962963 0.3108125 0.9658081712962963 0.299 0.9644760208333333 0.297 0.9653641203703704 0.28525 0.9693605694444444 0.28400000000000003 0.9738010648148148 0.28475 0.9782415624999999 0.27975 0.9769094143518517 0.27175 0.979129662037037 0.26925 0.978685613425926 0.25825 0.9817939606481482 0.25525 0.978685613425926 0.2485 0.9800177615740742 0.23175 0.9822380115740741 0.22825 0.9840142106481481 0.2285 0.9853463587962963 0.22724999999999998 0.977353462962963 0.22256250000000002 0.9769094143518517 0.21725 0.9733570162037037 0.21650000000000003 0.9693605694444444 0.218 0.9649200717592592 0.218 0.9626998217592593 0.21675 0.9489342800925926 0.21575 0.9249555949074074 0.21625 0.9160745995370371 0.21825000000000003 0.9045293078703703 0.217 0.9031971574074075 0.218 0.8623445833333334 0.218 0.8428063935185185 0.222 0.8383658958333333 0.22075 0.833481349537037 0.2215 0.8312611018518519 0.21975 0.8272646527777778 0.22 0.8214920069444445 0.2185 0.8108348125 0.21875 0.8072824166666668 0.2195 0.8046181180555556 0.2215 0.8019538194444444 0.2215 0.8006216689814815 0.22025 0.7793072824074074 0.21924999999999997 0.7757548842592592 0.22099999999999997 0.7686500879629631 0.21975 0.7668738888888889 0.22099999999999997 0.7508880995370371 0.225 0.748223800925926 0.224 0.7446714027777778 0.22425 0.7411190046296297 0.22175 0.7366785069444445 0.2225 0.7344582592592593 0.22075 0.7322380115740741 0.22175 0.727353462962963 0.22075 0.7242451157407408 0.2235 0.7166962708333334 0.222 0.707371224537037 0.223 0.7038188287037037 0.2225 0.7007104791666667 0.22 0.6967140324074074 0.21924999999999997 0.6847246898148148 0.22025 0.6829484907407407 0.222 0.6789520416666667 0.2205 0.6727353472222222 0.22025 0.6603019537037037 0.22175 0.6514209583333334 0.22 0.6274422731481482 0.22075 0.6194493773148148 0.21975 0.6070159861111111 0.2225 0.5754884537037037 0.22325 0.5679396087962962 0.22175 0.5355239791666667 0.22025 0.5217584375 0.22325 0.5190941388888889 0.2225 0.5137655416666667 0.22325 0.5004440486111111 0.22274999999999998 0.49467140277777777 0.22475 0.49111900462962965 0.2225 0.4871225578703704 0.22425 0.4844582592592592 0.22325 0.4733570162037037 0.223 0.4658081712962963 0.22025 0.4613676736111111 0.223 0.4365008888888889 0.22425 0.4356127893518518 0.2235 0.4280639421296296 0.22525 0.42140319675925925 0.22375 0.4151865 0.22575 0.41119005324074076 0.2255 0.4076376550925926 0.22375 0.37966252314814813 0.2235 0.3765541736111111 0.22425 0.3690053287037037 0.22225 0.3650088819444445 0.223 0.24067495601851852 0.2255 0.2349023101851852 0.22699999999999998 0.21003552314814816 0.22575 0.15763765509259262 0.22699999999999998 0.1549733564814815 0.2295 0.15142095833333333 0.23049999999999998 0.14031971527777778 0.2275 0.13721136805555556 0.23049999999999998 0.1327708703703704 0.23049999999999998 0.13010657175925924 0.22775 0.08836589583333333 0.2295 0.07371225462962963 0.2285 0.058170516203703705 0.23025 0.05017762037037037 0.23275 0.04484902314814815 0.23074999999999998 0.04040852546296296 0.232 0.032859680555555555 0.231 0.025754884259259262 0.23275 0.01554174074074074 0.23049999999999998 0.011989342592592591 0.23175 0.008436944444444445 0.23074999999999998 0.003552398148148148 0.23424999999999999 0.0053285972222222215 0.24075000000000002 0.002220247685185185 0.248 0.004440497685185185 0.254 0.0026642986111111108 0.26175 0.003552398148148148 0.26475 0 0.269 0 0.75525
12 0 0.28915 0.999555951388889 0.28915 0.999555951388889 0.21539 0 0.21539 0 0.28915
13 0.34280639351851855 0.357 0.35568383564814815 0.35874999999999996 0.37522202546296296 0.35125 0.38055062268518514 0.347 0.38188277083333333 0.342 0.3809946712962963 0.33675 0.37477797453703704 0.32949999999999996 0.36811722916666667 0.32575 0.3516873888888889 0.32399999999999995 0.34147424537037036 0.325 0.33081705092592595 0.32949999999999996 0.32548845370370366 0.335 0.3250444050925926 0.34275000000000005 0.32904085185185183 0.3505 0.3383658958333334 0.35575 0.34280639351851855 0.357
13 0.5603907638888889 0.35100000000000003 0.5674955601851852 0.354 0.5812611018518519 0.35475 0.5879218472222222 0.35300000000000004 0.5959147430555555 0.349 0.6012433402777778 0.34375 0.6021314398148149 0.33599999999999997 0.6003552407407406 0.33225000000000005 0.5923623449074074 0.3255 0.5848135 0.32325000000000004 0.5741563055555555 0.322 0.5612788634259259 0.32375000000000004 0.5519538194444444 0.32749999999999996 0.5461811712962963 0.33449999999999996 0.5457371226851851 0.33999999999999997 0.5497335694444444 0.347 0.5532859675925926 0.34950000000000003 0.5603907638888889 0.35100000000000003
13 0.6865008888888888 0.416 0.6953818819444444 0.41525 0.7051509768518519 0.41225 0.7140319722222223 0.40599999999999997 0.7166962708333334 0.401 0.7131438726851852 0.391 0.7038188287037037 0.38575000000000004 0.6944937824074074 0.38299999999999995 0.6807282407407407 0.38325 0.6731793958333333 0.38525 0.6629662523148149 0.391 0.6589698055555556 0.39625 0.6589698055555556 0.4035 0.6620781527777778 0.40775 0.6749555949074074 0.41424999999999995 0.6865008888888888 0.416
13 0.4706927175925926 0.41825 0.48046181250000003 0.416 0.4880106574074074 0.41225 0.4924511550925926 0.4075 0.49333925462962963 0.40025 0.49067495601851846 0.39425 0.48001776157407405 0.3885 0.4733570162037037 0.38625000000000004 0.4595914745370371 0.386 0.45293072916666666 0.38775000000000004 0.44271758333333333 0.39225 0.437833037037037 0.39775 0.43694493749999996 0.4045 0.44182948379629633 0.41200000000000003 0.456483125 0.41825 0.4706927175925926 0.41825
13 0.23445825925925926 0.4195 0.24555950231481483 0.42025 0.25532859722222223 0.41925 0.2664298402777778 0.41375 0.27220248611111114 0.408 0.27264653703703706 0.40025 0.26953818749999997 0.39499999999999996 0.2664298402777778 0.393 0.25177619907407406 0.38825 0.24333925462962963 0.38775000000000004 0.2277975138888889 0.39075 0.21980461805555557 0.39525 0.2162522199074074 0.40049999999999997 0.2162522199074074 0.40700000000000003 0.2189165185185185 0.41175 0.2282415625 0.41725 0.23445825925925926 0.4195
13 0.1332149189814815 0.48350000000000004 0.14742451157407407 0.48225 0.15452930787037036 0.47925 0.16119005324074073 0.47375 0.16429840046296298 0.46725 0.16341030092592593 0.46225 0.15763765509259262 0.45475 0.15408525694444444 0.45275 0.1407637662037037 0.4495 0.12699822453703705 0.45025000000000004 0.11989342824074074 0.452 0.11234458333333333 0.4565 0.10746003472222222 0.46325 0.1070159861111111 0.46974999999999995 0.10879218518518519 0.474 0.12033747685185185 0.48125 0.1332149189814815 0.48350000000000004
13 0.3450266435185185 0.48125 0.35612788657407407 0.48225 0.36545293055555556 0.481 0.3756660740740741 0.4775 0.38365896990740744 0.47075 0.3849911180555555 0.46299999999999997 0.38232682175925925 0.45725000000000005 0.3765541736111111 0.45275 0.3650088819444445 0.4495 0.3481349907407407 0.44975 0.34147424537037036 0.451 0.3352575486111111 0.4535 0.32992895138888884 0.46 0.32859680324074075 0.4635 0.33081705092592595 0.47075 0.33570159953703704 0.47575 0.3450266435185185 0.48125
13 0.5746003541666667 0.479 0.5883658958333333 0.47825 0.5963587916666667 0.47525 0.6025754884259259 0.47125 0.6052397870370371 0.46499999999999997 0.6034635879629631 0.45599999999999996 0.5981349907407407 0.45175000000000004 0.5883658958333333 0.448 0.5746003541666667 0.44725 0.5626110115740741 0.44899999999999995 0.5532859675925926 0.45275 0.5488454699074075 0.45949999999999996 0.5492895208333333 0.46675 0.5537300185185186 0.47275 0.5652753101851852 0.47775 0.5746003541666667 0.479
13 0.7881882777777778 0.47600000000000003 0.7992895208333333 0.47775 0.8139431620370371 0.47650000000000003 0.8237122546296297 0.47275 0.8281527523148149 0.46799999999999997 0.8308170509259258 0.46 0.8285968032407408 0.4535 0.8232682060185185 0.4485 0.812166962962963 0.44525000000000003 0.8010657199074074 0.4445 0.793516875 0.44525000000000003 0.7797513310185186 0.44975 0.7748667847222223 0.45225000000000004 0.7722024861111111 0.4555 0.7717584375000001 0.46149999999999997 0.7739786851851852 0.467 0.7828596805555555 0.47425 0.7881882777777778 0.47600000000000003
13 0.6816163402777777 0.53975 0.6873889884259259 0.5405 0.7029307291666667 0.53975 0.7113676736111111 0.537 0.7166962708333334 0.5325 0.7193605694444444 0.52675 0.7175843703703704 0.518 0.7095914745370371 0.511 0.6993783310185185 0.5085 0.6936056828703704 0.50775 0.6785079930555555 0.5085 0.6687388981481481 0.514 0.6625222013888888 0.5205 0.6620781527777778 0.52675 0.6638543518518518 0.5307499999999999 0.6718472476851851 0.5367500000000001 0.6816163402777777 0.53975
13 0.4538188287037037 0.5407500000000001 0.46447602083333334 0.54225 0.4724689166666667 0.54225 0.4880106574074074 0.538 0.49600355324074075 0.53325 0.49822380092592594 0.52775 0.49822380092592594 0.5217499999999999 0.49422735416666663 0.5155 0.4871225578703704 0.51225 0.4706927175925926 0.508 0.46092362268518516 0.50825 0.44937833101851854 0.51275 0.43960923611111113 0.5217499999999999 0.43827708796296294 0.52625 0.4409413865740741 0.5325 0.4444937824074074 0.5365 0.4538188287037037 0.5407500000000001
13 0.2402309050925926 0.5435 0.25532859722222223 0.54425 0.26154529398148146 0.5425 0.26998223842592595 0.53775 0.2744227361111111 0.5335 0.2761989351851852 0.52725 0.27264653703703706 0.5185 0.26865008796296297 0.51475 0.25888099537037035 0.51125 0.24333925462962963 0.511 0.23712255787037037 0.512 0.22735346296296297 0.51525 0.21980461805555557 0.5225 0.2189165185185185 0.5295 0.22246891666666666 0.5355 0.2304618125 0.5407500000000001 0.2402309050925926 0.5435
13 0.13365896990740742 0.60775 0.14742451157407407 0.60725 0.15230905787037036 0.606 0.16296625231481482 0.599 0.16651865046296296 0.5925 0.1651865 0.5855 0.16119005324074073 0.5805 0.15452930787037036 0.5770000000000001 0.14031971527777778 0.5745 0.1265541736111111 0.5755 0.11634103009259258 0.579 0.11056838425925927 0.585 0.10879218518518519 0.5895 0.11056838425925927 0.5964999999999999 0.11500888194444443 0.6015 0.12255772685185186 0.606 0.13365896990740742 0.60775
13 0.3521314398148148 0.606 0.3658969814814815 0.60625 0.3734458263888889 0.6045 0.3809946712962963 0.60025 0.38454706944444444 0.59625 0.3872113680555555 0.588 0.3841030185185185 0.5812499999999999 0.3765541736111111 0.57525 0.36811722916666667 0.57325 0.355239787037037 0.57275 0.3454706921296296 0.5745 0.33658969907407404 0.57825 0.33170515046296295 0.5845 0.3312611018518518 0.59275 0.333925400462963 0.59725 0.34103019444444443 0.6024999999999999 0.3521314398148148 0.606
13 0.5741563055555555 0.604 0.5888099467592592 0.604 0.5981349907407407 0.601 0.6056838356481481 0.5964999999999999 0.6087921851851852 0.59225 0.6092362337962962 0.5842499999999999 0.6034635879629631 0.57675 0.5985790416666666 0.574 0.5883658958333333 0.57175 0.5768206041666667 0.571 0.5639431620370371 0.57325 0.5555062175925927 0.5785 0.5528419189814815 0.583 0.5528419189814815 0.5910000000000001 0.5563943171296296 0.59625 0.5612788634259259 0.60025 0.5741563055555555 0.604
13 0.7930728240740741 0.60175 0.8037300185185186 0.60325 0.8206039074074073 0.6020000000000001 0.8285968032407408 0.5985 0.8343694490740741 0.59275 0.835701599537037 0.5885 0.8343694490740741 0.58175 0.8285968032407408 0.5750000000000001 0.8237122546296297 0.5722499999999999 0.8095026643518518 0.5705 0.7992895208333333 0.5705 0.7859680277777777 0.574 0.7810834814814815 0.57675 0.7770870347222222 0.5812499999999999 0.7775310833333333 0.589 0.7828596805555555 0.59625 0.7881882777777778 0.60025 0.7930728240740741 0.60175
13 0.6762877453703703 0.66325 0.6851687384259258 0.66625 0.6993783310185185 0.66725 0.7100355231481481 0.6652499999999999 0.7189165185185185 0.66125 0.7229129652777778 0.65725 0.7246891643518518 0.64925 0.7224689166666667 0.64425 0.7166962708333334 0.6385 0.7095914745370371 0.63525 0.6918294837962963 0.6337499999999999 0.6820603912037037 0.6355 0.6731793958333333 0.63925 0.6687388981481481 0.644 0.666518650462963 0.6477499999999999 0.666518650462963 0.6542500000000001 0.668294849537037 0.657 0.6762877453703703 0.66325
13 0.24111900462962962 0.66975 0.2522202476851852 0.6705 0.26287744212962966 0.66875 0.2713143865740741 0.6635 0.2766429837962963 0.657 0.2766429837962963 0.65075 0.27087033796296295 0.64225 0.26865008796296297 0.6405000000000001 0.2584369444444445 0.63725 0.24600355324074072 0.63625 0.2375666064814815 0.63725 0.22690941435185186 0.6425 0.22158081712962965 0.6472500000000001 0.2206927175925926 0.65 0.2202486689814815 0.6547499999999999 0.22646536342592594 0.6625 0.23712255787037037 0.66875 0.24111900462962962 0.66975
13 0.4635879212962963 0.66825 0.477353462962963 0.66875 0.4844582592592592 0.6675 0.49289520370370365 0.66275 0.49866785185185186 0.6565 0.49955595138888886 0.65025 0.49600355324074075 0.643 0.4875666064814815 0.63725 0.48046181250000003 0.63525 0.4702486689814815 0.6347499999999999 0.45293072916666666 0.63825 0.44271758333333333 0.6472500000000001 0.4422735347222222 0.6545000000000001 0.4484902314814815 0.6625 0.45293072916666666 0.6652499999999999 0.4635879212962963 0.66825
13 0.5777087037037036 0.73375 0.5892539953703704 0.7340000000000001 0.5999111898148148 0.73125 0.6096802847222222 0.72575 0.6136767314814814 0.7204999999999999 0.6141207824074074 0.7125 0.6105683842592592 0.7060000000000001 0.6034635879629631 0.701 0.5919182939814815 0.6975 0.5803730023148148 0.6972499999999999 0.5710479583333333 0.69875 0.5586145648148149 0.70625 0.5550621666666666 0.71275 0.5546181180555555 0.7174999999999999 0.5595026643518518 0.72575 0.5674955601851852 0.73075 0.5777087037037036 0.73375
13 0.35479573611111115 0.7342500000000001 0.37078152777777773 0.7342500000000001 0.38010657175925927 0.73075 0.3885435162037037 0.72375 0.3898756666666667 0.7135 0.3854351689814815 0.7060000000000001 0.37966252314814813 0.70175 0.36989342824074073 0.6995 0.35568383564814815 0.6985 0.34280639351851855 0.7020000000000001 0.3361456481481482 0.7060000000000001 0.33081705092592595 0.71525 0.3303730023148148 0.718 0.33747779861111116 0.7270000000000001 0.3441385439814815 0.731 0.35479573611111115 0.7342500000000001