5 0.5995370370370371 0.4351851851851852 0.6018518518518519 0.4398148148148148 0.5972222222222222 0.44907407407407407 0.5810185185185185 0.46064814814814814 0.5763888888888888 0.46064814814814814 0.5671296296296297 0.4652777777777778 0.5509259259259259 0.4652777777777778 0.5486111111111112 0.4675925925925926 0.5416666666666666 0.4652777777777778 0.5393518518518519 0.4675925925925926 0.5300925925925926 0.4675925925925926 0.5277777777777778 0.4699074074074074 0.5277777777777778 0.47453703703703703 0.5300925925925926 0.47685185185185186 0.5300925925925926 0.4930555555555556 0.5231481481481481 0.5023148148148148 0.5115740740740741 0.5092592592592593 0.5069444444444444 0.5092592592592593 0.49074074074074076 0.5162037037037037 0.46296296296296297 0.5162037037037037 0.4583333333333333 0.5208333333333334 0.4583333333333333 0.5254629629629629 0.46064814814814814 0.5277777777777778 0.4583333333333333 0.5416666666666666 0.44907407407407407 0.5532407407407407 0.42824074074074076 0.5625 0.41435185185185186 0.5625 0.41203703703703703 0.5648148148148148 0.3819444444444444 0.5625 0.37037037037037035 0.5578703703703703 0.36574074074074076 0.5532407407407407 0.3611111111111111 0.5532407407407407 0.35185185185185186 0.5416666666666666 0.35185185185185186 0.5277777777777778 0.3611111111111111 0.5162037037037037 0.3912037037037037 0.5046296296296297 0.39351851851851855 0.5069444444444444 0.3958333333333333 0.5046296296296297 0.41898148148148145 0.5046296296296297 0.4236111111111111 0.5 0.4212962962962963 0.4837962962962963 0.42592592592592593 0.47453703703703703 0.4351851851851852 0.4652777777777778 0.46064814814814814 0.45601851851851855 0.4930555555555556 0.45601851851851855 0.49537037037037035 0.4537037037037037 0.4930555555555556 0.44212962962962965 0.4976851851851852 0.4398148148148148 0.5208333333333334 0.4398148148148148 0.5231481481481481 0.44212962962962965 0.5231481481481481 0.44907407407407407 0.5277777777777778 0.4537037037037037 0.5509259259259259 0.4537037037037037 0.5648148148148148 0.44675925925925924 0.5671296296296297 0.4444444444444444 0.5671296296296297 0.4398148148148148 0.5717592592592593 0.4351851851851852 0.5972222222222222 0.4351851851851852
11 0.18161634027777776 0.47825 0.18783303703703705 0.49624999999999997 0.19493783333333334 0.5325 0.2011545300925926 0.552 0.20825932407407408 0.5905 0.2189165185185185 0.6307499999999999 0.23223801157407406 0.6960000000000001 0.2397868564814815 0.70825 0.2397868564814815 0.7112499999999999 0.23667850694444445 0.71375 0.2375666064814815 0.7145 0.23934280555555554 0.71375 0.2428952037037037 0.7167500000000001 0.24111900462962962 0.7202500000000001 0.24156305555555554 0.73775 0.24555950231481483 0.7519999999999999 0.25133214814814814 0.75725 0.25799289583333335 0.75925 0.2619893425925926 0.7585000000000001 0.2646536412037037 0.7597499999999999 0.26953818749999997 0.7589999999999999 0.27264653703703706 0.7597499999999999 0.3352575486111111 0.7545000000000001 0.3454706921296296 0.75525 0.3494671412037037 0.754 0.35834813425925927 0.754 0.3650088819444445 0.7517499999999999 0.373889875 0.7515000000000001 0.37744227314814816 0.7527499999999999 0.41829484953703705 0.7487499999999999 0.4222912962962963 0.7494999999999999 0.4289520416666666 0.7480000000000001 0.49822380092592594 0.7435 0.5013321481481482 0.74225 0.5155417407407408 0.7412500000000001 0.5177619884259259 0.73925 0.520426287037037 0.739 0.5279751342592592 0.7412500000000001 0.5373001782407407 0.7412500000000001 0.5555062175925927 0.739 0.5683836597222223 0.73925 0.5843694490740741 0.7375 0.5928063935185185 0.738 0.6163410300925926 0.735 0.6305506226851852 0.7354999999999999 0.6492007106481481 0.7325 0.707815275462963 0.73 0.7206927175925926 0.72875 0.7246891643518518 0.7272500000000001 0.7397868564814815 0.728 0.7442273541666666 0.7270000000000001 0.7477797523148149 0.7274999999999999 0.8539076365740741 0.71975 0.956483125 0.71375 0.9582593240740741 0.71275 0.9631438726851852 0.71275 0.9680284189814815 0.7097500000000001 0.9711367662037037 0.7032499999999999 0.9751332152777777 0.7 0.9782415624999999 0.6995 0.9777975138888889 0.6920000000000001 0.9684724699074074 0.6725 0.9698046180555556 0.6717500000000001 0.9591474236111112 0.6689999999999999 0.9560390763888889 0.663 0.9529307291666667 0.6625 0.9515985787037037 0.6605 0.9551509768518519 0.643 0.9493783310185185 0.6090000000000001 0.9476021319444444 0.6064999999999999 0.9462699814814814 0.58975 0.9360568379629629 0.542 0.9320603912037037 0.5115 0.9231793958333333 0.47100000000000003 0.918294849537037 0.43575 0.9063055069444445 0.382 0.9014209583333334 0.34575 0.8960923634259259 0.3315 0.8903197152777778 0.3245 0.8792184722222223 0.31775 0.8681172291666667 0.31525 0.8663410300925926 0.31375 0.8365896990740741 0.311 0.8206039074074073 0.312 0.8148312615740742 0.31349999999999995 0.810390763888889 0.31275000000000003 0.8037300185185186 0.31325000000000003 0.8001776203703704 0.31525 0.7966252222222222 0.31425 0.789520425925926 0.31425 0.7841918287037037 0.3155 0.7682060393518518 0.3155 0.7544404976851852 0.31675000000000003 0.749555951388889 0.31825000000000003 0.7446714027777778 0.3175 0.7309058611111111 0.32025000000000003 0.7131438726851852 0.31825000000000003 0.6811722916666667 0.32125 0.6785079930555555 0.3225 0.6722912962962964 0.3215 0.6691829490740742 0.32225 0.6571936064814815 0.32175000000000004 0.645204263888889 0.3235 0.6145648310185186 0.3245 0.5812611018518519 0.32749999999999996 0.5763765532407408 0.32875000000000004 0.5328596805555555 0.33125 0.5293072824074074 0.33249999999999996 0.5159857893518518 0.33125 0.5048845462962963 0.332 0.501776199074074 0.33325 0.4977797523148148 0.33299999999999996 0.49200710416666665 0.33425 0.477353462962963 0.33425 0.4675843703703703 0.33575000000000005 0.46314387268518514 0.3355 0.45159857870370373 0.3405 0.4462699814814815 0.33825 0.4387211365740741 0.33725 0.42673179398148153 0.34025 0.41119005324074076 0.33999999999999997 0.4045293078703704 0.342 0.4009769097222222 0.341 0.39209591435185187 0.34474999999999995 0.3627886319444445 0.34325 0.3592362337962963 0.341 0.35257548842592595 0.341 0.2619893425925926 0.34824999999999995 0.2575488449074074 0.34950000000000003 0.2544404976851852 0.349 0.25 0.35 0.22868561342592594 0.35075 0.20248667824074074 0.3535 0.19715808101851853 0.35524999999999995 0.19227353472222222 0.3555 0.1776198935185185 0.36275 0.16385435185185185 0.37675 0.1625222013888889 0.38299999999999995 0.16341030092592593 0.3975 0.17140319675925927 0.42775 0.18161634027777776 0.47825
12 0.9615697152777778 0.68075125 0.23643206018518517 0.68075125 0.23643206018518517 0.7357887500000001 0.9615697152777778 0.7357887500000001 0.9615697152777778 0.68075125
13 0.623001775462963 0.39625 0.6314387222222222 0.39149999999999996 0.6341030185185185 0.38675 0.6336589699074074 0.38 0.6265541736111111 0.37375 0.6194493773148148 0.3725 0.606127886574074 0.37274999999999997 0.5990230902777779 0.3755 0.5936944930555555 0.3815 0.5945825925925926 0.39075 0.6043516875 0.39625 0.6101243333333334 0.3975 0.623001775462963 0.39625
13 0.44937833101851854 0.40775 0.456483125 0.408 0.46625221990740745 0.40625 0.4746891643518519 0.40025 0.47602131481481486 0.3975 0.4746891643518519 0.3905 0.46802841898148145 0.38525 0.4591474236111111 0.3825 0.45248667824074074 0.38225000000000003 0.44582593287037037 0.3835 0.4387211365740741 0.387 0.43472468981481477 0.39125000000000004 0.4342806388888889 0.39575 0.43694493749999996 0.4015 0.4422735347222222 0.40599999999999997 0.44937833101851854 0.40775
13 0.6904973356481482 0.434 0.7060390763888889 0.4355 0.7166962708333334 0.43275 0.7220248657407408 0.42600000000000005 0.7220248657407408 0.4215 0.7166962708333334 0.41400000000000003 0.707371224537037 0.41200000000000003 0.6940497337962962 0.4125 0.6891651875 0.41375 0.6833925393518518 0.41825 0.6816163402777777 0.42124999999999996 0.6820603912037037 0.4255 0.6856127893518519 0.43075 0.6904973356481482 0.434
13 0.5479573703703703 0.44725 0.5568383657407407 0.44575 0.5612788634259259 0.443 0.5661634097222222 0.43575 0.5581705162037037 0.4255 0.5541740671296297 0.4235 0.5439609236111111 0.4215 0.539520425925926 0.42175 0.5297513310185186 0.425 0.5230905856481481 0.43225 0.522646537037037 0.43575 0.5257548842592593 0.44075 0.5364120787037037 0.447 0.5479573703703703 0.44725
13 0.3978685601851852 0.45525 0.4049733564814815 0.45225000000000004 0.40719360648148145 0.4475 0.40630550694444445 0.44225 0.4031971574074074 0.43875 0.3960923634259259 0.43524999999999997 0.38676731712962964 0.43374999999999997 0.37477797453703704 0.435 0.36989342824074073 0.4375 0.36545293055555556 0.44199999999999995 0.3658969814814815 0.448 0.3730017754629629 0.45525 0.3872113680555555 0.45725000000000005 0.3978685601851852 0.45525
13 0.3108348125 0.50725 0.3210479583333334 0.5085 0.3277087037037037 0.507 0.33658969907407404 0.49974999999999997 0.33792184722222224 0.4945 0.3361456481481482 0.4895 0.32149200694444446 0.48300000000000004 0.31394316203703704 0.48275 0.30639431712962967 0.484 0.3001776203703703 0.48724999999999996 0.29662522222222226 0.49175 0.2961811712962963 0.4985 0.29795737037037034 0.5015 0.3028419189814815 0.50475 0.3108348125 0.50725
13 0.477353462962963 0.49774999999999997 0.4875666064814815 0.4965 0.4915630555555556 0.49525 0.4968916527777778 0.49125 0.49822380092592594 0.4865 0.4964476018518518 0.47800000000000004 0.49467140277777777 0.475 0.49111900462962965 0.47300000000000003 0.46714031944444445 0.474 0.4591474236111111 0.477 0.4547069282407407 0.48075 0.45293072916666666 0.48874999999999996 0.4560390763888889 0.4965 0.4591474236111111 0.498 0.477353462962963 0.49774999999999997
13 0.623001775462963 0.48524999999999996 0.6376554166666666 0.4855 0.643872113425926 0.484 0.6487566597222222 0.48075 0.6514209583333334 0.47575 0.6509769097222221 0.4705 0.6483126111111112 0.46625 0.6429840138888889 0.4625 0.6345470694444444 0.46149999999999997 0.6225577268518518 0.462 0.6150088819444444 0.46575 0.6114564837962964 0.47 0.6110124328703704 0.47475 0.6127886319444444 0.47875 0.6154529305555556 0.48150000000000004 0.623001775462963 0.48524999999999996
13 0.7828596805555555 0.47450000000000003 0.7997335694444444 0.47425 0.8068383657407407 0.47125 0.810390763888889 0.46825 0.812166962962963 0.45975 0.8059502662037038 0.453 0.7984014212962963 0.4495 0.7912966250000001 0.44925 0.7788632337962963 0.4515 0.771314386574074 0.4555 0.7690941388888889 0.45925 0.7686500879629631 0.4635 0.7722024861111111 0.46900000000000003 0.7761989351851852 0.472 0.7828596805555555 0.47450000000000003
13 0.7135879212962963 0.524 0.7238010648148148 0.5245 0.7309058611111111 0.523 0.7375666064814815 0.5195 0.7402309050925925 0.5155 0.7406749560185185 0.51175 0.7375666064814815 0.50525 0.7269094143518517 0.50125 0.7153641203703704 0.501 0.706483125 0.503 0.7015985787037037 0.506 0.6984902314814815 0.51125 0.6980461805555556 0.51575 0.7015985787037037 0.5205 0.7055950277777777 0.523 0.7135879212962963 0.524
13 0.5532859675925926 0.5355 0.5710479583333333 0.5355 0.5777087037037036 0.5325 0.5812611018518519 0.5275 0.5821492013888888 0.521 0.5781527523148148 0.515 0.5714920069444445 0.51175 0.5563943171296296 0.511 0.5501776203703703 0.51225 0.5457371226851851 0.51475 0.542184724537037 0.5195 0.5417406759259259 0.5237499999999999 0.5439609236111111 0.52975 0.5497335694444444 0.53425 0.5532859675925926 0.5355
13 0.4116341041666666 0.5457500000000001 0.4205150972222222 0.54325 0.4258436944444444 0.53925 0.4271758425925926 0.53275 0.4249555949074074 0.52725 0.4147424513888889 0.5225 0.4040852569444444 0.52225 0.39387211342592593 0.52425 0.3885435162037037 0.52675 0.3863232685185185 0.52925 0.38587921759259264 0.53725 0.39165186574074073 0.5425 0.39698046296296297 0.545 0.4116341041666666 0.5457500000000001
13 0.32904085185185183 0.59475 0.34058614583333335 0.5954999999999999 0.3490230902777778 0.59475 0.35790408564814813 0.58875 0.3592362337962963 0.58475 0.35657193518518515 0.5770000000000001 0.3516873888888889 0.573 0.3450266435185185 0.571 0.34058614583333335 0.5705 0.32682060416666664 0.5722499999999999 0.31660746064814815 0.57825 0.31527531018518523 0.581 0.31660746064814815 0.5862499999999999 0.3228241574074074 0.592 0.32904085185185183 0.59475
13 0.49111900462962965 0.5842499999999999 0.4977797523148148 0.58375 0.5044404976851852 0.582 0.5128774421296296 0.5765 0.5137655416666667 0.571 0.5124333935185186 0.5675 0.5084369444444444 0.56275 0.5031083472222222 0.5605 0.4866785069444444 0.5605 0.48134991203703703 0.5615 0.4738010648148148 0.56725 0.4733570162037037 0.5720000000000001 0.47602131481481486 0.578 0.4840142106481482 0.583 0.49111900462962965 0.5842499999999999
13 0.6483126111111112 0.574 0.6607460046296296 0.57275 0.6687388981481481 0.5680000000000001 0.6700710486111111 0.5595 0.668294849537037 0.55575 0.6651865 0.5535 0.6540852569444445 0.54975 0.6500888101851852 0.54925 0.6376554166666666 0.55075 0.6323268217592592 0.5535 0.6292184722222223 0.5585 0.6292184722222223 0.564 0.6363232685185186 0.5715 0.6403197152777778 0.573 0.6483126111111112 0.574
13 0.8037300185185186 0.56325 0.8112788634259259 0.5635 0.8206039074074073 0.5615 0.8285968032407408 0.55425 0.8281527523148149 0.547 0.8250444050925926 0.5435 0.8139431620370371 0.5395 0.8063943171296296 0.53925 0.7966252222222222 0.5407500000000001 0.7908525763888888 0.544 0.7873001782407407 0.549 0.7868561273148148 0.55375 0.7890763773148147 0.55775 0.7957371226851853 0.56125 0.8037300185185186 0.56325
13 0.7411190046296297 0.61325 0.7477797523148149 0.61175 0.7553285972222222 0.608 0.7588809953703703 0.6034999999999999 0.7579928958333333 0.5950000000000001 0.7513321481481482 0.59 0.7442273541666666 0.588 0.7309058611111111 0.588 0.7202486689814814 0.592 0.7158081712962963 0.59675 0.7153641203703704 0.6024999999999999 0.7175843703703704 0.60625 0.7335701597222223 0.613 0.7411190046296297 0.61325
13 0.5772646527777778 0.62275 0.5852575486111111 0.6222500000000001 0.5936944930555555 0.62 0.5990230902777779 0.617 0.6012433402777778 0.61275 0.5994671412037037 0.6052500000000001 0.5954706921296297 0.6020000000000001 0.5883658958333333 0.59925 0.5803730023148148 0.59875 0.5683836597222223 0.60075 0.5603907638888889 0.6064999999999999 0.5595026643518518 0.614 0.5634991111111111 0.61875 0.5674955601851852 0.621 0.5772646527777778 0.62275
13 0.4311722916666667 0.63275 0.4409413865740741 0.62975 0.4449378333333333 0.6234999999999999 0.4449378333333333 0.619 0.437833037037037 0.612 0.4320603912037037 0.6094999999999999 0.42451154629629634 0.60875 0.4129662523148148 0.61075 0.4080817060185185 0.614 0.40630550694444445 0.61725 0.4067495555555556 0.6265000000000001 0.41119005324074076 0.6305 0.4147424513888889 0.63175 0.4311722916666667 0.63275
13 0.5048845462962963 0.6707500000000001 0.5159857893518518 0.6715000000000001 0.5261989351851851 0.66875 0.5324156296296296 0.6649999999999999 0.5328596805555555 0.6549999999999999 0.5297513310185186 0.65225 0.5222024861111111 0.649 0.5133214930555555 0.6472500000000001 0.5013321481481482 0.6485 0.49467140277777777 0.651 0.4924511550925926 0.6545000000000001 0.4915630555555556 0.6615 0.49333925462962963 0.66425 0.4973357013888889 0.66825 0.5048845462962963 0.6707500000000001
13 0.6638543518518518 0.66125 0.6691829490740742 0.6615 0.6820603912037037 0.6589999999999999 0.6869449375000001 0.6557499999999999 0.689609236111111 0.6515 0.688277087962963 0.64525 0.6856127893518519 0.6415 0.6753996458333333 0.63675 0.6607460046296296 0.6385 0.6514209583333334 0.6435000000000001 0.6492007106481481 0.64675 0.6487566597222222 0.6515 0.6505328587962963 0.6549999999999999 0.6567495555555555 0.65925 0.6638543518518518 0.66125