5 0.5949074074074074 0.4212962962962963 0.5995370370370371 0.42824074074074076 0.5972222222222222 0.44212962962962965 0.5949074074074074 0.4444444444444444 0.5856481481481481 0.4444444444444444 0.5763888888888888 0.44907407407407407 0.5694444444444444 0.45601851851851855 0.5671296296296297 0.4675925925925926 0.5694444444444444 0.4699074074074074 0.5694444444444444 0.4791666666666667 0.5763888888888888 0.4837962962962963 0.5833333333333334 0.4837962962962963 0.5856481481481481 0.48148148148148145 0.5972222222222222 0.48148148148148145 0.6018518518518519 0.4837962962962963 0.6041666666666666 0.4861111111111111 0.6041666666666666 0.5023148148148148 0.5740740740740741 0.5023148148148148 0.5717592592592593 0.5046296296296297 0.5717592592592593 0.5115740740740741 0.5740740740740741 0.5138888888888888 0.5740740740740741 0.5347222222222222 0.5717592592592593 0.5393518518518519 0.5532407407407407 0.5555555555555556 0.5347222222222222 0.5625 0.5115740740740741 0.5648148148148148 0.5092592592592593 0.5671296296296297 0.4791666666666667 0.5671296296296297 0.47453703703703703 0.5717592592592593 0.47453703703703703 0.5763888888888888 0.47685185185185186 0.5787037037037037 0.47453703703703703 0.5810185185185185 0.47685185185185186 0.5833333333333334 0.47453703703703703 0.5995370370370371 0.46064814814814814 0.6157407407407407 0.4351851851851852 0.6273148148148148 0.4074074074074074 0.6296296296296297 0.4050925925925926 0.6319444444444444 0.3680555555555556 0.6273148148148148 0.3449074074074074 0.6157407407407407 0.33101851851851855 0.5995370370370371 0.33101851851851855 0.5810185185185185 0.3333333333333333 0.5763888888888888 0.35185185185185186 0.5601851851851852 0.375 0.5509259259259259 0.3958333333333333 0.5486111111111112 0.39814814814814814 0.5462962962962963 0.40046296296296297 0.5486111111111112 0.41203703703703703 0.5486111111111112 0.41435185185185186 0.5509259259259259 0.41898148148148145 0.5462962962962963 0.4212962962962963 0.5486111111111112 0.42824074074074076 0.5486111111111112 0.4305555555555556 0.5462962962962963 0.4305555555555556 0.5324074074074074 0.42824074074074076 0.5300925925925926 0.4305555555555556 0.5162037037037037 0.4444444444444444 0.5 0.4513888888888889 0.4976851851851852 0.46064814814814814 0.49074074074074076 0.47453703703703703 0.48842592592592593 0.47685185185185186 0.4861111111111111 0.49537037037037035 0.4861111111111111 0.4976851851851852 0.4837962962962963 0.5162037037037037 0.4837962962962963 0.5208333333333334 0.4861111111111111 0.5254629629629629 0.4837962962962963 0.5277777777777778 0.48148148148148145 0.5277777777777778 0.46296296296296297 0.5254629629629629 0.46064814814814814 0.5277777777777778 0.4583333333333333 0.5277777777777778 0.4537037037037037 0.5439814814814815 0.4351851851851852 0.5671296296296297 0.42592592592592593 0.5925925925925926 0.4212962962962963
11 0 0.49875 0.004440497685185185 0.5065 0.003108347222222222 0.52775 0.015097689814814816 0.59075 0.014653641203703703 0.596 0.021314386574074074 0.62275 0.020426287037037038 0.62725 0.02531083564814815 0.654 0.02841918287037037 0.6607500000000001 0.02975133101851852 0.6695 0.032859680555555555 0.6719999999999999 0.03152753009259259 0.6747500000000001 0.03197158101851852 0.68975 0.03374778009259259 0.69225 0.032859680555555555 0.6962499999999999 0.0364120787037037 0.6995 0.0364120787037037 0.7042499999999999 0.03863232638888889 0.70475 0.03596802777777778 0.71075 0.03907637731481481 0.724 0.041740675925925924 0.7272500000000001 0.043072824074074076 0.7414999999999999 0.05461811805555556 0.7565 0.05373001851851852 0.769 0.0484014212962963 0.7805 0.04751332175925926 0.78625 0.04440497222222222 0.789 0.043516875 0.7925 0.043072824074074076 0.80475 0.04484902314814815 0.8175 0.04928952083333333 0.825 0.05639431712962963 0.832 0.07504440509259258 0.83325 0.11323268287037037 0.8315 0.11900532870370371 0.83 0.1305506226851852 0.8292499999999999 0.1505328587962963 0.8295 0.15586145601851853 0.82425 0.1625222013888889 0.8235 0.16829484953703702 0.8284999999999999 0.17451154629629628 0.8270000000000001 0.17850799305555556 0.8280000000000001 0.1940497337962963 0.826 0.22202486574074076 0.8245 0.4880106574074074 0.8119999999999999 0.49289520370370365 0.8105000000000001 0.4977797523148148 0.8107500000000001 0.499111900462963 0.80925 0.5470692708333333 0.806 0.5577264652777778 0.80725 0.5612788634259259 0.80625 0.5634991111111111 0.807 0.5714920069444445 0.8067500000000001 0.5772646527777778 0.8055 0.581705150462963 0.807 0.6136767314814814 0.8045 0.6833925393518518 0.8037500000000001 0.6904973356481482 0.8025 0.7375666064814815 0.80025 0.7442273541666666 0.79775 0.748223800925926 0.79875 0.7513321481481482 0.7967500000000001 0.7655417407407407 0.7972499999999999 0.7686500879629631 0.7955 0.7757548842592592 0.7969999999999999 0.8432504444444445 0.7927500000000001 0.8485790416666666 0.7935 0.8765541736111111 0.7927500000000001 0.9955595023148148 0.78625 0.999555951388889 0.7799999999999999 0.999555951388889 0.657 0.9742451157407408 0.40700000000000003 0.9715808171296296 0.3975 0.9711367662037037 0.377 0.9626998217592593 0.29325 0.9600355231481481 0.2845 0.9529307291666667 0.2745 0.9422735347222222 0.2655 0.9329484907407407 0.26075000000000004 0.91740675 0.2555 0.9076376550925926 0.25375000000000003 0.873001775462963 0.25325 0.8658969814814815 0.25225 0.812166962962963 0.255 0.6132326828703704 0.26125 0.5861456481481482 0.26375 0.5590586134259259 0.26325 0.4840142106481482 0.2655 0.48134991203703703 0.2665 0.45737122453703705 0.268 0.4484902314814815 0.26725 0.3765541736111111 0.26925 0.3743339259259259 0.27 0.3690053287037037 0.2695 0.32682060416666664 0.273 0.3174955601851852 0.273 0.3143872106481482 0.27399999999999997 0.2144760208333333 0.276 0.19715808101851853 0.27749999999999997 0.19271758333333333 0.277 0.17584369444444445 0.2795 0.1727353472222222 0.27875 0.16296625231481482 0.2795 0.15763765509259262 0.27849999999999997 0.13898756712962962 0.28099999999999997 0.13676731712962964 0.279 0.12921847222222224 0.279 0.12300177546296297 0.2805 0.06394316203703704 0.28150000000000003 0.05373001851851852 0.283 0.04973356944444445 0.28250000000000003 0.035523979166666664 0.28375 0.01909413888888889 0.2865 0.017317939814814814 0.288 0.008436944444444445 0.2895 0.003108347222222222 0.29425 0.002220247685185185 0.3005 0 0.30324999999999996 0 0.49875
12 1 0.74217125 0.036749555555555556 0.74217125 0.036749555555555556 0.8133637499999999 1 0.8133637499999999 1 0.74217125
13 0.36634103009259256 0.36700000000000005 0.38188277083333333 0.36525 0.38676731712962964 0.36275 0.39387211342592593 0.35650000000000004 0.39564831250000004 0.35100000000000003 0.39342806481481485 0.34175 0.3898756666666667 0.33799999999999997 0.3769982245370371 0.33325 0.36234458333333336 0.33249999999999996 0.3521314398148148 0.33475 0.34280639351851855 0.33999999999999997 0.33969804629629635 0.34450000000000003 0.33969804629629635 0.35174999999999995 0.3450266435185185 0.36074999999999996 0.35568383564814815 0.3655 0.36634103009259256 0.36700000000000005
13 0.5679396087962962 0.35650000000000004 0.5919182939814815 0.3575 0.6021314398148149 0.35275 0.6074600347222222 0.34600000000000003 0.6083481342592593 0.3405 0.6056838356481481 0.3335 0.5999111898148148 0.32725000000000004 0.5919182939814815 0.3245 0.5781527523148148 0.32399999999999995 0.5639431620370371 0.32725000000000004 0.5572824166666667 0.33099999999999996 0.5537300185185186 0.33775 0.5532859675925926 0.3425 0.5555062175925927 0.349 0.559946712962963 0.35300000000000004 0.5679396087962962 0.35650000000000004
13 0.6785079930555555 0.41125 0.6980461805555556 0.41325 0.7060390763888889 0.4125 0.7144760208333333 0.40875 0.7211367662037037 0.40075 0.7211367662037037 0.39349999999999996 0.7166962708333334 0.38725 0.707371224537037 0.3825 0.6967140324074074 0.38025 0.689609236111111 0.3805 0.6776198935185185 0.3835 0.6700710486111111 0.38875 0.666962699074074 0.394 0.666518650462963 0.39825000000000005 0.6687388981481481 0.40425 0.6731793958333333 0.40850000000000003 0.6785079930555555 0.41125
13 0.47779751388888886 0.42250000000000004 0.49467140277777777 0.42175 0.5053285972222222 0.41725 0.5097690949074074 0.4115 0.5106571944444445 0.40425 0.5053285972222222 0.39575 0.501776199074074 0.39325 0.48978685648148146 0.391 0.48046181250000003 0.38975000000000004 0.4702486689814815 0.39125000000000004 0.4591474236111111 0.39725 0.4555950277777778 0.403 0.4560390763888889 0.4115 0.46314387268518514 0.41825 0.4666962708333333 0.42 0.47779751388888886 0.42250000000000004
13 0.26820603935185183 0.43075 0.27575488425925926 0.43 0.28996447685185184 0.42575 0.2944049722222222 0.423 0.29706927083333334 0.41900000000000004 0.29662522222222226 0.41125 0.293516875 0.40650000000000003 0.28019538194444443 0.40025 0.27309058564814814 0.39875 0.26376554166666666 0.39875 0.2522202476851852 0.4015 0.2442273541666667 0.40650000000000003 0.24111900462962962 0.41200000000000003 0.24111900462962962 0.4185 0.24733570138888888 0.4255 0.2584369444444445 0.42925 0.26820603935185183 0.43075
13 0.15896980555555554 0.49424999999999997 0.1718472476851852 0.495 0.18561278935185185 0.49325 0.1940497337962963 0.48924999999999996 0.19715808101851853 0.486 0.19849023148148148 0.47875 0.19671403240740742 0.47425 0.19094138657407406 0.46875 0.1776198935185185 0.4635 0.1718472476851852 0.46275 0.1598579050925926 0.4635 0.14964475925925924 0.46725 0.1429840138888889 0.474 0.14253996527777776 0.48075 0.14476021296296296 0.4865 0.14875665972222224 0.49 0.15896980555555554 0.49424999999999997
13 0.3809946712962963 0.486 0.39342806481481485 0.48524999999999996 0.4045293078703704 0.4825 0.4107460046296296 0.47800000000000004 0.41341030092592596 0.474 0.41207815277777776 0.46649999999999997 0.4080817060185185 0.46099999999999997 0.3894316157407407 0.45449999999999996 0.3769982245370371 0.45525 0.36944937731481486 0.457 0.3614564837962963 0.46225 0.3587921851851852 0.46625 0.35834813425925927 0.47375 0.3619005324074074 0.4785 0.36989342824074073 0.48350000000000004 0.3809946712962963 0.486
13 0.5852575486111111 0.47650000000000003 0.5981349907407407 0.4775 0.6092362337962962 0.4755 0.6167850810185186 0.47275 0.6216696273148149 0.46649999999999997 0.623001775462963 0.462 0.6212255763888889 0.45525 0.6154529305555556 0.44899999999999995 0.6087921851851852 0.44625 0.6021314398148149 0.44549999999999995 0.5848135 0.448 0.5812611018518519 0.4495 0.5728241574074074 0.45575 0.5710479583333333 0.45975 0.5706039074074074 0.46375 0.5723801064814814 0.4675 0.5794849027777778 0.474 0.5852575486111111 0.47650000000000003
13 0.7899644768518519 0.46625 0.8068383657407407 0.46900000000000003 0.8139431620370371 0.46875 0.8241563055555555 0.46575 0.8312611018518519 0.45975 0.8339254004629629 0.45325 0.83259325 0.4465 0.8281527523148149 0.441 0.8201598587962963 0.4375 0.8086145648148148 0.43575 0.7939609236111111 0.43724999999999997 0.7850799282407408 0.44125000000000003 0.7806394305555556 0.446 0.7793072824074074 0.45425 0.7810834814814815 0.46 0.7841918287037037 0.46325 0.7899644768518519 0.46625
13 0.6980461805555556 0.531 0.7166962708333334 0.5315 0.7269094143518517 0.528 0.7335701597222223 0.5225 0.7349023101851851 0.514 0.7322380115740741 0.50825 0.7269094143518517 0.50325 0.7171403194444445 0.5005000000000001 0.710479574074074 0.49974999999999997 0.6984902314814815 0.5005000000000001 0.6887211365740741 0.5045 0.6816163402777777 0.512 0.6807282407407407 0.51625 0.6838365902777779 0.52225 0.6922735347222222 0.529 0.6980461805555556 0.531
13 0.4880106574074074 0.5395 0.49422735416666663 0.5407500000000001 0.5088809953703703 0.53975 0.5182060393518518 0.5367500000000001 0.5261989351851851 0.53025 0.5266429837962963 0.522 0.5244227361111111 0.518 0.520870337962963 0.514 0.5119893425925925 0.5097499999999999 0.49822380092592594 0.5095000000000001 0.4840142106481482 0.51175 0.477353462962963 0.51525 0.47424511574074074 0.51925 0.4729129652777778 0.52225 0.4738010648148148 0.53125 0.47690941435185186 0.53475 0.4880106574074074 0.5395
13 0.2753108356481481 0.5485 0.29662522222222226 0.54925 0.3055062175925926 0.54625 0.31172291203703706 0.5425 0.31483126157407404 0.5345 0.31261101157407406 0.52775 0.3068383657407407 0.52275 0.293516875 0.5187499999999999 0.2784191828703704 0.5187499999999999 0.27220248611111114 0.52025 0.2646536412037037 0.52425 0.26110124305555554 0.529 0.26065719444444446 0.537 0.2633214930555556 0.5415 0.2664298402777778 0.5445 0.2753108356481481 0.5485
13 0.19271758333333333 0.61425 0.20026643055555554 0.613 0.21181172222222222 0.60725 0.21714031944444445 0.6022500000000001 0.21758437037037037 0.5952500000000001 0.2144760208333333 0.5905 0.21047957407407408 0.58725 0.1962699814814815 0.58275 0.18872113657407408 0.58175 0.17539964583333334 0.5842499999999999 0.1678507986111111 0.5882499999999999 0.16341030092592593 0.59225 0.1620781527777778 0.59775 0.1647424513888889 0.606 0.17850799305555556 0.61325 0.19271758333333333 0.61425
13 0.3903197152777778 0.6022500000000001 0.39964475925925924 0.6034999999999999 0.41252220138888884 0.603 0.4227353472222222 0.5982500000000001 0.4258436944444444 0.5950000000000001 0.4271758425925926 0.586 0.42539964583333334 0.582 0.41829484953703705 0.5770000000000001 0.41119005324074076 0.57525 0.4005328587962963 0.57425 0.38765541666666664 0.57625 0.37833037268518516 0.5815 0.3769982245370371 0.585 0.3765541736111111 0.589 0.37966252314814813 0.596 0.38321491898148147 0.59925 0.3903197152777778 0.6022500000000001
13 0.6056838356481481 0.59375 0.6261101250000001 0.59275 0.6336589699074074 0.589 0.6367673171296296 0.585 0.6385435162037036 0.5795 0.6372113680555556 0.57425 0.6323268217592592 0.5685 0.6234458263888889 0.564 0.6087921851851852 0.5630000000000001 0.5954706921296297 0.5645 0.5905861458333334 0.56675 0.5848135 0.57475 0.5839254004629629 0.58225 0.585701599537037 0.5855 0.5950266435185185 0.59225 0.6056838356481481 0.59375
13 0.810390763888889 0.58525 0.8232682060185185 0.58675 0.831705150462963 0.5855 0.8383658958333333 0.5825 0.8468028425925925 0.5750000000000001 0.8476909421296297 0.56725 0.8463587916666667 0.564 0.8405861458333334 0.55825 0.8343694490740741 0.55575 0.8214920069444445 0.5535 0.8134991111111112 0.5535 0.8023978680555556 0.55775 0.7948490231481481 0.5645 0.7930728240740741 0.56775 0.7948490231481481 0.5750000000000001 0.8001776203703704 0.58 0.810390763888889 0.58525
13 0.7375666064814815 0.6477499999999999 0.7446714027777778 0.644 0.748223800925926 0.64 0.750444048611111 0.6339999999999999 0.7486678518518518 0.6267499999999999 0.7451154537037037 0.6225 0.7366785069444445 0.61875 0.7202486689814814 0.617 0.7082593240740741 0.6195 0.7015985787037037 0.6230000000000001 0.6980461805555556 0.62875 0.6993783310185185 0.6405000000000001 0.706483125 0.6465000000000001 0.7224689166666667 0.6487499999999999 0.7375666064814815 0.6477499999999999
13 0.5150976898148149 0.6577500000000001 0.522646537037037 0.6575000000000001 0.5328596805555555 0.654 0.5399644768518519 0.6479999999999999 0.5417406759259259 0.639 0.5390763773148148 0.6337499999999999 0.5324156296296296 0.62825 0.5239786851851852 0.6267499999999999 0.5222024861111111 0.6255000000000001 0.5119893425925925 0.626 0.5 0.629 0.49333925462962963 0.6325000000000001 0.48978685648148146 0.6375 0.4902309050925926 0.647 0.4977797523148148 0.65375 0.5031083472222222 0.656 0.5150976898148149 0.6577500000000001
13 0.29662522222222226 0.66675 0.3090586134259259 0.667 0.3210479583333334 0.6637500000000001 0.32904085185185183 0.6595 0.33214920138888887 0.6549999999999999 0.3303730023148148 0.64675 0.3250444050925926 0.6415 0.30728241666666667 0.63675 0.29973356944444446 0.6365000000000001 0.2881882777777778 0.6395000000000001 0.2815275300925926 0.6447499999999999 0.2788632337962963 0.6487499999999999 0.2784191828703704 0.6547499999999999 0.2824156296296296 0.66125 0.2868561273148148 0.6645000000000001 0.29662522222222226 0.66675
13 0.41119005324074076 0.7207499999999999 0.42539964583333334 0.7204999999999999 0.4325044398148148 0.7185 0.4409413865740741 0.7135 0.44582593287037037 0.707 0.4440497337962963 0.6995 0.43605683796296296 0.6935 0.4280639421296296 0.69125 0.41119005324074076 0.69075 0.4036412083333334 0.69225 0.3960923634259259 0.6972499999999999 0.3925399652777778 0.7027500000000001 0.3925399652777778 0.7100000000000001 0.39653641203703704 0.71475 0.4009769097222222 0.71775 0.41119005324074076 0.7207499999999999
13 0.6158969814814815 0.711 0.6309946712962963 0.7115 0.6367673171296296 0.71075 0.6443161643518519 0.708 0.6531971574074075 0.7005 0.6540852569444445 0.6925 0.6509769097222221 0.6885 0.643872113425926 0.6829999999999999 0.6336589699074074 0.67975 0.6194493773148148 0.68125 0.6092362337962962 0.684 0.6021314398148149 0.68975 0.6007992893518519 0.6935 0.6034635879629631 0.70075 0.6105683842592592 0.708 0.6158969814814815 0.711