1 0.5972222222222222 0.4675925925925926 0.6226851851851852 0.47685185185185186 0.6388888888888888 0.49074074074074076 0.6412037037037037 0.49537037037037035 0.6412037037037037 0.5162037037037037 0.6458333333333334 0.5208333333333334 0.6689814814814815 0.5208333333333334 0.6736111111111112 0.5254629629629629 0.6736111111111112 0.5416666666666666 0.6689814814814815 0.5439814814814815 0.6458333333333334 0.5439814814814815 0.6412037037037037 0.5486111111111112 0.6412037037037037 0.5625 0.6435185185185185 0.5671296296296297 0.6527777777777778 0.5717592592592593 0.6597222222222222 0.5787037037037037 0.6643518518518519 0.5763888888888888 0.6689814814814815 0.5763888888888888 0.6712962962962963 0.5787037037037037 0.6712962962962963 0.5833333333333334 0.6736111111111112 0.5856481481481481 0.6736111111111112 0.5949074074074074 0.6712962962962963 0.5972222222222222 0.6388888888888888 0.5949074074074074 0.6319444444444444 0.5902777777777778 0.6226851851851852 0.5879629629629629 0.6064814814814815 0.5740740740740741 0.6018518518518519 0.5625 0.6018518518518519 0.5462962962962963 0.5995370370370371 0.5439814814814815 0.5879629629629629 0.5439814814814815 0.5856481481481481 0.5416666666666666 0.5763888888888888 0.5416666666666666 0.5740740740740741 0.5439814814814815 0.5717592592592593 0.5416666666666666 0.5694444444444444 0.5439814814814815 0.5462962962962963 0.5439814814814815 0.5416666666666666 0.5486111111111112 0.5439814814814815 0.5532407407407407 0.5393518518518519 0.5601851851851852 0.5069444444444444 0.5601851851851852 0.5023148148148148 0.5532407407407407 0.5023148148148148 0.5462962962962963 0.5 0.5439814814814815 0.4837962962962963 0.5439814814814815 0.48148148148148145 0.5462962962962963 0.4699074074074074 0.5439814814814815 0.4675925925925926 0.5462962962962963 0.4583333333333333 0.5462962962962963 0.44907407407407407 0.5509259259259259 0.44212962962962965 0.5601851851851852 0.4050925925925926 0.5601851851851852 0.4074074074074074 0.5486111111111112 0.4236111111111111 0.5324074074074074 0.43287037037037035 0.5277777777777778 0.4375 0.5277777777777778 0.44675925925925924 0.5231481481481481 0.4537037037037037 0.5231481481481481 0.45601851851851855 0.5208333333333334 0.5 0.5208333333333334 0.5046296296296297 0.5162037037037037 0.5046296296296297 0.49537037037037035 0.5162037037037037 0.48148148148148145 0.5324074074074074 0.4722222222222222 0.5393518518518519 0.4722222222222222 0.5486111111111112 0.4675925925925926 0.5601851851851852 0.4675925925925926 0.5625 0.4652777777777778 0.5833333333333334 0.4652777777777778 0.5856481481481481 0.4675925925925926 0.5949074074074074 0.4675925925925926
11 0.11056838425925927 0.581 0.11367673148148148 0.6479999999999999 0.11944937731481481 0.694 0.12300177546296297 0.7015 0.12566607407407407 0.726 0.123889875 0.7424999999999999 0.12211367592592592 0.74475 0.12211367592592592 0.7635 0.12522202546296296 0.772 0.12921847222222224 0.77625 0.14387211342592593 0.77725 0.2597690949074074 0.7765 0.27397868518518514 0.776 0.28552397916666666 0.7737499999999999 0.2930728240740741 0.775 0.3401420949074074 0.77325 0.3454706921296296 0.7737499999999999 0.3485790416666667 0.7725000000000001 0.3516873888888889 0.77325 0.3592362337962963 0.7727499999999999 0.3721136759259259 0.77 0.37744227314814816 0.77175 0.38010657175925927 0.77175 0.38188277083333333 0.77025 0.38676731712962964 0.7715000000000001 0.3894316157407407 0.767 0.39742451157407405 0.76625 0.41119005324074076 0.7705 0.4151865 0.7727499999999999 0.9702486689814814 0.7659999999999999 0.979129662037037 0.7645000000000001 0.9928952037037037 0.7645000000000001 0.999555951388889 0.76225 0.999555951388889 0.2615 0.9951154537037037 0.2585 0.9738010648148148 0.255 0.9476021319444444 0.2545 0.9427175833333332 0.25525 0.8898756666666666 0.255 0.8841030185185185 0.2565 0.8796625231481481 0.25525 0.8681172291666667 0.25625000000000003 0.8348135 0.25525 0.8272646527777778 0.25775 0.8166074606481482 0.25575 0.8068383657407407 0.25525 0.8015097685185185 0.2565 0.7930728240740741 0.25575 0.7881882777777778 0.25675 0.7340142106481481 0.25675 0.7171403194444445 0.25825 0.6434280648148147 0.2565 0.606127886574074 0.25775 0.5439609236111111 0.257 0.5008880995370371 0.258 0.4702486689814815 0.257 0.42673179398148153 0.258 0.2846358796296296 0.25825 0.26154529398148146 0.2575 0.23179396064814814 0.25875 0.16429840046296298 0.258 0.1412078148148148 0.26025 0.11989342824074074 0.2675 0.11012433333333334 0.27275 0.10213143981481482 0.2795 0.09547069212962962 0.28675 0.09191829398148148 0.29625 0.09191829398148148 0.325 0.10968028472222223 0.56275 0.1092362337962963 0.57825 0.11056838425925927 0.581
12 0.9980683842592593 0.71474625 0.11866340972222222 0.71474625 0.11866340972222222 0.77205375 0.9980683842592593 0.77205375 0.9980683842592593 0.71474625
13 0.46225577314814814 0.34950000000000003 0.477353462962963 0.34875 0.49111900462962965 0.34125 0.49378330324074077 0.33575000000000005 0.4924511550925926 0.32625 0.48978685648148146 0.32325000000000004 0.48046181250000003 0.31825000000000003 0.4702486689814815 0.316 0.4595914745370371 0.3165 0.4484902314814815 0.32075 0.4413854351851852 0.32775 0.44049733564814814 0.33525 0.4422735347222222 0.33949999999999997 0.4569271759259259 0.3485 0.46225577314814814 0.34950000000000003
13 0.6638543518518518 0.34725 0.6762877453703703 0.347 0.6856127893518519 0.34400000000000003 0.6922735347222222 0.33949999999999997 0.6967140324074074 0.33225000000000005 0.6949378333333334 0.3245 0.6922735347222222 0.32049999999999995 0.6785079930555555 0.31425 0.664298400462963 0.3145 0.6585257546296297 0.316 0.6492007106481481 0.3215 0.6447602129629629 0.32775 0.643872113425926 0.3355 0.6474245115740741 0.3405 0.6509769097222221 0.34325 0.6638543518518518 0.34725
13 0.7619893425925925 0.40275 0.7761989351851852 0.40325 0.7864120787037037 0.401 0.7939609236111111 0.396 0.7975133217592593 0.3905 0.7970692708333333 0.38425000000000004 0.7944049722222223 0.38025 0.7864120787037037 0.37599999999999995 0.7775310833333333 0.373 0.7655417407407407 0.373 0.7548845462962963 0.37599999999999995 0.7460035532407407 0.384 0.7455595023148148 0.39149999999999996 0.7477797523148149 0.396 0.7579928958333333 0.40175000000000005 0.7619893425925925 0.40275
13 0.559946712962963 0.40599999999999997 0.5777087037037036 0.40700000000000003 0.5883658958333333 0.40199999999999997 0.5941385439814815 0.396 0.5959147430555555 0.3905 0.5928063935185185 0.38275000000000003 0.5874777986111112 0.37825 0.5781527523148148 0.3755 0.5639431620370371 0.37525000000000003 0.5537300185185186 0.37725000000000003 0.5470692708333333 0.38175 0.543516875 0.387 0.5430728240740741 0.39075 0.5461811712962963 0.398 0.5501776203703703 0.40225 0.559946712962963 0.40599999999999997
13 0.3636767314814815 0.40724999999999995 0.38143872222222225 0.40625 0.3925399652777778 0.39775 0.39431616435185185 0.39199999999999996 0.39209591435185187 0.38625000000000004 0.3889875671296296 0.38299999999999995 0.3787744236111111 0.37775 0.36811722916666667 0.3765 0.3587921851851852 0.377 0.3485790416666667 0.381 0.3445825925925926 0.3835 0.34147424537037036 0.38775000000000004 0.34103019444444443 0.39275 0.34369449305555555 0.39899999999999997 0.35568383564814815 0.40625 0.3636767314814815 0.40724999999999995
13 0.26154529398148146 0.46525 0.27575488425925926 0.46525 0.28552397916666666 0.4625 0.29484902314814815 0.4535 0.2957371226851852 0.44675000000000004 0.2944049722222222 0.4445 0.28774422685185186 0.43849999999999995 0.2797513310185185 0.435 0.2690941388888889 0.434 0.2584369444444445 0.43475 0.24689165277777778 0.43925 0.24111900462962962 0.44575 0.24111900462962962 0.4515 0.2442273541666667 0.45749999999999996 0.24911190046296297 0.46125 0.26154529398148146 0.46525
13 0.4635879212962963 0.4635 0.4746891643518519 0.464 0.4849023101851852 0.46149999999999997 0.49111900462962965 0.45875 0.49333925462962963 0.4565 0.4964476018518518 0.45025000000000004 0.49600355324074075 0.44549999999999995 0.4924511550925926 0.439 0.4871225578703704 0.4355 0.4764653634259259 0.434 0.4582593240740741 0.43425 0.45026643055555554 0.43775000000000003 0.44538188194444445 0.444 0.44538188194444445 0.4505 0.45026643055555554 0.45825 0.45515097685185185 0.46175 0.4635879212962963 0.4635
13 0.6611900532407406 0.46149999999999997 0.6678507986111112 0.46225 0.6785079930555555 0.46149999999999997 0.6856127893518519 0.459 0.6936056828703704 0.45325 0.6958259328703704 0.4495 0.6962699814814814 0.4425 0.689609236111111 0.436 0.6785079930555555 0.43174999999999997 0.6660745995370371 0.43125 0.6585257546296297 0.4325 0.6483126111111112 0.4375 0.645204263888889 0.44199999999999995 0.643872113425926 0.44675000000000004 0.6460923634259259 0.45275 0.6505328587962963 0.45675 0.6611900532407406 0.46149999999999997
13 0.8658969814814815 0.45975 0.8734458263888889 0.46 0.8832149189814814 0.45799999999999996 0.8916518657407407 0.45399999999999996 0.8960923634259259 0.4495 0.8978685601851851 0.44225 0.8943161643518519 0.43575 0.8872113680555556 0.43225 0.8765541736111111 0.42925 0.8694493773148148 0.429 0.856127886574074 0.4315 0.8445825925925926 0.43925 0.8441385439814815 0.44625 0.8472468912037037 0.4505 0.8556838356481481 0.45675 0.8658969814814815 0.45975
13 0.7677619884259259 0.5167499999999999 0.7770870347222222 0.51625 0.7859680277777777 0.5135 0.7939609236111111 0.5085 0.7966252222222222 0.5025000000000001 0.7944049722222223 0.49525 0.7868561273148148 0.49 0.7788632337962963 0.48724999999999996 0.770870337962963 0.4865 0.7606571944444445 0.4875 0.7544404976851852 0.4895 0.7468916527777778 0.49424999999999997 0.7446714027777778 0.4975 0.7451154537037037 0.5055000000000001 0.7473357013888888 0.509 0.7619893425925925 0.516 0.7677619884259259 0.5167499999999999
13 0.5763765532407408 0.51725 0.5848135 0.51625 0.5923623449074074 0.512 0.5968028425925925 0.50575 0.5963587916666667 0.49900000000000005 0.5936944930555555 0.495 0.5861456481481482 0.4905 0.5785968032407408 0.489 0.5666074606481482 0.48924999999999996 0.5572824166666667 0.4915 0.5523978680555556 0.49475 0.5479573703703703 0.5 0.5479573703703703 0.505 0.5506216689814815 0.5105 0.5603907638888889 0.5167499999999999 0.5763765532407408 0.51725
13 0.35612788657407407 0.51825 0.36634103009259256 0.5205 0.3787744236111111 0.52125 0.38765541666666664 0.5187499999999999 0.39387211342592593 0.51525 0.3978685601851852 0.509 0.39875665972222224 0.5045 0.3960923634259259 0.498 0.3912078148148148 0.49424999999999997 0.3787744236111111 0.49074999999999996 0.3619005324074074 0.491 0.35257548842592595 0.494 0.3485790416666667 0.498 0.3468028425925926 0.5015 0.3476909421296296 0.509 0.3521314398148148 0.51575 0.35612788657407407 0.51825
13 0.2619893425925926 0.5770000000000001 0.28285968055555555 0.5770000000000001 0.2944049722222222 0.5725 0.2992895208333333 0.5675 0.30062166898148146 0.56025 0.29706927083333334 0.554 0.2908525763888889 0.5495 0.28019538194444443 0.54675 0.2655417407407408 0.54725 0.25532859722222223 0.54975 0.25133214814814814 0.5529999999999999 0.2482238009259259 0.559 0.2477797523148148 0.564 0.2504440486111111 0.56975 0.25399644675925925 0.5735 0.2619893425925926 0.5770000000000001
13 0.4724689166666667 0.5750000000000001 0.4809058611111111 0.5745 0.49067495601851846 0.571 0.4951154537037037 0.5680000000000001 0.5 0.56075 0.49467140277777777 0.55225 0.4880106574074074 0.54825 0.4720248657407407 0.5457500000000001 0.46625221990740745 0.546 0.4595914745370371 0.54775 0.45159857870370373 0.5529999999999999 0.4476021319444445 0.55725 0.4471580810185185 0.56125 0.45204262962962966 0.56825 0.46225577314814814 0.57325 0.4724689166666667 0.5750000000000001
13 0.6634103009259259 0.5715 0.6722912962962964 0.57275 0.6825044398148149 0.57075 0.6887211365740741 0.56875 0.6958259328703704 0.564 0.6980461805555556 0.55775 0.6971580810185185 0.5535 0.6940497337962962 0.5495 0.6869449375000001 0.546 0.6745115462962963 0.54325 0.6545293078703703 0.547 0.6496447592592594 0.5505 0.6483126111111112 0.55325 0.6492007106481481 0.5619999999999999 0.6545293078703703 0.56775 0.6634103009259259 0.5715
13 0.8654529305555556 0.57125 0.873001775462963 0.5715 0.8827708703703704 0.569 0.8916518657407407 0.56425 0.8943161643518519 0.56075 0.895204263888889 0.5535 0.8912078148148148 0.5465 0.8863232685185186 0.5435 0.8694493773148148 0.54 0.8627886319444444 0.54025 0.853019537037037 0.5437500000000001 0.8450266435185185 0.54975 0.8436944930555555 0.55375 0.8432504444444445 0.55775 0.8454706921296297 0.56225 0.8556838356481481 0.5680000000000001 0.8654529305555556 0.57125
13 0.7619893425925925 0.62575 0.7677619884259259 0.6269999999999999 0.7761989351851852 0.6269999999999999 0.7864120787037037 0.6237499999999999 0.793516875 0.61975 0.7970692708333333 0.61375 0.7957371226851853 0.60625 0.7930728240740741 0.6027499999999999 0.7824156296296296 0.5985 0.7722024861111111 0.59675 0.7602131435185185 0.59775 0.7544404976851852 0.60025 0.7468916527777778 0.60575 0.7442273541666666 0.6092500000000001 0.7460035532407407 0.6174999999999999 0.7486678518518518 0.61975 0.7619893425925925 0.62575
13 0.5710479583333333 0.62875 0.5821492013888888 0.628 0.5879218472222222 0.626 0.5976909421296297 0.61975 0.5994671412037037 0.6164999999999999 0.5990230902777779 0.6092500000000001 0.5959147430555555 0.6052500000000001 0.5879218472222222 0.60075 0.580817050925926 0.5994999999999999 0.5626110115740741 0.6005 0.5519538194444444 0.60475 0.5484014212962963 0.6092500000000001 0.5484014212962963 0.61725 0.5506216689814815 0.621 0.5652753101851852 0.6277499999999999 0.5710479583333333 0.62875
13 0.37255772685185184 0.63175 0.38277087037037033 0.631 0.3898756666666667 0.629 0.3978685601851852 0.62425 0.4014209583333333 0.61975 0.4023090578703704 0.6155 0.39875665972222224 0.6085 0.3929840138888889 0.6045 0.3880994675925926 0.603 0.3730017754629629 0.6012500000000001 0.3627886319444445 0.603 0.35657193518518515 0.6055 0.35124334027777776 0.612 0.35079928935185184 0.619 0.35479573611111115 0.62475 0.36323268287037036 0.63 0.37255772685185184 0.63175
13 0.4884547060185185 0.68325 0.49600355324074075 0.67975 0.5026642986111112 0.6745 0.5035523981481481 0.66825 0.5013321481481482 0.6645000000000001 0.4955595023148148 0.6589999999999999 0.4884547060185185 0.65625 0.4782415625 0.65525 0.46625221990740745 0.656 0.45515097685185185 0.6607500000000001 0.45159857870370373 0.6655 0.45293072916666666 0.6759999999999999 0.4666962708333333 0.68375 0.477353462962963 0.6847500000000001 0.4884547060185185 0.68325
13 0.6807282407407407 0.68225 0.690053287037037 0.6792499999999999 0.6958259328703704 0.6755 0.6998223796296296 0.66875 0.6989342800925926 0.6645000000000001 0.6940497337962962 0.6582499999999999 0.6856127893518519 0.6542500000000001 0.6749555949074074 0.652 0.6625222013888888 0.65375 0.6540852569444445 0.657 0.6487566597222222 0.66125 0.6474245115740741 0.66675 0.6505328587962963 0.6745 0.6647424513888889 0.68225 0.6807282407407407 0.68225