10 0.6087962962962963 0.4166666666666667 0.6180555555555556 0.4212962962962963 0.6273148148148148 0.4305555555555556 0.6319444444444444 0.44212962962962965 0.6319444444444444 0.46064814814814814 0.6342592592592593 0.46296296296296297 0.6597222222222222 0.46296296296296297 0.6620370370370371 0.4652777777777778 0.6620370370370371 0.47453703703703703 0.6574074074074074 0.48148148148148145 0.6342592592592593 0.48148148148148145 0.6319444444444444 0.4837962962962963 0.6319444444444444 0.5115740740740741 0.6365740740740741 0.5162037037037037 0.6597222222222222 0.5162037037037037 0.6620370370370371 0.5185185185185185 0.6620370370370371 0.5324074074074074 0.6597222222222222 0.5347222222222222 0.6342592592592593 0.5347222222222222 0.6319444444444444 0.5370370370370371 0.6319444444444444 0.5486111111111112 0.6296296296296297 0.5509259259259259 0.5972222222222222 0.5509259259259259 0.5949074074074074 0.5486111111111112 0.5949074074074074 0.5370370370370371 0.5879629629629629 0.5324074074074074 0.5856481481481481 0.5347222222222222 0.5810185185185185 0.5324074074074074 0.5740740740740741 0.5324074074074074 0.5717592592592593 0.5347222222222222 0.5648148148148148 0.5324074074074074 0.5625 0.5347222222222222 0.5578703703703703 0.5347222222222222 0.5486111111111112 0.5393518518518519 0.5393518518518519 0.5509259259259259 0.5046296296296297 0.5509259259259259 0.5046296296296297 0.5416666666666666 0.5115740740740741 0.5324074074074074 0.5370370370370371 0.5185185185185185 0.5462962962962963 0.5185185185185185 0.5486111111111112 0.5162037037037037 0.5925925925925926 0.5162037037037037 0.5949074074074074 0.5138888888888888 0.5949074074074074 0.4837962962962963 0.5925925925925926 0.48148148148148145 0.5486111111111112 0.48148148148148145 0.5162037037037037 0.4699074074074074 0.5023148148148148 0.4537037037037037 0.5023148148148148 0.4398148148148148 0.5046296296296297 0.4351851851851852 0.5185185185185185 0.4212962962962963 0.5509259259259259 0.4097222222222222 0.5856481481481481 0.4097222222222222 0.5879629629629629 0.41203703703703703 0.5972222222222222 0.41203703703703703 0.6064814814814815 0.4166666666666667
11 0.010657194444444443 0.287 0.012433393518518519 0.28925 0.011101243055555555 0.29325 0.012877442129629631 0.29525 0.007104796296296296 0.335 0.011545293981481483 0.335 0.013321493055555555 0.33599999999999997 0.014653641203703703 0.34149999999999997 0.013765541666666667 0.35275 0.018650087962962966 0.35450000000000004 0.01820603935185185 0.35625 0.020870337962962962 0.359 0.020870337962962962 0.36024999999999996 0.011989342592592591 0.36000000000000004 0.011101243055555555 0.36325 0.007992895833333333 0.3645 0.004440497685185185 0.36924999999999997 0.004440497685185185 0.6269999999999999 0.0053285972222222215 0.6277499999999999 0.008436944444444445 0.6269999999999999 0.01598578935185185 0.6332500000000001 0.014653641203703703 0.63625 0.01554174074074074 0.6407499999999999 0.010213143518518519 0.647 0.013321493055555555 0.65125 0.004884546296296296 0.654 0.00666074537037037 0.6549999999999999 0.008436944444444445 0.6785000000000001 0.013765541666666667 0.68125 0.005772645833333334 0.69675 0.007548844907407408 0.70675 0.014653641203703703 0.7095 0.011545293981481483 0.7232500000000001 0.007992895833333333 0.7235 0.008436944444444445 0.73125 0.018650087962962966 0.73675 0.018650087962962966 0.7487499999999999 0.016429840277777778 0.7512500000000001 0.018650087962962966 0.753 0.02841918287037037 0.75425 0.05683836574074074 0.75525 0.06616340972222222 0.754 0.08525754861111111 0.7535 0.09147424537037037 0.7512500000000001 0.13454706944444444 0.74275 0.1412078148148148 0.7424999999999999 0.15852575462962962 0.7424999999999999 0.17140319675925927 0.7454999999999999 0.17850799305555556 0.745 0.18960923611111113 0.7424999999999999 0.19582593287037037 0.746 0.206483125 0.74575 0.21003552314814816 0.7475 0.2282415625 0.746 0.23327397916666667 0.7445 0.24600355324074072 0.7445 0.25177619907407406 0.74525 0.25399644675925925 0.7465 0.26953818749999997 0.7445 0.2824156296296296 0.74525 0.2864120787037037 0.7445 0.29706927083333334 0.74625 0.3068383657407407 0.7442500000000001 0.32859680324074075 0.742 0.3312611018518518 0.74275 0.33570159953703704 0.742 0.36634103009259256 0.7435 0.42184724768518517 0.743 0.42761989351851853 0.742 0.44182948379629633 0.7417499999999999 0.4849023101851852 0.74275 0.49200710416666665 0.7412500000000001 0.49866785185185186 0.7417499999999999 0.5026642986111112 0.7410000000000001 0.5048845462962963 0.7417499999999999 0.5501776203703703 0.7417499999999999 0.5555062175925927 0.74075 0.5572824166666667 0.7375 0.5657193611111111 0.73825 0.5674955601851852 0.7405 0.5710479583333333 0.7412500000000001 0.585701599537037 0.7405 0.5874777986111112 0.7414999999999999 0.6025754884259259 0.7412500000000001 0.604795736111111 0.73975 0.6092362337962962 0.7412500000000001 0.6136767314814814 0.7375 0.6167850810185186 0.7372500000000001 0.6212255763888889 0.73875 0.625666074074074 0.73625 0.6323268217592592 0.73775 0.6336589699074074 0.7395 0.6394316157407408 0.7410000000000001 0.6567495555555555 0.73775 0.6611900532407406 0.7384999999999999 0.7699822384259258 0.73775 0.7722024861111111 0.7384999999999999 0.7748667847222223 0.73775 0.7753108356481482 0.7365 0.7984014212962963 0.7365 0.8001776203703704 0.738 0.8019538194444444 0.73775 0.8032859675925926 0.73575 0.812166962962963 0.7340000000000001 0.8210479583333333 0.73525 0.8312611018518519 0.7344999999999999 0.8388099467592594 0.7305 0.8419182939814815 0.731 0.8552397870370371 0.7274999999999999 0.8623445833333334 0.7235 0.8734458263888889 0.7115 0.8765541736111111 0.7100000000000001 0.8774422731481482 0.6789999999999999 0.8747779745370371 0.6655 0.8765541736111111 0.65925 0.876998224537037 0.62975 0.874333925925926 0.62275 0.8761101250000001 0.61775 0.8738898749999999 0.61175 0.873001775462963 0.5957499999999999 0.8747779745370371 0.5932499999999999 0.8738898749999999 0.52125 0.8707815277777777 0.507 0.873001775462963 0.49550000000000005 0.873001775462963 0.4805 0.8716696273148149 0.40775 0.8698934282407408 0.39225 0.8712255763888889 0.38 0.8685612777777778 0.37599999999999995 0.8698934282407408 0.37375 0.8698934282407408 0.32425 0.8676731782407408 0.28975 0.8654529305555556 0.27975 0.8534635879629631 0.2655 0.8468028425925925 0.26175 0.8388099467592594 0.258 0.8348135 0.258 0.8246003541666667 0.254 0.8112788634259259 0.25175 0.7966252222222222 0.251 0.7868561273148148 0.253 0.7828596805555555 0.252 0.7766429837962963 0.25425 0.7624333935185185 0.25125000000000003 0.7584369444444445 0.25225 0.7557726458333334 0.25075 0.6993783310185185 0.25075 0.6931616342592593 0.253 0.6705150972222222 0.25075 0.66740675 0.25175 0.643872113425926 0.25175 0.6354351689814814 0.253 0.6332149189814814 0.253 0.6301065717592592 0.25125000000000003 0.6265541736111111 0.2525 0.5981349907407407 0.25325 0.5896980462962963 0.2525 0.5883658958333333 0.2515 0.5852575486111111 0.25275000000000003 0.5741563055555555 0.252 0.5497335694444444 0.25325 0.5466252222222222 0.25175 0.5377442268518519 0.253 0.5048845462962963 0.25225 0.4968916527777778 0.254 0.49111900462962965 0.25275000000000003 0.46403197222222226 0.2515 0.4080817060185185 0.25175 0.39964475925925924 0.2545 0.39209591435185187 0.253 0.3787744236111111 0.2525 0.36944937731481486 0.2535 0.36545293055555556 0.2525 0.35834813425925927 0.2555 0.33880994675925924 0.253 0.31394316203703704 0.2535 0.31039076388888887 0.2515 0.30328596759259263 0.25175 0.3015097685185185 0.25275000000000003 0.26953818749999997 0.2525 0.26865008796296297 0.25175 0.26598578935185185 0.25275000000000003 0.2584369444444445 0.25275000000000003 0.2557726458333333 0.2515 0.25177619907407406 0.25225 0.19849023148148148 0.2515 0.18872113657407408 0.2525 0.18472468981481482 0.2515 0.17451154629629628 0.25325 0.15763765509259262 0.25225 0.15408525694444444 0.25325 0.14387211342592593 0.253 0.13188277083333333 0.25425 0.11944937731481481 0.257 0.11678508101851852 0.25875 0.1047957361111111 0.255 0.10079928935185185 0.25775 0.09813499074074075 0.26275 0.09103019444444443 0.2625 0.09058614583333334 0.257 0.07460035416666667 0.25225 0.05728241666666666 0.24925 0.04884546990740741 0.25075 0.043072824074074076 0.24950000000000003 0.028863233796296295 0.24925 0.01598578935185185 0.25125000000000003 0.013321493055555555 0.2545 0.013765541666666667 0.25775 0.010213143518518519 0.26125 0.004884546296296296 0.26325 0.0039964467592592595 0.266 0.007548844907407408 0.26775 0.009325043981481483 0.27175 0.010657194444444443 0.287
12 0 0.7927862499999999 0.1282149189814815 0.7927862499999999 0.1282149189814815 0.23705374999999998 0 0.23705374999999998 0 0.7927862499999999
13 0.36634103009259256 0.35325 0.3721136759259259 0.35425 0.38010657175925927 0.354 0.3889875671296296 0.35075 0.3960923634259259 0.34625 0.3983126111111111 0.339 0.3960923634259259 0.3335 0.3925399652777778 0.33 0.38188277083333333 0.325 0.3765541736111111 0.32399999999999995 0.3627886319444445 0.325 0.35435168749999996 0.32825 0.3476909421296296 0.335 0.3472468912037037 0.33875 0.3521314398148148 0.34775 0.35657193518518515 0.3505 0.36634103009259256 0.35325
13 0.5710479583333333 0.35300000000000004 0.5777087037037036 0.35075 0.5852575486111111 0.345 0.5865896990740741 0.337 0.5848135 0.33275 0.581705150462963 0.32925 0.5710479583333333 0.32425 0.5630550625 0.32375000000000004 0.5501776203703703 0.32475 0.5430728240740741 0.32825 0.5381882777777778 0.33375 0.5390763773148148 0.34275000000000005 0.5452930717592592 0.35 0.5501776203703703 0.35225 0.5710479583333333 0.35300000000000004
13 0.6487566597222222 0.40475 0.6611900532407406 0.40599999999999997 0.6718472476851851 0.40325 0.6789520416666667 0.39875 0.6811722916666667 0.39499999999999996 0.6807282407407407 0.387 0.6785079930555555 0.3835 0.6718472476851851 0.379 0.6638543518518518 0.37775 0.6496447592592594 0.378 0.6407637662037038 0.38025 0.6354351689814814 0.384 0.6336589699074074 0.38675 0.6336589699074074 0.394 0.6358792175925926 0.39775 0.6487566597222222 0.40475
13 0.4595914745370371 0.40625 0.4666962708333333 0.40775 0.4782415625 0.40675 0.4844582592592592 0.40475 0.49200710416666665 0.4 0.49378330324074077 0.39549999999999996 0.4924511550925926 0.38725 0.4893428055555556 0.38375 0.477353462962963 0.37875000000000003 0.4595914745370371 0.37925000000000003 0.45293072916666666 0.38075000000000003 0.44582593287037037 0.38775000000000004 0.4449378333333333 0.39175 0.4471580810185185 0.39725 0.45204262962962966 0.40275 0.4595914745370371 0.40625
13 0.27220248611111114 0.40775 0.2810834814814815 0.40825 0.2961811712962963 0.40475 0.30328596759259263 0.39775 0.30417406712962963 0.39375 0.30062166898148146 0.38625000000000004 0.2930728240740741 0.381 0.28552397916666666 0.37925000000000003 0.2753108356481481 0.3785 0.2655417407407408 0.38 0.25799289583333335 0.3845 0.25399644675925925 0.3905 0.25399644675925925 0.39675 0.25799289583333335 0.40225 0.2619893425925926 0.405 0.27220248611111114 0.40775
13 0.1749555949074074 0.46225 0.18206039120370368 0.46299999999999997 0.19449378240740742 0.46125 0.20026643055555554 0.45925 0.2069271759259259 0.45275 0.20781527546296297 0.44899999999999995 0.20515097685185182 0.4415 0.20026643055555554 0.437 0.19493783333333334 0.43475 0.18650088888888888 0.4335 0.1776198935185185 0.4335 0.16873889814814816 0.43524999999999997 0.16296625231481482 0.43825000000000003 0.1580817060185185 0.4445 0.1580817060185185 0.44975 0.16119005324074073 0.45425 0.16918294907407408 0.46 0.1749555949074074 0.46225
13 0.36634103009259256 0.46 0.3787744236111111 0.46175 0.38676731712962964 0.46099999999999997 0.394760212962963 0.457 0.39875665972222224 0.45325 0.4009769097222222 0.44625 0.39920071064814816 0.4415 0.3907637662037037 0.4355 0.38055062268518514 0.43275 0.3712255763888889 0.43275 0.3614564837962963 0.43475 0.35568383564814815 0.438 0.3521314398148148 0.44275 0.3521314398148148 0.4495 0.355239787037037 0.45399999999999996 0.3592362337962963 0.45749999999999996 0.36634103009259256 0.46
13 0.5603907638888889 0.45949999999999996 0.5679396087962962 0.4605 0.5883658958333333 0.45449999999999996 0.5910301944444444 0.44925 0.5874777986111112 0.4395 0.580817050925926 0.435 0.5741563055555555 0.43300000000000005 0.5652753101851852 0.43225 0.5501776203703703 0.434 0.5430728240740741 0.439 0.541296625 0.44325000000000003 0.5408525763888888 0.44625 0.5444049722222223 0.453 0.5497335694444444 0.4565 0.5603907638888889 0.45949999999999996
13 0.7451154537037037 0.457 0.7544404976851852 0.45799999999999996 0.7615452939814815 0.45749999999999996 0.7686500879629631 0.45525 0.7766429837962963 0.44925 0.7779751342592592 0.44199999999999995 0.774422736111111 0.4355 0.7690941388888889 0.432 0.7584369444444445 0.42875 0.751776199074074 0.42875 0.7415630555555555 0.431 0.7317939606481482 0.4355 0.7282415624999999 0.4395 0.727353462962963 0.4465 0.7309058611111111 0.45125 0.7344582592592593 0.45375000000000004 0.7451154537037037 0.457
13 0.6611900532407406 0.51325 0.6647424513888889 0.511 0.6767317939814815 0.507 0.6811722916666667 0.504 0.6842806388888889 0.49900000000000005 0.6838365902777779 0.4945 0.6825044398148149 0.491 0.6749555949074074 0.48574999999999996 0.6625222013888888 0.484 0.6483126111111112 0.48574999999999996 0.6443161643518519 0.48675 0.6372113680555556 0.49200000000000005 0.6372113680555556 0.5015 0.6425399652777778 0.507 0.6509769097222221 0.51075 0.6611900532407406 0.51325
13 0.4658081712962963 0.51325 0.47779751388888886 0.51325 0.4875666064814815 0.51075 0.4951154537037037 0.506 0.4977797523148148 0.50175 0.4964476018518518 0.495 0.49111900462962965 0.489 0.48001776157407405 0.48524999999999996 0.4746891643518519 0.4845 0.4666962708333333 0.48475 0.456483125 0.48775 0.45115453009259254 0.491 0.44804618055555556 0.496 0.44804618055555556 0.502 0.45159857870370373 0.5065 0.45737122453703705 0.5105 0.4658081712962963 0.51325
13 0.26998223842592595 0.513 0.2824156296296296 0.5145000000000001 0.2895204259259259 0.514 0.3037300185185185 0.5085 0.30639431712962967 0.50525 0.3068383657407407 0.49825 0.30417406712962963 0.49375 0.29706927083333334 0.48874999999999996 0.2868561273148148 0.48675 0.27309058564814814 0.4875 0.26598578935185185 0.49 0.2597690949074074 0.4945 0.25799289583333335 0.49774999999999997 0.2584369444444445 0.5055000000000001 0.26154529398148146 0.50925 0.26998223842592595 0.513
13 0.17539964583333334 0.56875 0.18383659027777777 0.56975 0.19227353472222222 0.56925 0.2015985787037037 0.5665 0.20959147453703703 0.561 0.2113676736111111 0.55575 0.208703375 0.549 0.2033747777777778 0.54475 0.19582593287037037 0.542 0.18783303703703705 0.5409999999999999 0.17539964583333334 0.54225 0.16696269907407407 0.5457500000000001 0.1625222013888889 0.5495 0.16074600462962962 0.55325 0.1625222013888889 0.56025 0.16651865046296296 0.564 0.17539964583333334 0.56875
13 0.36989342824074073 0.56625 0.38365896990740744 0.567 0.39387211342592593 0.5652499999999999 0.4027531087962963 0.55925 0.4049733564814815 0.554 0.4031971574074074 0.5485 0.39742451157407405 0.54275 0.3903197152777778 0.5395 0.37522202546296296 0.5387500000000001 0.36944937731481486 0.53975 0.3601243333333333 0.5437500000000001 0.355239787037037 0.54975 0.35479573611111115 0.5549999999999999 0.3570159861111111 0.5599999999999999 0.36323268287037036 0.56425 0.36989342824074073 0.56625
13 0.559946712962963 0.564 0.5701598587962963 0.5645 0.5763765532407408 0.5635 0.5852575486111111 0.5595 0.5919182939814815 0.554 0.5879218472222222 0.54325 0.5843694490740741 0.5407500000000001 0.5781527523148148 0.5387500000000001 0.5679396087962962 0.5375 0.5568383657407407 0.53825 0.5492895208333333 0.5415 0.5448490231481481 0.54725 0.5439609236111111 0.55375 0.5461811712962963 0.55725 0.5506216689814815 0.56075 0.559946712962963 0.564
13 0.7513321481481482 0.56325 0.7615452939814815 0.5630000000000001 0.7695381875 0.5615 0.7770870347222222 0.55725 0.7797513310185186 0.5535 0.7797513310185186 0.54625 0.7739786851851852 0.539 0.7655417407407407 0.53525 0.7508880995370371 0.5345 0.7402309050925925 0.5355 0.7357904074074073 0.5375 0.7313499120370369 0.543 0.7300177615740742 0.5505 0.7326820601851851 0.55725 0.7393428055555555 0.56125 0.7513321481481482 0.56325
13 0.6651865 0.617 0.6722912962962964 0.61575 0.6785079930555555 0.6134999999999999 0.6856127893518519 0.60875 0.6873889884259259 0.6055 0.6860568379629629 0.59775 0.6789520416666667 0.5915 0.6709591481481482 0.5885 0.6651865 0.5882499999999999 0.6474245115740741 0.5905 0.6425399652777778 0.5932499999999999 0.6389875671296296 0.5985 0.6385435162037036 0.6045 0.643872113425926 0.6125 0.6571936064814815 0.617 0.6651865 0.617
13 0.4600355231481481 0.617 0.477353462962963 0.6195 0.4875666064814815 0.61775 0.49378330324074077 0.6145 0.49866785185185186 0.6034999999999999 0.4951154537037037 0.59675 0.4884547060185185 0.592 0.4844582592592592 0.5910000000000001 0.4666962708333333 0.59025 0.45781527546296297 0.593 0.45204262962962966 0.598 0.4507104791666667 0.601 0.45204262962962966 0.6104999999999999 0.4547069282407407 0.61425 0.4600355231481481 0.617
13 0.29662522222222226 0.6204999999999999 0.3059502662037037 0.6155 0.30950266435185186 0.61025 0.30817051620370367 0.6022500000000001 0.30461811805555555 0.5982500000000001 0.3001776203703703 0.5954999999999999 0.29218472453703703 0.59375 0.2775310833333333 0.5932499999999999 0.27220248611111114 0.5945 0.2664298402777778 0.5975 0.26065719444444446 0.60425 0.26110124305555554 0.61275 0.26820603935185183 0.6195 0.27353463657407406 0.621 0.29662522222222226 0.6204999999999999
13 0.37921847222222227 0.67375 0.38765541666666664 0.674 0.39698046296296297 0.6717500000000001 0.4009769097222222 0.66925 0.4049733564814815 0.6577500000000001 0.4023090578703704 0.6525 0.39742451157407405 0.64925 0.3872113680555555 0.646 0.376110125 0.64575 0.36634103009259256 0.6485 0.3587921851851852 0.6542500000000001 0.35834813425925927 0.6625 0.3627886319444445 0.6695 0.36545293055555556 0.671 0.37921847222222227 0.67375
13 0.5710479583333333 0.6705 0.581705150462963 0.6695 0.5919182939814815 0.6637500000000001 0.5941385439814815 0.65875 0.5928063935185185 0.6525 0.5879218472222222 0.647 0.5812611018518519 0.6435000000000001 0.5674955601851852 0.642 0.5626110115740741 0.6425 0.5523978680555556 0.6465000000000001 0.5466252222222222 0.65325 0.5470692708333333 0.6615 0.5501776203703703 0.6649999999999999 0.5603907638888889 0.66925 0.5710479583333333 0.6705