5 0.8217592592592593 0.3402777777777778 0.8425925925925926 0.34953703703703703 0.8564814814814815 0.36342592592592593 0.8564814814814815 0.3680555555555556 0.8587962962962963 0.37037037037037035 0.8587962962962963 0.3819444444444444 0.8564814814814815 0.38425925925925924 0.8564814814814815 0.3888888888888889 0.8472222222222222 0.40046296296296297 0.8263888888888888 0.41203703703703703 0.8217592592592593 0.41203703703703703 0.8125 0.4166666666666667 0.8055555555555556 0.4166666666666667 0.8032407407407407 0.41898148148148145 0.75 0.4212962962962963 0.7453703703703703 0.42592592592592593 0.7476851851851852 0.42824074074074076 0.7476851851851852 0.44212962962962965 0.7407407407407407 0.45601851851851855 0.7337962962962963 0.46296296296296297 0.7106481481481481 0.47453703703703703 0.6944444444444444 0.47685185185185186 0.6921296296296297 0.4791666666666667 0.6388888888888888 0.48148148148148145 0.6365740740740741 0.4837962962962963 0.6365740740740741 0.4976851851851852 0.6296296296296297 0.5023148148148148 0.6273148148148148 0.5 0.625 0.5023148148148148 0.6203703703703703 0.5 0.6157407407407407 0.5023148148148148 0.6134259259259259 0.5 0.5995370370370371 0.5 0.5949074074074074 0.49537037037037035 0.5949074074074074 0.49074074074074076 0.5972222222222222 0.48842592592592593 0.5949074074074074 0.4837962962962963 0.5902777777777778 0.4791666666666667 0.5833333333333334 0.4791666666666667 0.5810185185185185 0.47685185185185186 0.5648148148148148 0.47685185185185186 0.5625 0.4791666666666667 0.5462962962962963 0.48148148148148145 0.5370370370370371 0.4861111111111111 0.5300925925925926 0.4930555555555556 0.5300925925925926 0.4976851851851852 0.5277777777777778 0.5 0.4930555555555556 0.5 0.49074074074074076 0.4976851851851852 0.49074074074074076 0.49074074074074076 0.5046296296296297 0.47453703703703703 0.5277777777777778 0.46296296296296297 0.5347222222222222 0.46296296296296297 0.5462962962962963 0.4583333333333333 0.5902777777777778 0.4583333333333333 0.5949074074074074 0.4537037037037037 0.5949074074074074 0.4351851851851852 0.5995370370370371 0.42592592592592593 0.6134259259259259 0.41203703703703703 0.6273148148148148 0.4050925925925926 0.6319444444444444 0.4050925925925926 0.6481481481481481 0.39814814814814814 0.6689814814814815 0.39814814814814814 0.6712962962962963 0.3958333333333333 0.6736111111111112 0.39814814814814814 0.6990740740740741 0.39814814814814814 0.7037037037037037 0.38657407407407407 0.7037037037037037 0.3726851851851852 0.7060185185185185 0.3680555555555556 0.7222222222222222 0.35185185185185186 0.7268518518518519 0.35185185185185186 0.7314814814814815 0.3472222222222222 0.7430555555555556 0.3449074074074074 0.75 0.3402777777777778 0.7731481481481481 0.33796296296296297 0.7754629629629629 0.33564814814814814 0.7962962962962963 0.33564814814814814 0.7986111111111112 0.33796296296296297 0.8125 0.33796296296296297 0.8148148148148148 0.3402777777777778 0.8194444444444444 0.3402777777777778
10 0.5300925925925926 0.5625 0.5300925925925926 0.5694444444444444 0.5324074074074074 0.5717592592592593 0.5300925925925926 0.5740740740740741 0.5347222222222222 0.5810185185185185 0.5601851851851852 0.5810185185185185 0.5625 0.5833333333333334 0.5625 0.5972222222222222 0.5601851851851852 0.5995370370370371 0.5601851851851852 0.6041666666666666 0.5347222222222222 0.6041666666666666 0.5300925925925926 0.6111111111111112 0.5300925925925926 0.6157407407407407 0.5324074074074074 0.6180555555555556 0.5300925925925926 0.6226851851851852 0.5370370370370371 0.6319444444444444 0.5416666666666666 0.6319444444444444 0.5486111111111112 0.6365740740740741 0.5578703703703703 0.6365740740740741 0.5625 0.6412037037037037 0.5648148148148148 0.6620370370370371 0.5601851851851852 0.6643518518518519 0.5393518518518519 0.6620370370370371 0.5370370370370371 0.6597222222222222 0.5231481481481481 0.6574074074074074 0.5 0.6435185185185185 0.49074074074074076 0.6273148148148148 0.49074074074074076 0.6064814814814815 0.4861111111111111 0.6018518518518519 0.47453703703703703 0.6018518518518519 0.4722222222222222 0.6041666666666666 0.46064814814814814 0.6041666666666666 0.4583333333333333 0.6018518518518519 0.4513888888888889 0.6018518518518519 0.44907407407407407 0.6041666666666666 0.42824074074074076 0.6041666666666666 0.42592592592592593 0.6064814814814815 0.42592592592592593 0.6226851851851852 0.41898148148148145 0.6388888888888888 0.4074074074074074 0.6504629629629629 0.39351851851851855 0.6574074074074074 0.3888888888888889 0.6574074074074074 0.37962962962962965 0.6620370370370371 0.37037037037037035 0.6620370370370371 0.3680555555555556 0.6643518518518519 0.33564814814814814 0.6643518518518519 0.3333333333333333 0.6620370370370371 0.32175925925925924 0.6620370370370371 0.3194444444444444 0.6597222222222222 0.30787037037037035 0.6574074074074074 0.29398148148148145 0.6504629629629629 0.2824074074074074 0.6388888888888888 0.2777777777777778 0.6296296296296297 0.2777777777777778 0.6180555555555556 0.2800925925925926 0.6157407407407407 0.2800925925925926 0.6111111111111112 0.29398148148148145 0.5972222222222222 0.31712962962962965 0.5856481481481481 0.33564814814814814 0.5833333333333334 0.33796296296296297 0.5810185185185185 0.3819444444444444 0.5810185185185185 0.38425925925925924 0.5787037037037037 0.38425925925925924 0.5648148148148148 0.3888888888888889 0.5625 0.4236111111111111 0.5648148148148148 0.4236111111111111 0.5787037037037037 0.42592592592592593 0.5810185185185185 0.44675925925925924 0.5810185185185185 0.44907407407407407 0.5833333333333334 0.4722222222222222 0.5833333333333334 0.47453703703703703 0.5810185185185185 0.48842592592592593 0.5833333333333334 0.49074074074074076 0.5810185185185185 0.49074074074074076 0.5648148148148148 0.4930555555555556 0.5625 0.5277777777777778 0.5625
7 0.3680555555555556 0.46064814814814814 0.37037037037037035 0.46296296296296297 0.37962962962962965 0.46296296296296297 0.3819444444444444 0.4652777777777778 0.3958333333333333 0.4675925925925926 0.41435185185185186 0.47685185185185186 0.4212962962962963 0.4837962962962963 0.42592592592592593 0.4930555555555556 0.42824074074074076 0.5162037037037037 0.43287037037037035 0.5208333333333334 0.4351851851851852 0.5185185185185185 0.4398148148148148 0.5185185185185185 0.44212962962962965 0.5208333333333334 0.4722222222222222 0.5208333333333334 0.47453703703703703 0.5185185185185185 0.47685185185185186 0.5208333333333334 0.4791666666666667 0.5185185185185185 0.48842592592592593 0.5208333333333334 0.4930555555555556 0.5162037037037037 0.4930555555555556 0.5023148148148148 0.5324074074074074 0.5023148148148148 0.5347222222222222 0.5046296296296297 0.5324074074074074 0.5162037037037037 0.5370370370370371 0.5208333333333334 0.5694444444444444 0.5208333333333334 0.5717592592592593 0.5185185185185185 0.5856481481481481 0.5162037037037037 0.5925925925925926 0.5092592592592593 0.5949074074074074 0.5023148148148148 0.6365740740740741 0.5 0.6388888888888888 0.5023148148148148 0.6388888888888888 0.5069444444444444 0.6342592592592593 0.5162037037037037 0.6226851851851852 0.5277777777777778 0.6041666666666666 0.5370370370370371 0.5972222222222222 0.5370370370370371 0.5856481481481481 0.5416666666666666 0.5509259259259259 0.5416666666666666 0.5486111111111112 0.5439814814814815 0.5370370370370371 0.5416666666666666 0.5324074074074074 0.5462962962962963 0.5324074074074074 0.5509259259259259 0.5347222222222222 0.5532407407407407 0.5324074074074074 0.5601851851851852 0.4930555555555556 0.5601851851851852 0.4930555555555556 0.5439814814814815 0.49074074074074076 0.5416666666666666 0.4305555555555556 0.5416666666666666 0.42824074074074076 0.5439814814814815 0.42824074074074076 0.5578703703703703 0.42592592592592593 0.5601851851851852 0.3888888888888889 0.5601851851851852 0.38657407407407407 0.5578703703703703 0.38657407407407407 0.5439814814814815 0.38425925925925924 0.5416666666666666 0.35648148148148145 0.5416666666666666 0.3541666666666667 0.5393518518518519 0.3541666666666667 0.5208333333333334 0.35648148148148145 0.5185185185185185 0.3773148148148148 0.5185185185185185 0.37962962962962965 0.5208333333333334 0.38657407407407407 0.5162037037037037 0.38657407407407407 0.5 0.38425925925925924 0.49537037037037035 0.3726851851851852 0.4861111111111111 0.3541666666666667 0.4837962962962963 0.35185185185185186 0.48148148148148145 0.34953703703703703 0.46296296296296297 0.3541666666666667 0.46064814814814814 0.36574074074074076 0.46064814814814814
6 0.24537037037037038 0.40046296296296297 0.24768518518518517 0.4027777777777778 0.2638888888888889 0.4027777777777778 0.2662037037037037 0.4050925925925926 0.27314814814814814 0.4050925925925926 0.30092592592592593 0.4166666666666667 0.3125 0.42592592592592593 0.31712962962962965 0.4351851851851852 0.31712962962962965 0.4398148148148148 0.3194444444444444 0.44212962962962965 0.31712962962962965 0.4583333333333333 0.32175925925925924 0.46296296296296297 0.3472222222222222 0.46296296296296297 0.3472222222222222 0.48148148148148145 0.3449074074074074 0.4837962962962963 0.32175925925925924 0.4837962962962963 0.31712962962962965 0.4930555555555556 0.3194444444444444 0.49537037037037035 0.32175925925925924 0.5069444444444444 0.33101851851851855 0.5162037037037037 0.3472222222222222 0.5208333333333334 0.3472222222222222 0.5254629629629629 0.34953703703703703 0.5277777777777778 0.34953703703703703 0.5393518518518519 0.3425925925925926 0.5439814814814815 0.3125 0.5393518518518519 0.28703703703703703 0.5277777777777778 0.27546296296296297 0.5162037037037037 0.27546296296296297 0.5115740740740741 0.27314814814814814 0.5092592592592593 0.27314814814814814 0.4930555555555556 0.2708333333333333 0.48842592592592593 0.2638888888888889 0.4837962962962963 0.25925925925925924 0.4837962962962963 0.2569444444444444 0.4861111111111111 0.2523148148148148 0.4837962962962963 0.2175925925925926 0.4837962962962963 0.21296296296296297 0.48842592592592593 0.2152777777777778 0.4930555555555556 0.21296296296296297 0.5092592592592593 0.20601851851851852 0.5208333333333334 0.19444444444444445 0.5300925925925926 0.18981481481481483 0.5300925925925926 0.17824074074074073 0.5370370370370371 0.1597222222222222 0.5393518518518519 0.1574074074074074 0.5416666666666666 0.12962962962962962 0.5416666666666666 0.12731481481481483 0.5393518518518519 0.12731481481481483 0.5300925925925926 0.12962962962962962 0.5277777777777778 0.13657407407407407 0.5254629629629629 0.1412037037037037 0.5185185185185185 0.14351851851851852 0.5208333333333334 0.15046296296296297 0.5162037037037037 0.1550925925925926 0.5162037037037037 0.16435185185185186 0.5069444444444444 0.16435185185185186 0.4861111111111111 0.16203703703703703 0.4837962962962963 0.13425925925925927 0.4837962962962963 0.12962962962962962 0.48148148148148145 0.12962962962962962 0.47685185185185186 0.12731481481481483 0.47453703703703703 0.12962962962962962 0.4652777777777778 0.13194444444444445 0.46296296296296297 0.1550925925925926 0.46296296296296297 0.1574074074074074 0.46064814814814814 0.16203703703703703 0.46064814814814814 0.16435185185185186 0.4583333333333333 0.16435185185185186 0.4351851851851852 0.16898148148148148 0.42592592592592593 0.18287037037037038 0.41435185185185186 0.21064814814814814 0.4027777777777778 0.2337962962962963 0.4027777777777778 0.2361111111111111 0.40046296296296297 0.24305555555555555 0.40046296296296297
11 0 0.49875 0.003552398148148148 0.4995 0.0053285972222222215 0.5055000000000001 0.003552398148148148 0.50625 0.0026642986111111108 0.51175 0.003108347222222222 0.517 0.004884546296296296 0.518 0.003108347222222222 0.52825 0.004884546296296296 0.5325 0.004440497685185185 0.55025 0.0053285972222222215 0.55125 0.007548844907407408 0.551 0.009769094907407407 0.55325 0.003108347222222222 0.5565 0.003552398148148148 0.5595 0.009769094907407407 0.56183325 0.009325043981481483 0.5652499999999999 0.00666074537037037 0.56575 0.00666074537037037 0.5675 0.0039964467592592595 0.56925 0.003552398148148148 0.5815 0.004884546296296296 0.585 0.012433393518518519 0.58875 0.013321493055555555 0.592 0.013321493055555555 0.5932499999999999 0.008436944444444445 0.5945 0.007548844907407408 0.6027499999999999 0.009769094907407407 0.607 0.003108347222222222 0.61275 0.0039964467592592595 0.6152500000000001 0.0062166967592592595 0.6160000000000001 0.004440497685185185 0.618 0.004440497685185185 0.6230000000000001 0.00888099537037037 0.6262500000000001 0.007104796296296296 0.63025 0.007992895833333333 0.63725 0.0039964467592592595 0.6405000000000001 0.0062166967592592595 0.6435000000000001 0.003552398148148148 0.653 0.0039964467592592595 0.68225 0.0062166967592592595 0.6875 0.010213143518518519 0.69075 0.025754884259259262 0.69425 0.03907637731481481 0.6957500000000001 0.05373001851851852 0.697 0.05728241666666666 0.6955 0.060390763888888886 0.697 0.0754884537037037 0.6962499999999999 0.08836589583333333 0.6975 0.09769094212962963 0.6964999999999999 0.1265541736111111 0.6962499999999999 0.13010657175925924 0.6972499999999999 0.13943161574074073 0.6962499999999999 0.15763765509259262 0.6964999999999999 0.17021891666666666 0.69525 0.1793960925925926 0.6964999999999999 0.18960923611111113 0.6957500000000001 0.19271758333333333 0.6964999999999999 0.23667850694444445 0.6975 0.33170515046296295 0.697 0.33880994675925924 0.69775 0.36234458333333336 0.6964999999999999 0.38454706944444444 0.6972499999999999 0.39564831250000004 0.6962499999999999 0.4076376550925926 0.6972499999999999 0.4498223796296297 0.697 0.4706927175925926 0.6964999999999999 0.4738010648148148 0.69525 0.477353462962963 0.6960000000000001 0.4826820601851852 0.6945 0.5039964467592593 0.697 0.603019537037037 0.69675 0.6070159861111111 0.6960000000000001 0.6234458263888889 0.69675 0.6265541736111111 0.6950000000000001 0.6434280648148147 0.6972499999999999 0.7251332152777777 0.6962499999999999 0.8525754884259259 0.6964999999999999 0.8685612777777778 0.6945 0.8934280648148147 0.69375 0.918294849537037 0.6862499999999999 0.9351687384259258 0.6729999999999999 0.9387211365740741 0.6717500000000001 0.9418294837962963 0.6649999999999999 0.9413854351851852 0.65925 0.9431616342592593 0.6542500000000001 0.9413854351851852 0.65275 0.9404973356481482 0.647 0.9431616342592593 0.6332500000000001 0.9413854351851852 0.629 0.9427175833333332 0.626 0.940053287037037 0.61325 0.9413854351851852 0.60675 0.9467140324074074 0.6027499999999999 0.9462699814814814 0.581 0.9436056828703704 0.5792499999999999 0.9436056828703704 0.57725 0.9471580810185185 0.57525 0.9471580810185185 0.56625 0.9462699814814814 0.5597500000000001 0.9413854351851852 0.554 0.940941386574074 0.545 0.9391651875 0.54275 0.9413854351851852 0.54175 0.9413854351851852 0.5367500000000001 0.9467140324074074 0.5335 0.9458259328703704 0.521 0.9484902314814815 0.5065 0.9507104791666667 0.39349999999999996 0.9489342800925926 0.385 0.9498223796296296 0.3755 0.9471580810185185 0.37225 0.9493783310185185 0.37124999999999997 0.9511545300925925 0.36625 0.9498223796296296 0.36125 0.9520426296296297 0.3245 0.9493783310185185 0.31349999999999995 0.9515985787037037 0.29750000000000004 0.9502664305555556 0.28525 0.9520426296296297 0.269 0.9489342800925926 0.25925 0.9507104791666667 0.252 0.9507104791666667 0.23399999999999999 0.9480461805555556 0.232 0.9391651875 0.212 0.9427175833333332 0.209 0.9449378333333334 0.20124999999999998 0.9502664305555556 0.197 0.9507104791666667 0.18825 0.9542628773148147 0.1855 0.9547069282407408 0.17825000000000002 0.9533747777777778 0.17625 0.957815275462963 0.1675 0.9551509768518519 0.157875 0.9569271759259259 0.1545 0.956483125 0.15075 0.9498223796296296 0.1465 0.9471580810185185 0.14675 0.9431616342592593 0.14200000000000002 0.9422735347222222 0.1415 0.9369449375000001 0.1435 0.9249555949074074 0.14200000000000002 0.9231793958333333 0.14375000000000002 0.9138543518518518 0.1435 0.9111900532407406 0.14250000000000002 0.9094138541666666 0.14575 0.9054174074074074 0.14575 0.9045293078703703 0.144 0.9031971574074075 0.14525 0.873001775462963 0.1455 0.8698934282407408 0.14325 0.8676731782407408 0.1455 0.8641207824074074 0.1455 0.8623445833333334 0.14300000000000002 0.8610124328703704 0.1455 0.8574600347222222 0.147 0.8499111898148148 0.145 0.8450266435185185 0.14175 0.8370337476851851 0.14250000000000002 0.8312611018518519 0.14025 0.8246003541666667 0.13999999999999999 0.8174955601851851 0.14025 0.8161634097222221 0.1415 0.809058613425926 0.14325 0.8059502662037038 0.14250000000000002 0.8037300185185186 0.14049999999999999 0.8010657199074074 0.14200000000000002 0.7966252222222222 0.141 0.7961811712962963 0.14225 0.7904085254629629 0.1435 0.7828596805555555 0.14175 0.729129662037037 0.14375000000000002 0.7215808171296296 0.14275 0.6793960925925927 0.14300000000000002 0.6611900532407406 0.14200000000000002 0.41119005324074076 0.144 0.40941385416666665 0.14475 0.4036412083333334 0.144 0.4009769097222222 0.145 0.3903197152777778 0.1455 0.3348135 0.1435 0.33214920138888887 0.14425000000000002 0.30728241666666667 0.144 0.2873001782407407 0.14525 0.25133214814814814 0.14375000000000002 0.24689165277777778 0.14475 0.23712255787037037 0.1445 0.23001776157407405 0.1455 0.22335701620370368 0.1445 0.20293072916666668 0.14600000000000002 0.16696269907407407 0.14575 0.16296625231481482 0.1465 0.15763765509259262 0.14575 0.14742451157407407 0.1465 0.1407637662037037 0.14425000000000002 0.1346949375 0.14575 0.12255772685185186 0.14475 0.10346358796296296 0.1455 0.051953819444444445 0.145 0.04262877546296297 0.14675 0.039520425925925924 0.14600000000000002 0.03596802777777778 0.1485 0.02975133101851852 0.147 0.0217584375 0.1475 0.018650087962962966 0.14675 0.008436944444444445 0.149 0.004440497685185185 0.152 0.001776199074074074 0.15775 0 0.158 0 0.49875
12 0 0.21116125 0.9791474236111112 0.21116125 0.9791474236111112 0.13860875 0 0.13860875 0 0.21116125
13 0.3352575486111111 0.2745 0.34058614583333335 0.2755 0.3450266435185185 0.27475 0.35568383564814815 0.2755 0.3636767314814815 0.27325 0.37078152777777773 0.26825 0.3730017754629629 0.25975 0.3721136759259259 0.25475000000000003 0.3690053287037037 0.24975 0.3596802847222222 0.24425000000000002 0.3485790416666667 0.24275 0.3370337476851852 0.244 0.3272646527777778 0.24775000000000003 0.31927175925925927 0.25525 0.3183836597222222 0.261 0.3197158078703704 0.265 0.3241563055555556 0.2695 0.3352575486111111 0.2745
13 0.5608348125 0.2745 0.5746003541666667 0.27375 0.5848135 0.26875 0.5892539953703704 0.2625 0.5883658958333333 0.25175 0.5843694490740741 0.2475 0.5714920069444445 0.24250000000000002 0.5568383657407407 0.24250000000000002 0.5466252222222222 0.24475 0.5386323263888889 0.25 0.5355239791666667 0.2545 0.5350799282407407 0.2625 0.5377442268518519 0.26675 0.5501776203703703 0.27225 0.5608348125 0.2745
13 0.6718472476851851 0.33625 0.6785079930555555 0.33575000000000005 0.6891651875 0.33275 0.6940497337962962 0.32949999999999996 0.6976021319444444 0.32125 0.6967140324074074 0.31575 0.6927175833333332 0.3095 0.6820603912037037 0.30474999999999997 0.6762877453703703 0.3035 0.6611900532407406 0.304 0.6505328587962963 0.30725 0.6434280648148147 0.3145 0.6434280648148147 0.32475 0.6474245115740741 0.32925 0.6589698055555556 0.334 0.6718472476851851 0.33625
13 0.46225577314814814 0.33675 0.46714031944444445 0.33599999999999997 0.4751332152777778 0.33275 0.48001776157407405 0.3285 0.4822380115740741 0.321 0.4786856134259259 0.31174999999999997 0.47690941435185186 0.30975 0.4666962708333333 0.30450000000000005 0.4600355231481481 0.303 0.45248667824074074 0.3025 0.44582593287037037 0.30324999999999996 0.43960923611111113 0.30575 0.4325044398148148 0.311 0.42761989351851853 0.31725 0.4271758425925926 0.3225 0.42984014120370373 0.32775 0.4462699814814815 0.33649999999999997 0.46225577314814814 0.33675
13 0.24200710416666665 0.3375 0.2548845462962963 0.33599999999999997 0.26065719444444446 0.33325 0.26598578935185185 0.3285 0.2677619884259259 0.32025000000000003 0.26376554166666666 0.31349999999999995 0.2571047962962963 0.30800000000000005 0.2446714027777778 0.30450000000000005 0.23223801157407406 0.305 0.2211367662037037 0.30824999999999997 0.21669627083333334 0.31075 0.21225577314814817 0.3175 0.21225577314814817 0.3235 0.21669627083333334 0.33 0.23223801157407406 0.33649999999999997 0.24200710416666665 0.3375
13 0.12255772685185186 0.39775 0.13365896990740742 0.4 0.15142095833333333 0.39625 0.15852575462962962 0.39225 0.16163410416666668 0.38475 0.15941385416666665 0.37575000000000003 0.15541740740740742 0.371 0.14431616435185185 0.3665 0.1327708703703704 0.36525 0.11989342824074074 0.3675 0.11012433333333334 0.37325 0.10746003472222222 0.377 0.1065719351851852 0.38475 0.10879218518518519 0.3905 0.11589698148148148 0.39549999999999996 0.12255772685185186 0.39775
13 0.34147424537037036 0.39849999999999997 0.35568383564814815 0.3995 0.36545293055555556 0.3965 0.3734458263888889 0.39225 0.3769982245370371 0.38725 0.3769982245370371 0.38 0.37033747685185187 0.37074999999999997 0.36323268287037036 0.366 0.34147424537037036 0.365 0.3303730023148148 0.36924999999999997 0.3228241574074074 0.37625 0.3210479583333334 0.384 0.3237122546296296 0.3905 0.3277087037037037 0.394 0.34147424537037036 0.39849999999999997
13 0.5643872106481482 0.39899999999999997 0.5746003541666667 0.39775 0.5852575486111111 0.39325 0.5910301944444444 0.38775000000000004 0.5919182939814815 0.37949999999999995 0.5896980462962963 0.37400000000000005 0.5848135 0.36924999999999997 0.5732682060185185 0.365 0.5674955601851852 0.36424999999999996 0.5501776203703703 0.365 0.5399644768518519 0.37050000000000005 0.5350799282407407 0.37775 0.5350799282407407 0.38425000000000004 0.5386323263888889 0.39149999999999996 0.5537300185185186 0.39849999999999997 0.5643872106481482 0.39899999999999997
13 0.793516875 0.3945 0.8001776203703704 0.39199999999999996 0.8072824166666668 0.38475 0.8081705162037037 0.37875000000000003 0.8059502662037038 0.37325 0.7988454699074075 0.36675 0.789520425925926 0.36374999999999996 0.7722024861111111 0.3625 0.7646536412037037 0.364 0.7593250439814815 0.366 0.7548845462962963 0.3695 0.7522202476851851 0.3755 0.7531083472222222 0.39125000000000004 0.7579928958333333 0.394 0.7748667847222223 0.39525 0.793516875 0.3945
13 0.666518650462963 0.457 0.6798401412037037 0.45599999999999996 0.6891651875 0.453 0.6958259328703704 0.446 0.6940497337962962 0.4355 0.690941386574074 0.43174999999999997 0.6887211365740741 0.42974999999999997 0.6780639421296297 0.4255 0.66740675 0.425 0.6545293078703703 0.427 0.6456483125 0.4315 0.6425399652777778 0.4375 0.6425399652777778 0.446 0.6496447592592594 0.4535 0.6549733564814815 0.45599999999999996 0.666518650462963 0.457
13 0.45515097685185185 0.45925 0.46403197222222226 0.459 0.4729129652777778 0.4565 0.4822380115740741 0.45125 0.4857904074074074 0.447 0.4849023101851852 0.439 0.4782415625 0.431 0.4733570162037037 0.42824999999999996 0.4635879212962963 0.42600000000000005 0.4560390763888889 0.4255 0.4507104791666667 0.42624999999999996 0.4387211365740741 0.42974999999999997 0.4316163402777778 0.4355 0.4289520416666666 0.4415 0.42850799305555554 0.44625 0.43516873842592596 0.45249999999999996 0.44271758333333333 0.4565 0.45515097685185185 0.45925
13 0.24644760185185183 0.45949999999999996 0.2571047962962963 0.459 0.2633214930555556 0.45675 0.26731793981481483 0.45275 0.26998223842592595 0.44575 0.26820603935185183 0.436 0.2575488449074074 0.4285 0.2482238009259259 0.42575 0.23889875694444443 0.4255 0.22602131481481483 0.42925 0.21936056944444446 0.43425 0.2158081712962963 0.4405 0.21669627083333334 0.4495 0.22246891666666666 0.45475 0.23001776157407405 0.45799999999999996 0.24644760185185183 0.45949999999999996
13 0.1265541736111111 0.518 0.1332149189814815 0.5187499999999999 0.14742451157407407 0.51725 0.1527531087962963 0.515 0.1598579050925926 0.50925 0.16163410416666668 0.50425 0.16119005324074073 0.4975 0.15896980555555554 0.494 0.15364120833333333 0.49025 0.13010657175925924 0.4865 0.12699822453703705 0.48825 0.12300177546296297 0.48825 0.11722912962962963 0.49 0.11056838425925927 0.4975 0.1092362337962963 0.503 0.11145648379629629 0.50875 0.12033747685185185 0.51525 0.1265541736111111 0.518
13 0.33747779861111116 0.5165 0.3481349907407407 0.519 0.3521314398148148 0.519 0.35834813425925927 0.517 0.36634103009259256 0.51625 0.37033747685185187 0.51425 0.3765541736111111 0.505 0.376110125 0.49774999999999997 0.373889875 0.49375 0.36545293055555556 0.48874999999999996 0.3516873888888889 0.4855 0.3348135 0.48975 0.3272646527777778 0.49375 0.3219360578703704 0.4985 0.3210479583333334 0.50525 0.32326820601851847 0.508 0.32815275231481483 0.51225 0.33747779861111116 0.5165
13 0.5470692708333333 0.51425 0.5568383657407407 0.517 0.5639431620370371 0.5175 0.5710479583333333 0.517 0.5794849027777778 0.51325 0.5865896990740741 0.50625 0.5888099467592592 0.5015 0.5870337476851852 0.49675 0.5794849027777778 0.4895 0.5683836597222223 0.48724999999999996 0.5550621666666666 0.48724999999999996 0.5466252222222222 0.4895 0.539520425925926 0.49475 0.5355239791666667 0.5015 0.5368561273148148 0.50625 0.5381882777777778 0.5085 0.5470692708333333 0.51425
13 0.7695381875 0.51625 0.7828596805555555 0.517 0.7912966250000001 0.5155 0.7970692708333333 0.51275 0.8050621666666666 0.50525 0.8050621666666666 0.498 0.7997335694444444 0.49074999999999996 0.7961811712962963 0.48874999999999996 0.7850799282407408 0.48574999999999996 0.771314386574074 0.48500000000000004 0.7611012430555555 0.48675 0.7548845462962963 0.48975 0.7486678518518518 0.49725 0.7477797523148149 0.50175 0.7544404976851852 0.5095000000000001 0.7584369444444445 0.51275 0.7695381875 0.51625
13 0.6589698055555556 0.57625 0.6722912962962964 0.57675 0.6829484907407407 0.57525 0.690941386574074 0.571 0.6962699814814814 0.5645 0.6967140324074074 0.5597500000000001 0.6936056828703704 0.5525 0.6842806388888889 0.54625 0.6789520416666667 0.54525 0.6647424513888889 0.5437500000000001 0.6580817060185185 0.544 0.6483126111111112 0.54775 0.6425399652777778 0.556 0.6425399652777778 0.564 0.645204263888889 0.5680000000000001 0.6487566597222222 0.5715 0.6589698055555556 0.57625
13 0.4626998217592593 0.57725 0.4698046180555555 0.576 0.4782415625 0.5715 0.48134991203703703 0.56825 0.4840142106481482 0.56175 0.48179396064814817 0.55525 0.47690941435185186 0.55025 0.4702486689814815 0.5475 0.46092362268518516 0.5465 0.4498223796296297 0.547 0.4409413865740741 0.54925 0.4342806388888889 0.55325 0.4325044398148148 0.55575 0.43072824074074073 0.56125 0.4356127893518518 0.5705 0.44937833101851854 0.5770000000000001 0.4626998217592593 0.57725
13 0.2384547060185185 0.5785 0.25399644675925925 0.5785 0.2619893425925926 0.5765 0.2713143865740741 0.5715 0.2761989351851852 0.5645 0.27575488425925926 0.55875 0.27220248611111114 0.5535 0.2646536412037037 0.54925 0.2548845462962963 0.5457500000000001 0.2375666064814815 0.546 0.2309058611111111 0.54725 0.22246891666666666 0.5525 0.2189165185185185 0.55775 0.2189165185185185 0.5652499999999999 0.22158081712962965 0.5705 0.22957371296296294 0.576 0.2384547060185185 0.5785
13 0.3481349907407407 0.638 0.3570159861111111 0.63825 0.37033747685185187 0.63575 0.37833037268518516 0.6315 0.38188277083333333 0.6267499999999999 0.38010657175925927 0.6125 0.36989342824074073 0.607 0.35790408564814813 0.6055 0.3383658958333334 0.60675 0.3277087037037037 0.611 0.3228241574074074 0.61825 0.32238010648148147 0.6232500000000001 0.3277087037037037 0.63025 0.33436944907407407 0.6345 0.3481349907407407 0.638
13 0.5492895208333333 0.6337499999999999 0.559946712962963 0.63575 0.5781527523148148 0.635 0.5896980462962963 0.62825 0.5919182939814815 0.6225 0.5892539953703704 0.61275 0.5848135 0.6094999999999999 0.5741563055555555 0.60575 0.5639431620370371 0.604 0.5444049722222223 0.60875 0.5390763773148148 0.61275 0.5364120787037037 0.6160000000000001 0.5377442268518519 0.6262500000000001 0.541296625 0.63025 0.5492895208333333 0.6337499999999999