7 0.48148148148148145 0.4074074074074074 0.49074074074074076 0.41203703703703703 0.48842592592592593 0.4212962962962963 0.4837962962962963 0.42824074074074076 0.4699074074074074 0.4398148148148148 0.4444444444444444 0.44907407407407407 0.42592592592592593 0.44907407407407407 0.4236111111111111 0.4513888888888889 0.4166666666666667 0.4513888888888889 0.41435185185185186 0.44907407407407407 0.41203703703703703 0.4513888888888889 0.4074074074074074 0.44907407407407407 0.3958333333333333 0.44907407407407407 0.3888888888888889 0.45601851851851855 0.3888888888888889 0.4791666666666667 0.39351851851851855 0.4837962962962963 0.39814814814814814 0.48148148148148145 0.4166666666666667 0.48148148148148145 0.41898148148148145 0.4837962962962963 0.41898148148148145 0.5023148148148148 0.41435185185185186 0.5069444444444444 0.40046296296296297 0.5069444444444444 0.39814814814814814 0.5046296296296297 0.39351851851851855 0.5046296296296297 0.3888888888888889 0.5092592592592593 0.39351851851851855 0.5254629629629629 0.4074074074074074 0.5347222222222222 0.41435185185185186 0.5347222222222222 0.41898148148148145 0.5393518518518519 0.41898148148148145 0.5578703703703703 0.39351851851851855 0.5555555555555556 0.36574074074074076 0.5439814814814815 0.35185185185185186 0.5300925925925926 0.35185185185185186 0.5254629629629629 0.34953703703703703 0.5231481481481481 0.34953703703703703 0.5069444444444444 0.3472222222222222 0.5046296296296297 0.32175925925925924 0.5046296296296297 0.3194444444444444 0.5023148148148148 0.3194444444444444 0.4861111111111111 0.32175925925925924 0.48148148148148145 0.3333333333333333 0.48148148148148145 0.33564814814814814 0.4837962962962963 0.3472222222222222 0.4837962962962963 0.34953703703703703 0.48148148148148145 0.34953703703703703 0.45601851851851855 0.3449074074074074 0.44907407407407407 0.3425925925925926 0.4513888888888889 0.3333333333333333 0.4513888888888889 0.33101851851851855 0.44907407407407407 0.3263888888888889 0.44907407407407407 0.32407407407407407 0.4513888888888889 0.32175925925925924 0.44907407407407407 0.31712962962962965 0.44907407407407407 0.3148148148148148 0.4444444444444444 0.31712962962962965 0.42824074074074076 0.32175925925925924 0.42592592592592593 0.3449074074074074 0.42592592592592593 0.3472222222222222 0.4236111111111111 0.3472222222222222 0.41203703703703703 0.35648148148148145 0.4074074074074074 0.3773148148148148 0.4074074074074074 0.37962962962962965 0.4097222222222222 0.3888888888888889 0.4097222222222222 0.3888888888888889 0.4236111111111111 0.39814814814814814 0.42824074074074076 0.40046296296296297 0.42592592592592593 0.4074074074074074 0.42592592592592593 0.4097222222222222 0.42824074074074076 0.42824074074074076 0.42824074074074076 0.4305555555555556 0.42592592592592593 0.44212962962962965 0.4236111111111111 0.4513888888888889 0.4097222222222222 0.45601851851851855 0.4097222222222222 0.4583333333333333 0.4074074074074074 0.4791666666666667 0.4074074074074074
10 0.48842592592592593 0.4652777777777778 0.4930555555555556 0.4675925925925926 0.4930555555555556 0.48148148148148145 0.49537037037037035 0.4837962962962963 0.5 0.48148148148148145 0.5185185185185185 0.48148148148148145 0.5208333333333334 0.4837962962962963 0.5347222222222222 0.48148148148148145 0.5439814814814815 0.47685185185185186 0.5486111111111112 0.4699074074074074 0.5555555555555556 0.4652777777777778 0.5879629629629629 0.4652777777777778 0.5925925925925926 0.4699074074074074 0.5879629629629629 0.48148148148148145 0.5763888888888888 0.4930555555555556 0.5625 0.5 0.5486111111111112 0.5023148148148148 0.5462962962962963 0.5046296296296297 0.5347222222222222 0.5046296296296297 0.5324074074074074 0.5069444444444444 0.4930555555555556 0.5069444444444444 0.49074074074074076 0.5092592592592593 0.48842592592592593 0.5300925925925926 0.4930555555555556 0.5347222222222222 0.5347222222222222 0.5347222222222222 0.5370370370370371 0.5370370370370371 0.5555555555555556 0.5393518518518519 0.5717592592592593 0.5486111111111112 0.5787037037037037 0.5555555555555556 0.5833333333333334 0.5648148148148148 0.5833333333333334 0.5833333333333334 0.5717592592592593 0.5949074074074074 0.5555555555555556 0.6041666666666666 0.5393518518518519 0.6064814814814815 0.5370370370370371 0.6087962962962963 0.5 0.6087962962962963 0.4976851851851852 0.6064814814814815 0.48842592592592593 0.6064814814814815 0.48148148148148145 0.6018518518518519 0.47685185185185186 0.6018518518518519 0.46064814814814814 0.5925925925925926 0.4537037037037037 0.5833333333333334 0.4537037037037037 0.5787037037037037 0.4513888888888889 0.5763888888888888 0.4513888888888889 0.5671296296296297 0.4537037037037037 0.5625 0.44907407407407407 0.5578703703703703 0.4236111111111111 0.5578703703703703 0.4212962962962963 0.5532407407407407 0.4212962962962963 0.5439814814814815 0.42824074074074076 0.5347222222222222 0.44907407407407407 0.5347222222222222 0.4537037037037037 0.5300925925925926 0.4537037037037037 0.5092592592592593 0.44675925925925924 0.5046296296296297 0.42592592592592593 0.5046296296296297 0.4212962962962963 0.4976851851851852 0.4236111111111111 0.4837962962962963 0.42592592592592593 0.48148148148148145 0.4513888888888889 0.48148148148148145 0.4537037037037037 0.4791666666666667 0.4537037037037037 0.4675925925925926 0.46296296296296297 0.46296296296296297 0.4861111111111111 0.4652777777777778
8 0.32407407407407407 0.5370370370370371 0.3287037037037037 0.5347222222222222 0.3449074074074074 0.5347222222222222 0.3611111111111111 0.5416666666666666 0.3680555555555556 0.5486111111111112 0.3819444444444444 0.5555555555555556 0.38657407407407407 0.5555555555555556 0.39351851851851855 0.5625 0.39351851851851855 0.5763888888888888 0.39814814814814814 0.5879629629629629 0.4050925925925926 0.5833333333333334 0.43287037037037035 0.5833333333333334 0.4351851851851852 0.5856481481481481 0.44675925925925924 0.5856481481481481 0.44907407407407407 0.5879629629629629 0.4537037037037037 0.5879629629629629 0.46064814814814814 0.5972222222222222 0.4699074074074074 0.6018518518518519 0.47453703703703703 0.6018518518518519 0.4861111111111111 0.6087962962962963 0.48842592592592593 0.6134259259259259 0.48842592592592593 0.6319444444444444 0.4930555555555556 0.6365740740740741 0.49537037037037035 0.6342592592592593 0.5138888888888888 0.6342592592592593 0.5162037037037037 0.6365740740740741 0.5162037037037037 0.6550925925925926 0.5138888888888888 0.6597222222222222 0.49537037037037035 0.6597222222222222 0.4930555555555556 0.6574074074074074 0.48842592592592593 0.6597222222222222 0.48842592592592593 0.6712962962962963 0.4930555555555556 0.6759259259259259 0.4976851851851852 0.6759259259259259 0.5138888888888888 0.6828703703703703 0.5138888888888888 0.6875 0.5162037037037037 0.6898148148148148 0.5162037037037037 0.7037037037037037 0.5138888888888888 0.7060185185185185 0.49537037037037035 0.7060185185185185 0.4930555555555556 0.7037037037037037 0.4837962962962963 0.7037037037037037 0.4675925925925926 0.6967592592592593 0.4583333333333333 0.6898148148148148 0.4513888888888889 0.6782407407407407 0.4513888888888889 0.6597222222222222 0.44907407407407407 0.6574074074074074 0.4444444444444444 0.6574074074074074 0.44212962962962965 0.6597222222222222 0.40046296296296297 0.6597222222222222 0.37037037037037035 0.6481481481481481 0.3611111111111111 0.6412037037037037 0.3587962962962963 0.6365740740740741 0.3587962962962963 0.6296296296296297 0.35648148148148145 0.6273148148148148 0.35648148148148145 0.6111111111111112 0.3541666666666667 0.6087962962962963 0.3472222222222222 0.6087962962962963 0.3449074074074074 0.6111111111111112 0.3287037037037037 0.6111111111111112 0.3263888888888889 0.6087962962962963 0.3263888888888889 0.5902777777777778 0.33101851851851855 0.5856481481481481 0.3425925925925926 0.5856481481481481 0.3449074074074074 0.5833333333333334 0.35185185185185186 0.5856481481481481 0.35648148148148145 0.5810185185185185 0.35648148148148145 0.5717592592592593 0.34953703703703703 0.5648148148148148 0.3402777777777778 0.5601851851851852 0.3287037037037037 0.5601851851851852 0.32407407407407407 0.5578703703703703 0.32175925925925924 0.5532407407407407 0.32175925925925924 0.5439814814814815 0.32407407407407407 0.5393518518518519
3 0.24074074074074073 0.5856481481481481 0.24305555555555555 0.5879629629629629 0.2523148148148148 0.5879629629629629 0.25462962962962965 0.5856481481481481 0.25462962962962965 0.5717592592592593 0.26157407407407407 0.5578703703703703 0.27546296296296297 0.5462962962962963 0.30092592592592593 0.5370370370370371 0.32175925925925924 0.5370370370370371 0.3194444444444444 0.5416666666666666 0.3194444444444444 0.5578703703703703 0.30092592592592593 0.5648148148148148 0.29398148148148145 0.5717592592592593 0.29398148148148145 0.5833333333333334 0.2986111111111111 0.5879629629629629 0.30324074074074076 0.5879629629629629 0.3055555555555556 0.5856481481481481 0.3194444444444444 0.5856481481481481 0.32407407407407407 0.5879629629629629 0.32407407407407407 0.6064814814814815 0.3194444444444444 0.6111111111111112 0.2986111111111111 0.6111111111111112 0.2962962962962963 0.6134259259259259 0.2962962962962963 0.6180555555555556 0.2986111111111111 0.6203703703703703 0.2986111111111111 0.6342592592592593 0.30092592592592593 0.6365740740740741 0.30787037037037035 0.6365740740740741 0.3101851851851852 0.6342592592592593 0.3449074074074074 0.6342592592592593 0.3472222222222222 0.6365740740740741 0.3541666666666667 0.6365740740740741 0.3726851851851852 0.6527777777777778 0.3773148148148148 0.6527777777777778 0.39351851851851855 0.6620370370370371 0.39351851851851855 0.6805555555555556 0.3888888888888889 0.6898148148148148 0.36574074074074076 0.7037037037037037 0.3587962962962963 0.7037037037037037 0.3472222222222222 0.7083333333333334 0.3148148148148148 0.7083333333333334 0.3125 0.7060185185185185 0.28703703703703703 0.7013888888888888 0.2824074074074074 0.6967592592592593 0.27546296296296297 0.6944444444444444 0.2662037037037037 0.6828703703703703 0.2662037037037037 0.6782407407407407 0.2638888888888889 0.6759259259259259 0.2638888888888889 0.6643518518518519 0.25925925925925924 0.6597222222222222 0.25462962962962965 0.6597222222222222 0.2523148148148148 0.6620370370370371 0.2361111111111111 0.6620370370370371 0.23148148148148148 0.6574074074074074 0.23148148148148148 0.6435185185185185 0.2337962962962963 0.6388888888888888 0.23842592592592593 0.6388888888888888 0.24074074074074073 0.6365740740740741 0.2569444444444444 0.6365740740740741 0.25925925925925924 0.6342592592592593 0.25925925925925924 0.6157407407407407 0.2569444444444444 0.6134259259259259 0.2523148148148148 0.6111111111111112 0.22685185185185186 0.6111111111111112 0.22453703703703703 0.6087962962962963 0.22453703703703703 0.5972222222222222 0.22685185185185186 0.5925925925925926 0.23148148148148148 0.5879629629629629 0.23842592592592593 0.5879629629629629
9 0.1550925925925926 0.5370370370370371 0.18055555555555555 0.5462962962962963 0.19444444444444445 0.5601851851851852 0.19444444444444445 0.5671296296296297 0.19675925925925927 0.5694444444444444 0.19675925925925927 0.5879629629629629 0.19907407407407407 0.5902777777777778 0.2013888888888889 0.5879629629629629 0.22453703703703703 0.5879629629629629 0.22453703703703703 0.5925925925925926 0.2199074074074074 0.5995370370370371 0.2199074074074074 0.6111111111111112 0.2152777777777778 0.6111111111111112 0.21296296296296297 0.6134259259259259 0.2013888888888889 0.6134259259259259 0.19907407407407407 0.6111111111111112 0.19675925925925927 0.6134259259259259 0.19675925925925927 0.6203703703703703 0.20833333333333334 0.6319444444444444 0.2199074074074074 0.6365740740740741 0.22453703703703703 0.6435185185185185 0.2222222222222222 0.6458333333333334 0.2222222222222222 0.6597222222222222 0.2199074074074074 0.6620370370370371 0.2175925925925926 0.6597222222222222 0.19907407407407407 0.6597222222222222 0.19675925925925927 0.6574074074074074 0.18981481481481483 0.6574074074074074 0.16898148148148148 0.6481481481481481 0.1597222222222222 0.6388888888888888 0.1550925925925926 0.6296296296296297 0.1527777777777778 0.6134259259259259 0.14814814814814814 0.6087962962962963 0.14351851851851852 0.6111111111111112 0.1111111111111111 0.6111111111111112 0.1087962962962963 0.6087962962962963 0.08564814814814815 0.6064814814814815 0.06712962962962964 0.5972222222222222 0.05555555555555555 0.5856481481481481 0.05092592592592592 0.5763888888888888 0.05324074074074074 0.5648148148148148 0.06712962962962964 0.5509259259259259 0.08101851851851852 0.5439814814814815 0.08564814814814815 0.5439814814814815 0.10185185185185185 0.5370370370370371 0.1087962962962963 0.5370370370370371 0.1111111111111111 0.5347222222222222 0.1412037037037037 0.5347222222222222 0.14351851851851852 0.5370370370370371 0.1527777777777778 0.5370370370370371
11 0 0.75525 0.011989342592592591 0.75625 0.015097689814814816 0.75925 0.039520425925925924 0.76 0.04040852546296296 0.7587499999999999 0.045737122685185184 0.75725 0.05373001851851852 0.7575000000000001 0.06882770833333333 0.75225 0.07104795833333333 0.7482500000000001 0.0706039074074074 0.7410000000000001 0.07859680324074075 0.7402500000000001 0.08348134953703704 0.74475 0.08836589583333333 0.743 0.09502664351851851 0.7445 0.10301953703703705 0.73975 0.12300177546296297 0.744 0.13010657175925924 0.743 0.13632326851851853 0.7454999999999999 0.14831261111111113 0.74375 0.15364120833333333 0.74525 0.1647424513888889 0.7454999999999999 0.1727353472222222 0.7442500000000001 0.18117229166666668 0.74475 0.18472468981481482 0.7435 0.19271758333333333 0.7454999999999999 0.1962699814814815 0.74375 0.20071047916666665 0.7435 0.21047957407407408 0.74575 0.22335701620370368 0.7445 0.22690941435185186 0.74325 0.24644760185185183 0.74475 0.28330372916666663 0.7435 0.290408525462963 0.74525 0.31305506250000004 0.74325 0.33081705092592595 0.74525 0.3423623449074074 0.7442500000000001 0.3450266435185185 0.74575 0.3463587916666666 0.74375 0.35479573611111115 0.7424999999999999 0.37166962731481484 0.7435 0.38188277083333333 0.743 0.3903197152777778 0.74475 0.3929840138888889 0.7435 0.4009769097222222 0.74375 0.40719360648148145 0.74225 0.4222912962962963 0.7417499999999999 0.4271758425925926 0.74 0.4626998217592593 0.743 0.49467140277777777 0.7424999999999999 0.49955595138888886 0.7412500000000001 0.5053285972222222 0.74225 0.5266429837962963 0.742 0.5359680277777777 0.743 0.5874777986111112 0.7405 0.6003552407407406 0.74075 0.6074600347222222 0.7395 0.6158969814814815 0.74075 0.6567495555555555 0.7402500000000001 0.6687388981481481 0.73775 0.6851687384259258 0.7395 0.6940497337962962 0.7384999999999999 0.727353462962963 0.7395 0.7326820601851851 0.73825 0.7393428055555555 0.739 0.7597690949074075 0.73825 0.7757548842592592 0.7354999999999999 0.7815275300925926 0.732 0.789520425925926 0.731 0.7988454699074075 0.7277499999999999 0.8086145648148148 0.7165 0.8134991111111112 0.7135 0.8126110115740741 0.7097500000000001 0.8152753101851852 0.7042499999999999 0.8174955601851851 0.70375 0.8214920069444445 0.6885 0.8210479583333333 0.67675 0.8246003541666667 0.6647500000000001 0.833037300925926 0.60625 0.83259325 0.60075 0.835701599537037 0.5895 0.8361456481481482 0.56975 0.8379218472222222 0.5675 0.8419182939814815 0.5479999999999999 0.8423623449074074 0.527 0.8463587916666667 0.50925 0.8463587916666667 0.50125 0.8445825925925926 0.4975 0.8485790416666666 0.49125 0.8476909421296297 0.4845 0.856127886574074 0.45 0.8698934282407408 0.3525 0.8707815277777777 0.30775 0.8738898749999999 0.30100000000000005 0.8725577268518518 0.29725 0.8752220254629629 0.2945 0.874333925925926 0.279 0.8658969814814815 0.2655 0.8565719351851853 0.26075000000000004 0.8516873888888888 0.2615 0.8405861458333334 0.25175 0.8294849027777778 0.24825 0.8228241574074074 0.25 0.8170515092592593 0.2475 0.8037300185185186 0.24600000000000002 0.7642095925925927 0.2465 0.7624333935185185 0.24475 0.7597690949074075 0.24625 0.7553285972222222 0.24675 0.7513321481481482 0.24675 0.748223800925926 0.24525 0.7011545300925925 0.247 0.6629662523148149 0.2465 0.6505328587962963 0.24475 0.6314387222222222 0.24775000000000003 0.6163410300925926 0.24525 0.6043516875 0.2475 0.5950266435185185 0.245 0.07371225462962963 0.2455 0.058170516203703705 0.2475 0.05017762037037037 0.2465 0.04396092361111111 0.2475 0.039520425925925924 0.24675 0.02531083564814815 0.24775000000000003 0.019982238425925926 0.24950000000000003 0.015097689814814816 0.25275000000000003 0.011989342592592591 0.25275000000000003 0.011101243055555555 0.255 0.00666074537037037 0.25825 0.00666074537037037 0.262 0.0026642986111111108 0.265 0.005772645833333334 0.2695 0.0039964467592592595 0.272 0.003552398148148148 0.28125 0 0.28275 0 0.75525
12 0.051152310185185186 0.25173125 0.0000022199074074074076 0.25173125 0.0000022199074074074076 0.76134875 0.051152310185185186 0.76134875 0.051152310185185186 0.25173125
13 0.29706927083333334 0.36175 0.31039076388888887 0.36374999999999996 0.3241563055555556 0.36325 0.32992895138888884 0.361 0.3348135 0.356 0.33792184722222224 0.34975 0.33747779861111116 0.3455 0.3312611018518518 0.33725 0.3250444050925926 0.33375 0.3077264652777778 0.33125 0.3001776203703703 0.332 0.2895204259259259 0.33575000000000005 0.28197158101851855 0.34349999999999997 0.28197158101851855 0.34925 0.2859680277777778 0.35575 0.28996447685185184 0.35925 0.29706927083333334 0.36175
13 0.5128774421296296 0.3625 0.5177619884259259 0.36350000000000005 0.5333037291666667 0.36275 0.5386323263888889 0.361 0.5475133217592593 0.3555 0.5497335694444444 0.352 0.5501776203703703 0.345 0.5444049722222223 0.33725 0.5359680277777777 0.33325 0.5222024861111111 0.33125 0.5088809953703703 0.33325 0.5008880995370371 0.33725 0.4964476018518518 0.3425 0.4955595023148148 0.34975 0.4977797523148148 0.35475 0.5057726458333334 0.36024999999999996 0.5128774421296296 0.3625
13 0.6190053287037037 0.42250000000000004 0.6301065717592592 0.42225 0.6434280648148147 0.4185 0.6496447592592594 0.41275 0.6518650092592593 0.408 0.6496447592592594 0.401 0.6447602129629629 0.39549999999999996 0.6398756666666666 0.39349999999999996 0.6301065717592592 0.39225 0.6185612777777778 0.39275 0.606127886574074 0.39575 0.6012433402777778 0.4 0.5990230902777779 0.4045 0.5985790416666666 0.409 0.6021314398148149 0.41575 0.6074600347222222 0.41875 0.6190053287037037 0.42250000000000004
13 0.4045293078703704 0.42225 0.41740675 0.4245 0.42451154629629634 0.42425 0.43339253935185185 0.422 0.44538188194444445 0.41225 0.4471580810185185 0.40825 0.44182948379629633 0.4 0.4365008888888889 0.39625 0.4320603912037037 0.3945 0.42184724768518517 0.39275 0.41119005324074076 0.3925 0.4040852569444444 0.3945 0.3960923634259259 0.39975 0.3925399652777778 0.40425 0.3912078148148148 0.40724999999999995 0.39209591435185187 0.41200000000000003 0.39698046296296297 0.41825 0.4045293078703704 0.42225
13 0.20026643055555554 0.423 0.20603907638888888 0.424 0.2202486689814815 0.42324999999999996 0.22912966203703705 0.42124999999999996 0.23312611111111112 0.41825 0.23712255787037037 0.409 0.23579040740740742 0.4035 0.23312611111111112 0.39925 0.22424511574074074 0.39499999999999996 0.2140319722222222 0.39275 0.20293072916666668 0.39275 0.19671403240740742 0.394 0.18738898842592594 0.39849999999999997 0.18294849074074074 0.40425 0.18250443981481482 0.40825 0.18650088888888888 0.41625 0.19049733564814814 0.41925 0.20026643055555554 0.423
13 0.10346358796296296 0.48000000000000004 0.11589698148148148 0.48150000000000004 0.12255772685185186 0.48075 0.13188277083333333 0.4775 0.13676731712962964 0.47375 0.13898756712962962 0.4635 0.13365896990740742 0.45675 0.126110125 0.45325 0.10968028472222223 0.4505 0.09902309027777777 0.45175000000000004 0.0901420949074074 0.45599999999999996 0.08614564814814815 0.46099999999999997 0.08570159953703704 0.4655 0.08836589583333333 0.47300000000000003 0.09502664351851851 0.477 0.10346358796296296 0.48000000000000004
13 0.31705150925925923 0.4805 0.3312611018518518 0.479 0.3352575486111111 0.4775 0.33969804629629635 0.47375 0.34147424537037036 0.47 0.34058614583333335 0.46099999999999997 0.3370337476851852 0.45599999999999996 0.33081705092592595 0.45275 0.31483126157407404 0.451 0.3068383657407407 0.45175000000000004 0.29884546990740746 0.455 0.2930728240740741 0.46175 0.29262877546296295 0.467 0.2961811712962963 0.47425 0.3037300185185185 0.47825 0.31705150925925923 0.4805
13 0.5119893425925925 0.47925 0.5182060393518518 0.48000000000000004 0.5275310833333333 0.47950000000000004 0.5430728240740741 0.474 0.5466252222222222 0.47025 0.5488454699074075 0.46375 0.5470692708333333 0.46025 0.539520425925926 0.45375000000000004 0.5297513310185186 0.45075 0.5084369444444444 0.4505 0.5004440486111111 0.45525 0.4964476018518518 0.45975 0.49378330324074077 0.46425000000000005 0.4968916527777778 0.47025 0.5026642986111112 0.47525 0.5119893425925925 0.47925
13 0.7198046180555556 0.47825 0.7300177615740742 0.4775 0.7406749560185185 0.47425 0.7455595023148148 0.47075 0.75 0.46375 0.7468916527777778 0.45475 0.7402309050925925 0.45 0.7340142106481481 0.44825000000000004 0.7175843703703704 0.4485 0.7060390763888889 0.45175000000000004 0.7020426296296297 0.45425 0.6980461805555556 0.46 0.6971580810185185 0.46625 0.7011545300925925 0.47324999999999995 0.7126998217592593 0.4775 0.7198046180555556 0.47825
13 0.6065719351851853 0.5307499999999999 0.6194493773148148 0.53225 0.6314387222222222 0.53025 0.6412078148148148 0.5257499999999999 0.6434280648148147 0.523 0.6447602129629629 0.5155 0.6425399652777778 0.5115 0.6296625231481481 0.505 0.606127886574074 0.50475 0.5972468912037037 0.5095000000000001 0.5945825925925926 0.51325 0.5936944930555555 0.51975 0.5950266435185185 0.52325 0.6021314398148149 0.529 0.6065719351851853 0.5307499999999999
13 0.4076376550925926 0.5315 0.42184724768518517 0.5335 0.43605683796296296 0.532 0.44049733564814814 0.53025 0.44538188194444445 0.5195 0.4409413865740741 0.509 0.4289520416666666 0.5065 0.42095914814814817 0.50625 0.39698046296296297 0.5105 0.3929840138888889 0.51525 0.3925399652777778 0.519 0.3960923634259259 0.5237499999999999 0.4000888101851852 0.5275 0.4076376550925926 0.5315
13 0.2202486689814815 0.53475 0.23134991203703703 0.53475 0.2384547060185185 0.5335 0.24555950231481483 0.52925 0.250888099537037 0.52275 0.24911190046296297 0.51425 0.24600355324074072 0.51075 0.23667850694444445 0.50625 0.22335701620370368 0.50475 0.21047957407407408 0.5065 0.2015985787037037 0.5105 0.19715808101851853 0.5155 0.19715808101851853 0.52225 0.20204262962962963 0.528 0.21225577314814817 0.533 0.2202486689814815 0.53475
13 0.7118117222222222 0.583 0.7229129652777778 0.5815 0.7309058611111111 0.5785 0.7371225578703703 0.5745 0.7393428055555555 0.571 0.7380106574074075 0.5645 0.7322380115740741 0.55875 0.7277975138888889 0.5565 0.7180284189814815 0.55575 0.7029307291666667 0.5565 0.690941386574074 0.56325 0.688277087962963 0.56725 0.6887211365740741 0.57425 0.6927175833333332 0.57775 0.7029307291666667 0.58175 0.7118117222222222 0.583
13 0.5190941388888889 0.58325 0.5301953819444445 0.58225 0.5404085254629629 0.579 0.5452930717592592 0.5750000000000001 0.5461811712962963 0.571 0.5439609236111111 0.567 0.5355239791666667 0.5619999999999999 0.5288632337962963 0.5605 0.5128774421296296 0.5595 0.5008880995370371 0.56075 0.4955595023148148 0.56225 0.4951154537037037 0.56425 0.4915630555555556 0.56625 0.4924511550925926 0.5745 0.5 0.57975 0.5084369444444444 0.5825 0.5190941388888889 0.58325
13 0.3206039074074074 0.585 0.32815275231481483 0.585 0.3441385439814815 0.58175 0.3521314398148148 0.57825 0.35257548842592595 0.56975 0.3494671412037037 0.5665 0.34147424537037036 0.5625 0.3237122546296296 0.5599999999999999 0.3059502662037037 0.564 0.29973356944444446 0.56725 0.30328596759259263 0.578 0.30817051620370367 0.58175 0.3134991111111111 0.58375 0.3206039074074074 0.585
13 0.10746003472222222 0.5815 0.11500888194444443 0.5855 0.13010657175925924 0.587 0.14165186574074073 0.58675 0.14920071064814813 0.585 0.14920071064814813 0.5750000000000001 0.14165186574074073 0.56625 0.13232682175925928 0.5625 0.12300177546296297 0.56125 0.11190053240740741 0.56175 0.10257548842592591 0.56475 0.10035524074074074 0.56725 0.10035524074074074 0.57125 0.10346358796296296 0.5775 0.10746003472222222 0.5815
13 0.23223801157407406 0.63675 0.24866785185185183 0.6347499999999999 0.2557726458333333 0.631 0.2571047962962963 0.6267499999999999 0.2562166967592593 0.619 0.2535523981481482 0.6152500000000001 0.2495559513888889 0.6134999999999999 0.2211367662037037 0.613 0.2091474236111111 0.6160000000000001 0.20737122453703702 0.62025 0.20737122453703702 0.6269999999999999 0.21492007175925926 0.63225 0.22335701620370368 0.6355 0.23223801157407406 0.63675
13 0.4316163402777778 0.633 0.4462699814814815 0.63025 0.44937833101851854 0.62875 0.4498223796296297 0.62275 0.44804618055555556 0.6192500000000001 0.4440497337962963 0.6160000000000001 0.4356127893518518 0.61275 0.4227353472222222 0.61075 0.41119005324074076 0.61125 0.4031971574074074 0.61375 0.39964475925925924 0.617 0.39920071064814816 0.62075 0.4018650092592593 0.6267499999999999 0.41829484953703705 0.6332500000000001 0.4316163402777778 0.633
13 0.603019537037037 0.63225 0.6158969814814815 0.6332500000000001 0.6234458263888889 0.632 0.6345470694444444 0.6265000000000001 0.6372113680555556 0.62275 0.6376554166666666 0.6162500000000001 0.6345470694444444 0.61175 0.623001775462963 0.6055 0.6092362337962962 0.60625 0.5985790416666666 0.60875 0.5919182939814815 0.61075 0.5896980462962963 0.6152500000000001 0.5896980462962963 0.62275 0.5923623449074074 0.6275 0.5976909421296297 0.6307499999999999 0.603019537037037 0.63225
13 0.5253108356481482 0.68125 0.5328596805555555 0.6799999999999999 0.5506216689814815 0.6722499999999999 0.5572824166666667 0.6652499999999999 0.5572824166666667 0.6557499999999999 0.5510657199074074 0.6479999999999999 0.5439609236111111 0.64375 0.5324156296296296 0.6407499999999999 0.520426287037037 0.6402500000000001 0.5177619884259259 0.6435000000000001 0.5164298402777777 0.6585 0.5115452939814815 0.66225 0.4951154537037037 0.6635 0.49422735416666663 0.6717500000000001 0.49955595138888886 0.675 0.518650087962963 0.6817500000000001 0.5253108356481482 0.68125
13 0.34103019444444443 0.6825 0.3485790416666667 0.68075 0.3521314398148148 0.6785000000000001 0.35346358796296296 0.67275 0.3516873888888889 0.6685 0.3485790416666667 0.6655 0.34147424537037036 0.66225 0.3348135 0.66125 0.30728241666666667 0.66275 0.30461811805555555 0.66625 0.30728241666666667 0.67525 0.3134991111111111 0.67975 0.32149200694444446 0.6825 0.34103019444444443 0.6825