5 0.6967592592592593 0.22916666666666666 0.6990740740740741 0.23148148148148148 0.7152777777777778 0.2337962962962963 0.7384259259259259 0.24768518518518517 0.7453703703703703 0.2569444444444444 0.75 0.26851851851851855 0.75 0.29398148148148145 0.7523148148148148 0.2962962962962963 0.7592592592592593 0.2962962962962963 0.7615740740740741 0.29398148148148145 0.7638888888888888 0.2962962962962963 0.7685185185185185 0.29398148148148145 0.7986111111111112 0.29398148148148145 0.8009259259259259 0.2962962962962963 0.8125 0.2962962962962963 0.8217592592592593 0.30092592592592593 0.8287037037037037 0.30092592592592593 0.8333333333333334 0.3055555555555556 0.8449074074074074 0.30787037037037035 0.8611111111111112 0.32407407407407407 0.8634259259259259 0.3287037037037037 0.8634259259259259 0.35648148148148145 0.8657407407407407 0.3587962962962963 0.8703703703703703 0.3587962962962963 0.8726851851851852 0.3611111111111111 0.875 0.3587962962962963 0.8842592592592593 0.3587962962962963 0.8865740740740741 0.3611111111111111 0.8912037037037037 0.3587962962962963 0.8981481481481481 0.3587962962962963 0.9004629629629629 0.3611111111111111 0.9236111111111112 0.3611111111111111 0.9328703703703703 0.36574074074074076 0.9398148148148148 0.36574074074074076 0.9583333333333334 0.375 0.9745370370370371 0.39351851851851855 0.9745370370370371 0.4027777777777778 0.9305555555555556 0.4027777777777778 0.9282407407407407 0.4074074074074074 0.9120370370370371 0.3888888888888889 0.8981481481481481 0.3819444444444444 0.8680555555555556 0.3819444444444444 0.8634259259259259 0.38657407407407407 0.8634259259259259 0.39814814814814814 0.8611111111111112 0.4027777777777778 0.8125 0.4027777777777778 0.8101851851851852 0.40046296296296297 0.8101851851851852 0.38657407407407407 0.8078703703703703 0.38425925925925924 0.7592592592592593 0.38425925925925924 0.7569444444444444 0.3819444444444444 0.7430555555555556 0.3819444444444444 0.7361111111111112 0.375 0.7083333333333334 0.3611111111111111 0.7013888888888888 0.3541666666666667 0.7013888888888888 0.34953703703703703 0.6990740740740741 0.3472222222222222 0.6990740740740741 0.32407407407407407 0.6944444444444444 0.3194444444444444 0.6898148148148148 0.32175925925925924 0.6388888888888888 0.3194444444444444 0.6365740740740741 0.31712962962962965 0.625 0.3148148148148148 0.6111111111111112 0.30324074074074076 0.5925925925925926 0.29398148148148145 0.5879629629629629 0.2824074074074074 0.5902777777777778 0.26851851851851855 0.5995370370370371 0.2523148148148148 0.6134259259259259 0.24074074074074073 0.6458333333333334 0.22916666666666666 0.6597222222222222 0.22916666666666666 0.6620370370370371 0.22685185185185186 0.6944444444444444 0.22916666666666666
4 0.4675925925925926 0.22916666666666666 0.4699074074074074 0.23148148148148148 0.47685185185185186 0.23148148148148148 0.49537037037037035 0.23842592592592593 0.5115740740740741 0.2523148148148148 0.5185185185185185 0.2662037037037037 0.5185185185185185 0.28935185185185186 0.5231481481481481 0.29398148148148145 0.5671296296296297 0.29398148148148145 0.5694444444444444 0.2962962962962963 0.5810185185185185 0.2962962962962963 0.5833333333333334 0.2986111111111111 0.5902777777777778 0.2986111111111111 0.6134259259259259 0.3101851851851852 0.6273148148148148 0.32407407407407407 0.6296296296296297 0.33796296296296297 0.5925925925925926 0.33796296296296297 0.5902777777777778 0.3402777777777778 0.5856481481481481 0.3402777777777778 0.5856481481481481 0.33796296296296297 0.5740740740740741 0.3263888888888889 0.5625 0.32175925925925924 0.5532407407407407 0.32175925925925924 0.5509259259259259 0.3194444444444444 0.5393518518518519 0.3194444444444444 0.5370370370370371 0.32175925925925924 0.5231481481481481 0.3194444444444444 0.5185185185185185 0.32407407407407407 0.5185185185185185 0.33564814814814814 0.5162037037037037 0.33796296296296297 0.5115740740740741 0.33564814814814814 0.4837962962962963 0.33564814814814814 0.48148148148148145 0.33796296296296297 0.47453703703703703 0.33796296296296297 0.47453703703703703 0.32407407407407407 0.4675925925925926 0.3194444444444444 0.4074074074074074 0.3194444444444444 0.4050925925925926 0.32175925925925924 0.4050925925925926 0.33796296296296297 0.4027777777777778 0.3402777777777778 0.39814814814814814 0.3402777777777778 0.3958333333333333 0.33796296296296297 0.3611111111111111 0.33796296296296297 0.3587962962962963 0.3333333333333333 0.3587962962962963 0.32175925925925924 0.35648148148148145 0.3194444444444444 0.3125 0.3194444444444444 0.30324074074074076 0.3287037037037037 0.30092592592592593 0.3287037037037037 0.29398148148148145 0.33796296296296297 0.25 0.33796296296296297 0.24768518518518517 0.33101851851851855 0.2523148148148148 0.3194444444444444 0.26157407407407407 0.3101851851851852 0.2777777777777778 0.30092592592592593 0.2824074074074074 0.30092592592592593 0.2916666666666667 0.2962962962962963 0.30092592592592593 0.2962962962962963 0.30324074074074076 0.29398148148148145 0.3287037037037037 0.29398148148148145 0.33101851851851855 0.2916666666666667 0.3333333333333333 0.29398148148148145 0.33796296296296297 0.2916666666666667 0.35648148148148145 0.29398148148148145 0.3611111111111111 0.28935185185185186 0.3587962962962963 0.2800925925925926 0.3611111111111111 0.2777777777777778 0.3611111111111111 0.2638888888888889 0.36574074074074076 0.25462962962962965 0.38657407407407407 0.2361111111111111 0.3912037037037037 0.2361111111111111 0.40046296296296297 0.23148148148148148 0.4074074074074074 0.23148148148148148 0.4097222222222222 0.22916666666666666 0.4166666666666667 0.22916666666666666 0.41898148148148145 0.22685185185185186 0.4583333333333333 0.22685185185185186 0.46064814814814814 0.22916666666666666 0.4652777777777778 0.22916666666666666
6 0.24768518518518517 0.3402777777777778 0.28703703703703703 0.3402777777777778 0.28935185185185186 0.3425925925925926 0.29398148148148145 0.3425925925925926 0.29398148148148145 0.3587962962962963 0.2962962962962963 0.3611111111111111 0.33796296296296297 0.3611111111111111 0.34953703703703703 0.35648148148148145 0.3611111111111111 0.3425925925925926 0.3726851851851852 0.3425925925925926 0.375 0.3402777777777778 0.3888888888888889 0.3402777777777778 0.4027777777777778 0.3472222222222222 0.39814814814814814 0.3611111111111111 0.3888888888888889 0.37037037037037035 0.36574074074074076 0.3819444444444444 0.3425925925925926 0.38425925925925924 0.3402777777777778 0.38657407407407407 0.2986111111111111 0.38657407407407407 0.2962962962962963 0.3888888888888889 0.2962962962962963 0.4236111111111111 0.2986111111111111 0.42592592592592593 0.3402777777777778 0.42592592592592593 0.3425925925925926 0.42824074074074076 0.35185185185185186 0.42824074074074076 0.3541666666666667 0.4305555555555556 0.36574074074074076 0.4305555555555556 0.3912037037037037 0.4444444444444444 0.3958333333333333 0.44907407407407407 0.4027777777777778 0.46296296296296297 0.40046296296296297 0.4675925925925926 0.39351851851851855 0.4675925925925926 0.3912037037037037 0.4699074074074074 0.3888888888888889 0.4675925925925926 0.38425925925925924 0.4675925925925926 0.3819444444444444 0.4699074074074074 0.3773148148148148 0.4699074074074074 0.375 0.4675925925925926 0.3587962962962963 0.4675925925925926 0.35648148148148145 0.46296296296296297 0.33796296296296297 0.44675925925925924 0.2986111111111111 0.44675925925925924 0.2962962962962963 0.44907407407407407 0.2962962962962963 0.4583333333333333 0.2916666666666667 0.4675925925925926 0.25 0.4675925925925926 0.24537037037037038 0.4583333333333333 0.24537037037037038 0.4513888888888889 0.24074074074074073 0.44675925925925924 0.19675925925925927 0.44675925925925924 0.19444444444444445 0.4444444444444444 0.18287037037037038 0.4444444444444444 0.18055555555555555 0.44212962962962965 0.16898148148148148 0.4398148148148148 0.16203703703703703 0.4351851851851852 0.1574074074074074 0.4351851851851852 0.14351851851851852 0.42592592592592593 0.13194444444444445 0.4097222222222222 0.13194444444444445 0.3958333333333333 0.13425925925925927 0.3912037037037037 0.1388888888888889 0.38425925925925924 0.1527777777777778 0.3726851851851852 0.16898148148148148 0.36574074074074076 0.1875 0.36342592592592593 0.18981481481481483 0.3611111111111111 0.24537037037037038 0.3611111111111111 0.24768518518518517 0.3587962962962963 0.24768518518518517 0.34953703703703703 0.24537037037037038 0.3472222222222222 0.24768518518518517 0.3425925925925926
10 0.5162037037037037 0.33796296296296297 0.5208333333333334 0.3402777777777778 0.5208333333333334 0.3425925925925926 0.5347222222222222 0.35648148148148145 0.5393518518518519 0.35648148148148145 0.5486111111111112 0.3611111111111111 0.5856481481481481 0.3611111111111111 0.5879629629629629 0.3587962962962963 0.5879629629629629 0.3472222222222222 0.5925925925925926 0.3402777777777778 0.5972222222222222 0.3402777777777778 0.5995370370370371 0.33796296296296297 0.6041666666666666 0.33796296296296297 0.6064814814814815 0.3402777777777778 0.6111111111111112 0.33796296296296297 0.6203703703703703 0.33796296296296297 0.6226851851851852 0.3402777777777778 0.625 0.33796296296296297 0.6296296296296297 0.33796296296296297 0.6319444444444444 0.3425925925925926 0.6319444444444444 0.3587962962962963 0.6342592592592593 0.3611111111111111 0.6643518518518519 0.3611111111111111 0.6666666666666666 0.36342592592592593 0.6666666666666666 0.37962962962962965 0.6643518518518519 0.38425925925925924 0.6597222222222222 0.38657407407407407 0.6388888888888888 0.38657407407407407 0.6365740740740741 0.38425925925925924 0.6319444444444444 0.3888888888888889 0.6319444444444444 0.4027777777777778 0.6296296296296297 0.4050925925925926 0.6296296296296297 0.41203703703703703 0.6319444444444444 0.41435185185185186 0.6296296296296297 0.4166666666666667 0.6296296296296297 0.4212962962962963 0.6342592592592593 0.42592592592592593 0.6388888888888888 0.4236111111111111 0.6435185185185185 0.42592592592592593 0.6620370370370371 0.42592592592592593 0.6643518518518519 0.4305555555555556 0.6643518518518519 0.4444444444444444 0.6574074074074074 0.44907407407407407 0.6319444444444444 0.44907407407407407 0.6296296296296297 0.4513888888888889 0.6296296296296297 0.46296296296296297 0.6273148148148148 0.4652777777777778 0.625 0.4791666666666667 0.6180555555555556 0.48842592592592593 0.5972222222222222 0.5023148148148148 0.5902777777777778 0.5023148148148148 0.5879629629629629 0.5046296296296297 0.5717592592592593 0.5069444444444444 0.5694444444444444 0.5092592592592593 0.5324074074074074 0.5092592592592593 0.5300925925925926 0.5069444444444444 0.5185185185185185 0.5069444444444444 0.5162037037037037 0.5046296296296297 0.5046296296296297 0.5023148148148148 0.4861111111111111 0.49074074074074076 0.4791666666666667 0.4837962962962963 0.47453703703703703 0.47453703703703703 0.47453703703703703 0.4583333333333333 0.47685185185185186 0.4537037037037037 0.49074074074074076 0.4398148148148148 0.5092592592592593 0.4305555555555556 0.5138888888888888 0.4305555555555556 0.5231481481481481 0.42592592592592593 0.5486111111111112 0.42592592592592593 0.5509259259259259 0.4236111111111111 0.5578703703703703 0.4236111111111111 0.5601851851851852 0.42592592592592593 0.5625 0.4236111111111111 0.5833333333333334 0.4236111111111111 0.5856481481481481 0.4212962962962963 0.5856481481481481 0.40046296296296297 0.5879629629629629 0.39814814814814814 0.5879629629629629 0.3912037037037037 0.5810185185185185 0.38425925925925924 0.5324074074074074 0.38425925925925924 0.5300925925925926 0.3819444444444444 0.5208333333333334 0.3819444444444444 0.49537037037037035 0.37037037037037035 0.48148148148148145 0.35648148148148145 0.4791666666666667 0.35185185185185186 0.4791666666666667 0.3402777777777778 0.4837962962962963 0.33796296296296297 0.5138888888888888 0.33796296296296297
1 0.7129629629629629 0.3680555555555556 0.7152777777777778 0.37037037037037035 0.7199074074074074 0.37037037037037035 0.7245370370370371 0.375 0.7337962962962963 0.3773148148148148 0.7453703703703703 0.3912037037037037 0.7453703703703703 0.3958333333333333 0.7476851851851852 0.39814814814814814 0.7476851851851852 0.4212962962962963 0.7523148148148148 0.42592592592592593 0.7986111111111112 0.42592592592592593 0.8009259259259259 0.4236111111111111 0.8078703703703703 0.4236111111111111 0.8101851851851852 0.4212962962962963 0.8101851851851852 0.4097222222222222 0.8171296296296297 0.4050925925925926 0.8587962962962963 0.4050925925925926 0.8611111111111112 0.4074074074074074 0.8611111111111112 0.4212962962962963 0.8657407407407407 0.42592592592592593 0.9074074074074074 0.42592592592592593 0.9120370370370371 0.4236111111111111 0.9166666666666666 0.4166666666666667 0.9212962962962963 0.4166666666666667 0.9282407407407407 0.4074074074074074 0.9328703703703703 0.4074074074074074 0.9351851851851852 0.4050925925925926 0.9375 0.4074074074074074 0.9421296296296297 0.4074074074074074 0.9444444444444444 0.4050925925925926 0.9745370370370371 0.4050925925925926 0.9745370370370371 0.41435185185185186 0.9722222222222222 0.41898148148148145 0.9583333333333334 0.43287037037037035 0.9398148148148148 0.44212962962962965 0.9259259259259259 0.4444444444444444 0.9236111111111112 0.44675925925925924 0.9004629629629629 0.44675925925925924 0.8981481481481481 0.44907407407407407 0.8611111111111112 0.44907407407407407 0.8587962962962963 0.4513888888888889 0.8587962962962963 0.47453703703703703 0.8541666666666666 0.4837962962962963 0.8425925925925926 0.49537037037037035 0.8333333333333334 0.5 0.8287037037037037 0.5 0.8240740740740741 0.5046296296296297 0.8148148148148148 0.5046296296296297 0.8125 0.5069444444444444 0.7962962962962963 0.5092592592592593 0.7939814814814815 0.5115740740740741 0.7708333333333334 0.5115740740740741 0.7685185185185185 0.5092592592592593 0.7662037037037037 0.5115740740740741 0.7638888888888888 0.5092592592592593 0.7523148148148148 0.5092592592592593 0.75 0.5069444444444444 0.7407407407407407 0.5069444444444444 0.7337962962962963 0.5023148148148148 0.7291666666666666 0.5023148148148148 0.7129629629629629 0.49537037037037035 0.6967592592592593 0.47685185185185186 0.6967592592592593 0.45601851851851855 0.6990740740740741 0.4513888888888889 0.6944444444444444 0.44675925925925924 0.6666666666666666 0.44675925925925924 0.6666666666666666 0.42824074074074076 0.6643518518518519 0.42592592592592593 0.6666666666666666 0.4236111111111111 0.6967592592592593 0.4236111111111111 0.7013888888888888 0.4166666666666667 0.6990740740740741 0.41203703703703703 0.7013888888888888 0.4097222222222222 0.6990740740740741 0.3958333333333333 0.6944444444444444 0.3912037037037037 0.6898148148148148 0.3912037037037037 0.6805555555555556 0.38425925925925924 0.6736111111111112 0.38425925925925924 0.6712962962962963 0.37962962962962965 0.6712962962962963 0.36574074074074076 0.6782407407407407 0.3611111111111111 0.6944444444444444 0.3611111111111111 0.7106481481481481 0.3680555555555556
7 0.25 0.4699074074074074 0.29398148148148145 0.4699074074074074 0.3055555555555556 0.4837962962962963 0.31712962962962965 0.48842592592592593 0.35648148148148145 0.48842592592592593 0.3611111111111111 0.4837962962962963 0.3611111111111111 0.4791666666666667 0.3587962962962963 0.47685185185185186 0.3587962962962963 0.4722222222222222 0.3611111111111111 0.4699074074074074 0.4027777777777778 0.4699074074074074 0.4050925925925926 0.47453703703703703 0.4027777777777778 0.48148148148148145 0.4097222222222222 0.49074074074074076 0.41435185185185186 0.48842592592592593 0.43287037037037035 0.48842592592592593 0.4351851851851852 0.49074074074074076 0.43287037037037035 0.4930555555555556 0.43287037037037035 0.5046296296296297 0.4351851851851852 0.5069444444444444 0.4351851851851852 0.5115740740740741 0.4074074074074074 0.5115740740740741 0.4027777777777778 0.5162037037037037 0.4027777777777778 0.5208333333333334 0.4050925925925926 0.5231481481481481 0.4050925925925926 0.5486111111111112 0.4074074074074074 0.5509259259259259 0.4351851851851852 0.5509259259259259 0.4351851851851852 0.5740740740740741 0.4074074074074074 0.5740740740740741 0.4050925925925926 0.5763888888888888 0.4050925925925926 0.5925925925925926 0.4027777777777778 0.5949074074074074 0.4027777777777778 0.5995370370370371 0.39814814814814814 0.6087962962962963 0.38657407407407407 0.6203703703703703 0.35185185185185186 0.6342592592592593 0.3263888888888889 0.6365740740740741 0.32407407407407407 0.6342592592592593 0.32407407407407407 0.6180555555555556 0.3263888888888889 0.6134259259259259 0.3287037037037037 0.6111111111111112 0.34953703703703703 0.6087962962962963 0.3587962962962963 0.5995370370370371 0.3611111111111111 0.5949074074074074 0.3611111111111111 0.5740740740740741 0.3587962962962963 0.5717592592592593 0.3449074074074074 0.5717592592592593 0.3425925925925926 0.5740740740740741 0.3402777777777778 0.5717592592592593 0.33564814814814814 0.5717592592592593 0.33101851851851855 0.5740740740740741 0.3263888888888889 0.5717592592592593 0.32407407407407407 0.5578703703703703 0.3287037037037037 0.5509259259259259 0.35648148148148145 0.5509259259259259 0.3611111111111111 0.5462962962962963 0.3611111111111111 0.5185185185185185 0.35648148148148145 0.5115740740740741 0.30787037037037035 0.5115740740740741 0.3055555555555556 0.5092592592592593 0.28703703703703703 0.5069444444444444 0.26157407407407407 0.4930555555555556 0.2523148148148148 0.48148148148148145 0.25 0.4722222222222222
9 0.2337962962962963 0.48842592592592593 0.2361111111111111 0.49074074074074076 0.24537037037037038 0.49074074074074076 0.26851851851851855 0.5 0.27314814814814814 0.5046296296296297 0.2800925925925926 0.5069444444444444 0.29398148148148145 0.5208333333333334 0.29398148148148145 0.5254629629629629 0.2962962962962963 0.5277777777777778 0.29398148148148145 0.5532407407407407 0.2962962962962963 0.5555555555555556 0.30092592592592593 0.5509259259259259 0.31712962962962965 0.5509259259259259 0.3194444444444444 0.5532407407407407 0.32407407407407407 0.5532407407407407 0.32407407407407407 0.5578703703703703 0.32175925925925924 0.5601851851851852 0.32407407407407407 0.5648148148148148 0.3194444444444444 0.5763888888888888 0.30092592592592593 0.5763888888888888 0.2986111111111111 0.5740740740740741 0.29398148148148145 0.5740740740740741 0.2916666666666667 0.5763888888888888 0.2916666666666667 0.5949074074074074 0.30787037037037035 0.6087962962962963 0.3194444444444444 0.6111111111111112 0.3194444444444444 0.6365740740740741 0.30092592592592593 0.6365740740740741 0.2986111111111111 0.6342592592592593 0.28935185185185186 0.6342592592592593 0.28703703703703703 0.6319444444444444 0.2800925925925926 0.6319444444444444 0.26157407407407407 0.6226851851851852 0.24537037037037038 0.6041666666666666 0.24537037037037038 0.5972222222222222 0.24305555555555555 0.5949074074074074 0.24305555555555555 0.5833333333333334 0.24537037037037038 0.5787037037037037 0.24074074074074073 0.5740740740740741 0.2013888888888889 0.5740740740740741 0.19907407407407407 0.5717592592592593 0.17592592592592593 0.5694444444444444 0.15046296296296297 0.5578703703703703 0.13657407407407407 0.5439814814814815 0.13425925925925927 0.5393518518518519 0.13425925925925927 0.5231481481481481 0.13657407407407407 0.5185185185185185 0.1574074074074074 0.5 0.16203703703703703 0.5 0.18287037037037038 0.49074074074074076 0.19444444444444445 0.49074074074074076 0.19675925925925927 0.48842592592592593 0.23148148148148148 0.48842592592592593
3 0.4398148148148148 0.49074074074074076 0.46296296296296297 0.49074074074074076 0.4976851851851852 0.5046296296296297 0.5092592592592593 0.5162037037037037 0.5092592592592593 0.5208333333333334 0.5138888888888888 0.5277777777777778 0.5138888888888888 0.5370370370370371 0.5115740740740741 0.5393518518518519 0.5138888888888888 0.5416666666666666 0.5138888888888888 0.5486111111111112 0.5162037037037037 0.5509259259259259 0.5439814814814815 0.5509259259259259 0.5462962962962963 0.5555555555555556 0.5462962962962963 0.5694444444444444 0.5416666666666666 0.5740740740740741 0.5185185185185185 0.5717592592592593 0.5138888888888888 0.5763888888888888 0.5138888888888888 0.6087962962962963 0.5162037037037037 0.6111111111111112 0.5416666666666666 0.6111111111111112 0.5462962962962963 0.6180555555555556 0.5462962962962963 0.6342592592592593 0.5416666666666666 0.6365740740740741 0.5162037037037037 0.6365740740740741 0.5138888888888888 0.6388888888888888 0.5138888888888888 0.6527777777777778 0.5115740740740741 0.6550925925925926 0.5092592592592593 0.6689814814814815 0.4930555555555556 0.6851851851851852 0.4652777777777778 0.6967592592592593 0.44675925925925924 0.6967592592592593 0.4444444444444444 0.6990740740740741 0.41203703703703703 0.6967592592592593 0.4097222222222222 0.6944444444444444 0.40046296296296297 0.6944444444444444 0.39351851851851855 0.6898148148148148 0.38425925925925924 0.6875 0.37037037037037035 0.6782407407407407 0.36342592592592593 0.6689814814814815 0.36342592592592593 0.6620370370370371 0.3611111111111111 0.6597222222222222 0.3611111111111111 0.6481481481481481 0.36574074074074076 0.6388888888888888 0.37962962962962965 0.625 0.38425925925925924 0.625 0.3958333333333333 0.6157407407407407 0.4027777777777778 0.6157407407407407 0.41435185185185186 0.6111111111111112 0.4236111111111111 0.6111111111111112 0.42592592592592593 0.6087962962962963 0.42824074074074076 0.6111111111111112 0.4305555555555556 0.6087962962962963 0.4675925925925926 0.6087962962962963 0.4722222222222222 0.6018518518518519 0.4722222222222222 0.5740740740740741 0.4699074074074074 0.5717592592592593 0.46296296296296297 0.5717592592592593 0.46064814814814814 0.5740740740740741 0.45601851851851855 0.5717592592592593 0.4537037037037037 0.5740740740740741 0.4444444444444444 0.5740740740740741 0.4398148148148148 0.5717592592592593 0.4398148148148148 0.5532407407407407 0.44212962962962965 0.5509259259259259 0.4699074074074074 0.5509259259259259 0.47453703703703703 0.5462962962962963 0.47453703703703703 0.5393518518518519 0.47685185185185186 0.5370370370370371 0.47453703703703703 0.5347222222222222 0.47453703703703703 0.5254629629629629 0.4675925925925926 0.5162037037037037 0.46064814814814814 0.5162037037037037 0.45601851851851855 0.5115740740740741 0.44675925925925924 0.5115740740740741 0.44212962962962965 0.5092592592592593 0.4375 0.4976851851851852 0.4398148148148148 0.4930555555555556
2 0.6620370370370371 0.49074074074074076 0.6643518518518519 0.4930555555555556 0.6643518518518519 0.5046296296296297 0.6620370370370371 0.5069444444444444 0.6620370370370371 0.5115740740740741 0.6574074074074074 0.5138888888888888 0.6458333333333334 0.5138888888888888 0.6365740740740741 0.5185185185185185 0.6273148148148148 0.5277777777777778 0.6273148148148148 0.5486111111111112 0.6296296296296297 0.5509259259259259 0.6435185185185185 0.5509259259259259 0.6458333333333334 0.5486111111111112 0.6574074074074074 0.5509259259259259 0.6620370370370371 0.5601851851851852 0.6620370370370371 0.5671296296296297 0.6574074074074074 0.5740740740740741 0.6296296296296297 0.5740740740740741 0.625 0.5787037037037037 0.625 0.6087962962962963 0.6273148148148148 0.6111111111111112 0.6550925925925926 0.6111111111111112 0.6597222222222222 0.6203703703703703 0.6597222222222222 0.6365740740740741 0.6574074074074074 0.6388888888888888 0.6388888888888888 0.6388888888888888 0.6365740740740741 0.6365740740740741 0.6273148148148148 0.6365740740740741 0.625 0.6388888888888888 0.625 0.6597222222222222 0.6342592592592593 0.6689814814814815 0.6481481481481481 0.6689814814814815 0.6550925925925926 0.6736111111111112 0.6597222222222222 0.6828703703703703 0.6597222222222222 0.6967592592592593 0.6574074074074074 0.6990740740740741 0.6365740740740741 0.6990740740740741 0.6273148148148148 0.6944444444444444 0.6203703703703703 0.6944444444444444 0.6087962962962963 0.6898148148148148 0.5949074074074074 0.6805555555555556 0.5879629629629629 0.6736111111111112 0.5833333333333334 0.6643518518518519 0.5833333333333334 0.6597222222222222 0.5810185185185185 0.6574074074074074 0.5810185185185185 0.6388888888888888 0.5763888888888888 0.6342592592592593 0.5717592592592593 0.6365740740740741 0.5509259259259259 0.6365740740740741 0.5486111111111112 0.6342592592592593 0.5486111111111112 0.625 0.5509259259259259 0.6226851851851852 0.5486111111111112 0.6203703703703703 0.5486111111111112 0.6134259259259259 0.5509259259259259 0.6111111111111112 0.5717592592592593 0.6111111111111112 0.5740740740740741 0.6134259259259259 0.5810185185185185 0.6087962962962963 0.5810185185185185 0.5995370370370371 0.5833333333333334 0.5972222222222222 0.5833333333333334 0.5787037037037037 0.5763888888888888 0.5717592592592593 0.5740740740740741 0.5740740740740741 0.5694444444444444 0.5740740740740741 0.5671296296296297 0.5717592592592593 0.5555555555555556 0.5740740740740741 0.5509259259259259 0.5717592592592593 0.5509259259259259 0.5509259259259259 0.5555555555555556 0.5486111111111112 0.5601851851851852 0.5509259259259259 0.5787037037037037 0.5509259259259259 0.5833333333333334 0.5462962962962963 0.5833333333333334 0.5277777777777778 0.5879629629629629 0.5185185185185185 0.6018518518518519 0.5046296296296297 0.6388888888888888 0.49074074074074076 0.6597222222222222 0.49074074074074076
11 0.02531083564814815 0.19574999999999998 0.024866784722222226 0.20024999999999998 0.02975133101851852 0.20875000000000002 0.03463587962962963 0.35524999999999995 0.0364120787037037 0.512 0.03863232638888889 0.525 0.03774422685185185 0.55025 0.03996447685185185 0.567 0.039520425925925924 0.59275 0.040852576388888895 0.5945 0.03907637731481481 0.598 0.03907637731481481 0.60575 0.04218472453703704 0.625 0.041296625 0.6745 0.043516875 0.68275 0.04218472453703704 0.6857500000000001 0.04396092361111111 0.6869999999999999 0.04928952083333333 0.7005 0.0532859675925926 0.7065 0.058170516203703705 0.70825 0.06616340972222222 0.7170000000000001 0.0728241574074074 0.718 0.08126110185185186 0.7225 0.10612788657407408 0.7277499999999999 0.11634103009259258 0.728 0.12255772685185186 0.7295 0.12966252314814813 0.72875 0.13365896990740742 0.73 0.14920071064814813 0.72975 0.15408525694444444 0.7305 0.17895204166666667 0.73075 0.18650088888888888 0.73 0.1962699814814815 0.73075 0.2113676736111111 0.7284999999999999 0.23712255787037037 0.7305 0.30195381944444444 0.73075 0.3068383657407407 0.7314999999999999 0.5501776203703703 0.733 0.8610124328703704 0.73275 0.9222912962962964 0.7314999999999999 0.9356127893518519 0.73225 0.938277087962963 0.73125 0.9427175833333332 0.732 0.9511545300925925 0.73075 0.9702486689814814 0.73275 0.9875666064814815 0.73175 0.9946714027777778 0.7295 0.9968916527777778 0.7270000000000001 0.9933392546296297 0.7232500000000001 0.9960035532407407 0.71475 0.9960035532407407 0.71225 0.9933392546296297 0.7102499999999999 0.9960035532407407 0.7072499999999999 0.9942273541666666 0.7030000000000001 0.999555951388889 0.69475 0.999555951388889 0.2025 0.9964476018518519 0.19499999999999998 0.9973357013888888 0.16125 0.9946714027777778 0.158 0.9844582592592593 0.15575000000000003 0.978685613425926 0.1575 0.9706927175925926 0.15525 0.9658081712962963 0.1555 0.956483125 0.15400000000000003 0.9484902314814815 0.15425 0.9418294837962963 0.15575000000000003 0.9214031967592592 0.15400000000000003 0.7606571944444445 0.156 0.7340142106481481 0.15525 0.7211367662037037 0.15725 0.7166962708333334 0.156 0.7038188287037037 0.1555 0.7002664305555556 0.1545 0.6705150972222222 0.1545 0.6647424513888889 0.156 0.6616341041666667 0.1545 0.6505328587962963 0.1555 0.645204263888889 0.1545 0.6194493773148148 0.15425 0.6087921851851852 0.15625 0.606127886574074 0.1555 0.5976909421296297 0.156 0.5923623449074074 0.15400000000000003 0.5444049722222223 0.15425 0.5155417407407408 0.15325 0.08792184722222222 0.15325 0.07504440509259258 0.15425 0.04618117129629629 0.1535 0.04040852546296296 0.15575000000000003 0.0364120787037037 0.1555 0.03330372916666667 0.15725 0.03108348148148148 0.1605 0.028863233796296295 0.16125 0.030195381944444443 0.16449999999999998 0.02797513425925926 0.1695 0.02531083564814815 0.17149999999999999 0.025754884259259262 0.17725000000000002 0.0217584375 0.1875 0.022646537037037034 0.19275 0.02531083564814815 0.19574999999999998
12 1 0.14567375000000002 0.010015541666666667 0.14567375000000002 0.010015541666666667 0.22603625 1 0.22603625 1 0.14567375000000002
13 0.41740675 0.28975 0.440053287037037 0.29125 0.4600355231481481 0.28925 0.4666962708333333 0.276 0.4635879212962963 0.2675 0.4600355231481481 0.26425000000000004 0.45337477777777774 0.261 0.44271758333333333 0.25875 0.4320603912037037 0.259 0.42184724768518517 0.262 0.4147424513888889 0.26575 0.40941385416666665 0.27225 0.40896980555555557 0.27625 0.4116341041666666 0.28325 0.41341030092592596 0.287 0.41740675 0.28975
13 0.6678507986111112 0.29200000000000004 0.6736234467592593 0.29175 0.6887211365740741 0.29 0.6936056828703704 0.28725 0.6958259328703704 0.2835 0.6953818819444444 0.27175 0.6904973356481482 0.2655 0.6829484907407407 0.262 0.6700710486111111 0.25925 0.6571936064814815 0.2595 0.6465364120370369 0.262 0.6376554166666666 0.269 0.6380994675925926 0.27625 0.6425399652777778 0.28275 0.6567495555555555 0.29 0.6678507986111112 0.29200000000000004
13 0.7788632337962963 0.3575 0.7904085254629629 0.3575 0.7966252222222222 0.35575 0.8006216689814815 0.356 0.8032859675925926 0.354 0.8068383657407407 0.35325 0.8086145648148148 0.349 0.809058613425926 0.3385 0.8019538194444444 0.32949999999999996 0.7975133217592593 0.32725000000000004 0.7859680277777777 0.32475 0.770870337962963 0.32525000000000004 0.7588809953703703 0.3285 0.7548845462962963 0.3285 0.751776199074074 0.332 0.7513321481481482 0.33925000000000005 0.7539964467592593 0.34625 0.7650976898148149 0.35425 0.7788632337962963 0.3575
13 0.5444049722222223 0.3575 0.5537300185185186 0.35825 0.5670515092592593 0.35625 0.5728241574074074 0.3535 0.5794849027777778 0.3465 0.5803730023148148 0.33875 0.5790408518518518 0.33525 0.5737122546296296 0.32949999999999996 0.5639431620370371 0.3255 0.5484014212962963 0.32475 0.5359680277777777 0.32675000000000004 0.5279751342592592 0.33075 0.5230905856481481 0.33599999999999997 0.5217584375 0.3385 0.5275310833333333 0.349 0.5333037291666667 0.35375 0.5444049722222223 0.3575
13 0.30950266435185186 0.35625 0.3206039074074074 0.35975 0.3277087037037037 0.36000000000000004 0.3419182939814815 0.35725 0.3499111898148148 0.35225 0.355239787037037 0.34525 0.35568383564814815 0.33825 0.35035524074074076 0.33 0.3432504444444444 0.32575 0.33170515046296295 0.3225 0.31705150925925923 0.32325000000000004 0.3090586134259259 0.326 0.3001776203703703 0.33225000000000005 0.29751332175925926 0.33775 0.29706927083333334 0.3455 0.30062166898148146 0.35075 0.30417406712962963 0.35150000000000003 0.30950266435185186 0.35625
13 0.19982237962962962 0.42025 0.21047957407407408 0.42250000000000004 0.23223801157407406 0.42175 0.23667850694444445 0.42050000000000004 0.24111900462962962 0.41175 0.24156305555555554 0.40199999999999997 0.2397868564814815 0.39699999999999996 0.23401421064814815 0.39175 0.2277975138888889 0.3895 0.21714031944444445 0.38775000000000004 0.20426287731481482 0.389 0.19360568287037036 0.39325 0.18916518750000003 0.3965 0.1869449375 0.40075 0.18605683796296296 0.4045 0.18783303703703705 0.409 0.19316163425925925 0.41550000000000004 0.19982237962962962 0.42025
13 0.4325044398148148 0.42274999999999996 0.44182948379629633 0.42375 0.44937833101851854 0.42324999999999996 0.4600355231481481 0.42 0.4666962708333333 0.41575 0.4702486689814815 0.40575 0.4689165185185185 0.40025 0.4626998217592593 0.39375 0.45204262962962966 0.38925000000000004 0.4387211365740741 0.38775000000000004 0.42539964583333334 0.38999999999999996 0.41429840046296296 0.39675 0.4116341041666666 0.4015 0.41119005324074076 0.408 0.4138543518518518 0.41375 0.42140319675925925 0.41925 0.4325044398148148 0.42274999999999996
13 0.6589698055555556 0.42100000000000004 0.6647424513888889 0.42274999999999996 0.6793960925925927 0.42025 0.6869449375000001 0.41575 0.6904973356481482 0.41074999999999995 0.6913854351851852 0.39975 0.6825044398148149 0.39199999999999996 0.6722912962962964 0.3895 0.6611900532407406 0.3895 0.6474245115740741 0.39275 0.6403197152777778 0.39625 0.6363232685185186 0.40249999999999997 0.6372113680555556 0.4115 0.643872113425926 0.41725 0.6540852569444445 0.42075 0.6589698055555556 0.42100000000000004
13 0.9023090578703703 0.42100000000000004 0.9111900532407406 0.416 0.9187388981481481 0.408 0.916518650462963 0.40199999999999997 0.9098579050925926 0.39425 0.9054174074074074 0.39149999999999996 0.8974245115740741 0.38975000000000004 0.8889875671296296 0.38925000000000004 0.8796625231481481 0.39025 0.8672291296296296 0.39549999999999996 0.8654529305555556 0.39925 0.8663410300925926 0.4165 0.8765541736111111 0.42250000000000004 0.8943161643518519 0.42274999999999996 0.9023090578703703 0.42100000000000004
13 0.7655417407407407 0.48475 0.7730905856481483 0.48574999999999996 0.7833037291666666 0.4845 0.792184724537037 0.482 0.7997335694444444 0.477 0.8023978680555556 0.46925 0.8019538194444444 0.46375 0.7975133217592593 0.45799999999999996 0.7899644768518519 0.45425 0.772646537037037 0.45275 0.7584369444444445 0.45525 0.7526642986111112 0.45775 0.7491119004629629 0.46475 0.7486678518518518 0.474 0.7508880995370371 0.47725 0.7557726458333334 0.48125 0.7655417407407407 0.48475
13 0.30950266435185186 0.48350000000000004 0.3174955601851852 0.48625 0.32682060416666664 0.48724999999999996 0.3383658958333334 0.48625 0.3432504444444444 0.4845 0.35301953703703703 0.47475 0.35568383564814815 0.4705 0.35568383564814815 0.46675 0.3490230902777778 0.4565 0.34147424537037036 0.45225000000000004 0.3352575486111111 0.451 0.3237122546296296 0.4515 0.3108348125 0.45399999999999996 0.30062166898148146 0.45725000000000005 0.29840142129629627 0.4625 0.29795737037037034 0.46775000000000005 0.30062166898148146 0.47575 0.30461811805555555 0.48075 0.30950266435185186 0.48350000000000004
13 0.5359680277777777 0.484 0.5470692708333333 0.4855 0.5563943171296296 0.48500000000000004 0.5679396087962962 0.48175 0.5759325046296296 0.477 0.580817050925926 0.46725 0.5790408518518518 0.46175 0.5710479583333333 0.4555 0.5652753101851852 0.4535 0.5501776203703703 0.4515 0.542628775462963 0.452 0.5368561273148148 0.45399999999999996 0.5328596805555555 0.45375000000000004 0.5261989351851851 0.45525 0.5230905856481481 0.45725000000000005 0.518650087962963 0.46499999999999997 0.5182060393518518 0.47100000000000003 0.5222024861111111 0.477 0.5301953819444445 0.482 0.5359680277777777 0.484
13 0.8792184722222223 0.5479999999999999 0.893872113425926 0.5475 0.9040852569444445 0.5445 0.9111900532407406 0.53975 0.9160745995370371 0.533 0.9151865 0.52825 0.9085257546296297 0.51975 0.9036412083333333 0.5175 0.8836589699074074 0.51425 0.8672291296296296 0.517 0.8583481342592593 0.52225 0.8556838356481481 0.527 0.8552397870370371 0.53325 0.8583481342592593 0.538 0.8694493773148148 0.5457500000000001 0.8792184722222223 0.5479999999999999
13 0.6585257546296297 0.54775 0.6709591481481482 0.547 0.6807282407407407 0.544 0.687833037037037 0.5395 0.6904973356481482 0.53025 0.6865008888888888 0.522 0.6816163402777777 0.5185 0.6651865 0.514 0.6509769097222221 0.5165 0.6412078148148148 0.51975 0.6354351689814814 0.52225 0.6323268217592592 0.526 0.6314387222222222 0.5325 0.6358792175925926 0.5395 0.646980462962963 0.5445 0.6585257546296297 0.54775
13 0.42850799305555554 0.545 0.4325044398148148 0.547 0.440053287037037 0.54725 0.456483125 0.54475 0.46492007175925926 0.5365 0.4658081712962963 0.532 0.4626998217592593 0.5225 0.4591474236111111 0.519 0.44937833101851854 0.5155 0.43960923611111113 0.51425 0.4320603912037037 0.515 0.4147424513888889 0.5217499999999999 0.41030195370370365 0.52725 0.41030195370370365 0.533 0.41429840046296296 0.53825 0.42140319675925925 0.544 0.42850799305555554 0.545
13 0.1989342800925926 0.545 0.20737122453703702 0.54725 0.22158081712962965 0.5485 0.23667850694444445 0.5479999999999999 0.24200710416666665 0.54675 0.2446714027777778 0.5407500000000001 0.24378330324074074 0.52625 0.24111900462962962 0.522 0.23401421064814815 0.517 0.22735346296296297 0.51475 0.21758437037037037 0.5135 0.206483125 0.51375 0.19449378240740742 0.51775 0.18783303703703705 0.5225 0.18605683796296296 0.52525 0.18561278935185185 0.53 0.19005328703703703 0.53825 0.19449378240740742 0.54275 0.1989342800925926 0.545
13 0.29884546990740746 0.599 0.30728241666666667 0.605 0.31527531018518523 0.6075 0.32815275231481483 0.6094999999999999 0.3423623449074074 0.608 0.35124334027777776 0.6045 0.35479573611111115 0.6005 0.35568383564814815 0.59275 0.35435168749999996 0.5845 0.3499111898148148 0.57975 0.3419182939814815 0.5775 0.3241563055555556 0.576 0.31660746064814815 0.5785 0.3077264652777778 0.57875 0.3001776203703703 0.5815 0.29795737037037034 0.585 0.29662522222222226 0.58475 0.29662522222222226 0.592 0.29884546990740746 0.599
13 0.5364120787037037 0.60675 0.5457371226851851 0.6082500000000001 0.5595026643518518 0.60725 0.5697158078703703 0.603 0.5737122546296296 0.599 0.5750444050925926 0.5905 0.5732682060185185 0.585 0.5683836597222223 0.58025 0.5630550625 0.578 0.5515097685185185 0.576 0.5386323263888889 0.5775 0.5297513310185186 0.5805 0.5244227361111111 0.5842499999999999 0.5222024861111111 0.588 0.5222024861111111 0.5954999999999999 0.5239786851851852 0.5994999999999999 0.5284191828703704 0.6034999999999999 0.5364120787037037 0.60675
13 0.7815275300925926 0.60875 0.789520425925926 0.60625 0.7939609236111111 0.603 0.7992895208333333 0.5954999999999999 0.7988454699074075 0.58875 0.7961811712962963 0.58375 0.7912966250000001 0.58075 0.7775310833333333 0.57625 0.770870337962963 0.57575 0.7548845462962963 0.57825 0.7468916527777778 0.583 0.7433392546296297 0.589 0.7446714027777778 0.6012500000000001 0.7548845462962963 0.60625 0.771314386574074 0.6090000000000001 0.7815275300925926 0.60875
13 0.668294849537037 0.67125 0.6771758425925926 0.6685 0.6869449375000001 0.6607500000000001 0.688277087962963 0.653 0.6856127893518519 0.6472500000000001 0.6780639421296297 0.6415 0.6718472476851851 0.64 0.6611900532407406 0.63825 0.6474245115740741 0.6402500000000001 0.6389875671296296 0.64325 0.6345470694444444 0.64625 0.6323268217592592 0.65 0.6327708703703704 0.6585 0.6385435162037036 0.6655 0.6576376550925926 0.6725 0.668294849537037 0.67125
13 0.41252220138888884 0.6615 0.4205150972222222 0.66675 0.42850799305555554 0.66925 0.4462699814814815 0.66975 0.45337477777777774 0.6685 0.4626998217592593 0.664 0.46714031944444445 0.6582499999999999 0.46714031944444445 0.65075 0.4618117222222222 0.64375 0.45426287731481485 0.63925 0.4422735347222222 0.63725 0.4293960925925926 0.638 0.42451154629629634 0.639 0.4147424513888889 0.6445 0.41119005324074076 0.644 0.4116341041666666 0.64625 0.4058614560185185 0.65075 0.40630550694444445 0.6542500000000001 0.41252220138888884 0.6615