11 0.795898 0.144531 0.741211 0.158203 0.696289 0.153320 0.213867 0.199219 0.187500 0.207031 0.169922 0.222656 0.161133 0.250977 0.210938 0.784180 0.231445 0.827148 0.260742 0.838867 0.732422 0.801758 0.757812 0.791016 0.831055 0.797852 0.850586 0.789062
13 0.706291 0.407490 0.704612 0.412656 0.700218 0.415849 0.694786 0.415849 0.690391 0.412656 0.688713 0.407490 0.690391 0.402324 0.694786 0.399131 0.700218 0.399131 0.704612 0.402324
13 0.718696 0.555983 0.717017 0.561150 0.712622 0.564342 0.707191 0.564342 0.702796 0.561150 0.701117 0.555983 0.702796 0.550817 0.707191 0.547625 0.712622 0.547625 0.717017 0.550817
13 0.626047 0.339533 0.624369 0.344699 0.619974 0.347892 0.614542 0.347892 0.610148 0.344699 0.608469 0.339533 0.610148 0.334367 0.614542 0.331174 0.619974 0.331174 0.624369 0.334367
13 0.638059 0.488228 0.636381 0.493394 0.631986 0.496587 0.626554 0.496587 0.622160 0.493394 0.620481 0.488228 0.622160 0.483062 0.626554 0.479869 0.631986 0.479869 0.636381 0.483062
13 0.649220 0.634922 0.647542 0.640088 0.643147 0.643281 0.637715 0.643281 0.633321 0.640088 0.631642 0.634922 0.633321 0.629756 0.637715 0.626563 0.643147 0.626563 0.647542 0.629756
13 0.545782 0.272410 0.544104 0.277576 0.539709 0.280769 0.534277 0.280769 0.529883 0.277576 0.528204 0.272410 0.529883 0.267244 0.534277 0.264051 0.539709 0.264051 0.544104 0.267244
13 0.557321 0.421244 0.555643 0.426410 0.551248 0.429603 0.545816 0.429603 0.541422 0.426410 0.539743 0.421244 0.541422 0.416078 0.545816 0.412885 0.551248 0.412885 0.555643 0.416078
13 0.572529 0.567723 0.570851 0.572889 0.566456 0.576082 0.561024 0.576082 0.556630 0.572889 0.554951 0.567723 0.556630 0.562557 0.561024 0.559364 0.566456 0.559364 0.570851 0.562557
13 0.584049 0.716301 0.582370 0.721467 0.577976 0.724660 0.572544 0.724660 0.568149 0.721467 0.566471 0.716301 0.568149 0.711135 0.572544 0.707942 0.577976 0.707942 0.582370 0.711135
13 0.477823 0.352922 0.476145 0.358088 0.471750 0.361281 0.466318 0.361281 0.461924 0.358088 0.460245 0.352922 0.461924 0.347756 0.466318 0.344563 0.471750 0.344563 0.476145 0.347756
13 0.493229 0.499517 0.491551 0.504684 0.487156 0.507876 0.481724 0.507876 0.477330 0.504684 0.475651 0.499517 0.477330 0.494351 0.481724 0.491159 0.487156 0.491159 0.491551 0.494351
13 0.504958 0.648220 0.503280 0.653386 0.498885 0.656579 0.493453 0.656579 0.489059 0.653386 0.487380 0.648220 0.489059 0.643054 0.493453 0.639861 0.498885 0.639861 0.503280 0.643054
13 0.398503 0.285940 0.396825 0.291106 0.392430 0.294299 0.386998 0.294299 0.382604 0.291106 0.380925 0.285940 0.382604 0.280774 0.386998 0.277581 0.392430 0.277581 0.396825 0.280774
13 0.411560 0.432870 0.409881 0.438037 0.405487 0.441229 0.400055 0.441229 0.395660 0.438037 0.393982 0.432870 0.395660 0.427704 0.400055 0.424512 0.405487 0.424512 0.409881 0.427704
13 0.424661 0.580302 0.422982 0.585468 0.418588 0.588661 0.413156 0.588661 0.408761 0.585468 0.407083 0.580302 0.408761 0.575136 0.413156 0.571943 0.418588 0.571943 0.422982 0.575136
13 0.436426 0.727059 0.434747 0.732225 0.430352 0.735418 0.424921 0.735418 0.420526 0.732225 0.418847 0.727059 0.420526 0.721893 0.424921 0.718700 0.430352 0.718700 0.434747 0.721893
13 0.330971 0.366944 0.329293 0.372110 0.324898 0.375303 0.319466 0.375303 0.315072 0.372110 0.313393 0.366944 0.315072 0.361778 0.319466 0.358585 0.324898 0.358585 0.329293 0.361778
13 0.344662 0.514986 0.342983 0.520152 0.338589 0.523345 0.333157 0.523345 0.328762 0.520152 0.327084 0.514986 0.328762 0.509820 0.333157 0.506627 0.338589 0.506627 0.342983 0.509820
13 0.357784 0.660477 0.356106 0.665643 0.351711 0.668836 0.346279 0.668836 0.341885 0.665643 0.340206 0.660477 0.341885 0.655311 0.346279 0.652118 0.351711 0.652118 0.356106 0.655311
13 0.265770 0.447075 0.264092 0.452241 0.259697 0.455434 0.254265 0.455434 0.249871 0.452241 0.248192 0.447075 0.249871 0.441909 0.254265 0.438716 0.259697 0.438716 0.264092 0.441909
13 0.276687 0.594166 0.275009 0.599332 0.270614 0.602525 0.265182 0.602525 0.260788 0.599332 0.259109 0.594166 0.260788 0.589000 0.265182 0.585807 0.270614 0.585807 0.275009 0.589000
2 0.779297 0.271484 0.776367 0.268555 0.770508 0.272461 0.748047 0.294922 0.752930 0.303711 0.752930 0.315430 0.748047 0.324219 0.734375 0.336914 0.731445 0.336914 0.725586 0.328125 0.716797 0.321289 0.691406 0.345703 0.705078 0.363281 0.674805 0.389648 0.662109 0.375000 0.658203 0.374023 0.634766 0.396484 0.648438 0.411133 0.648438 0.414062 0.635742 0.425781 0.624023 0.432617 0.613281 0.432617 0.600586 0.425781 0.578125 0.448242 0.596680 0.460938 0.608398 0.463867 0.625000 0.463867 0.647461 0.455078 0.670898 0.435547 0.684570 0.451172 0.690430 0.449219 0.710938 0.429688 0.696289 0.412109 0.726562 0.384766 0.740234 0.399414 0.743164 0.399414 0.754883 0.391602 0.769531 0.376953 0.753906 0.360352 0.778320 0.336914 0.788086 0.317383 0.789062 0.293945
0 0.774414 0.691406 0.763672 0.682617 0.743164 0.671875 0.732422 0.680664 0.724609 0.683594 0.715820 0.683594 0.697266 0.674805 0.706055 0.658203 0.705078 0.654297 0.677734 0.637695 0.673828 0.638672 0.663086 0.657227 0.630859 0.641602 0.611328 0.640625 0.602539 0.642578 0.585938 0.651367 0.576172 0.661133 0.559570 0.689453 0.550781 0.684570 0.537109 0.681641 0.526367 0.705078 0.530273 0.713867 0.543945 0.720703 0.534180 0.738281 0.525391 0.746094 0.516602 0.749023 0.505859 0.747070 0.500977 0.749023 0.491211 0.767578 0.491211 0.780273 0.500000 0.785156 0.512695 0.787109 0.525391 0.786133 0.540039 0.781250 0.559570 0.764648 0.575195 0.736328 0.604492 0.750977 0.613281 0.752930 0.634766 0.751953 0.652344 0.744141 0.663086 0.734375 0.673828 0.717773 0.678711 0.704102 0.682617 0.703125 0.711914 0.717773 0.733398 0.719727 0.757812 0.710938 0.770508 0.699219
5 0.058594 0.495117 0.062500 0.514648 0.079102 0.537109 0.100586 0.547852 0.135742 0.550781 0.136719 0.591797 0.144531 0.608398 0.152344 0.617188 0.163086 0.625000 0.178711 0.630859 0.211914 0.632812 0.211914 0.671875 0.217773 0.686523 0.232422 0.703125 0.253906 0.712891 0.274414 0.712891 0.294922 0.705078 0.312500 0.688477 0.323242 0.664062 0.323242 0.645508 0.315430 0.625977 0.304688 0.614258 0.289062 0.605469 0.249023 0.600586 0.250977 0.577148 0.249023 0.561523 0.242188 0.545898 0.231445 0.534180 0.208984 0.523438 0.176758 0.521484 0.174805 0.519531 0.176758 0.514648 0.175781 0.498047 0.138672 0.498047 0.136719 0.519531 0.120117 0.518555 0.110352 0.514648 0.102539 0.505859 0.098633 0.494141 0.060547 0.493164
9 0.470703 0.722656 0.457031 0.725586 0.446289 0.731445 0.435547 0.741211 0.428711 0.750977 0.420898 0.772461 0.420898 0.803711 0.395508 0.805664 0.380859 0.811523 0.370117 0.819336 0.354492 0.841797 0.349609 0.857422 0.349609 0.875000 0.351562 0.883789 0.362305 0.903320 0.373047 0.913086 0.383789 0.918945 0.393555 0.921875 0.413086 0.921875 0.427734 0.916992 0.436523 0.911133 0.448242 0.898438 0.457031 0.877930 0.458984 0.870117 0.458984 0.838867 0.474609 0.837891 0.478516 0.835938 0.480469 0.816406 0.477539 0.799805 0.460938 0.800781 0.457031 0.802734 0.454102 0.797852 0.453125 0.770508 0.455078 0.766602 0.459961 0.761719 0.471680 0.756836 0.473633 0.751953 0.473633 0.737305
4 0.398438 0.125977 0.394531 0.125000 0.386719 0.128906 0.375977 0.141602 0.375977 0.147461 0.379883 0.154297 0.379883 0.166992 0.376953 0.173828 0.353516 0.195312 0.336914 0.178711 0.322266 0.187500 0.317383 0.195312 0.317383 0.200195 0.330078 0.217773 0.297852 0.249023 0.281250 0.232422 0.270508 0.235352 0.261719 0.243164 0.258789 0.250977 0.273438 0.268555 0.271484 0.273438 0.246094 0.291016 0.237305 0.291992 0.224609 0.285156 0.218750 0.285156 0.204102 0.295898 0.202148 0.304688 0.213867 0.314453 0.241211 0.325195 0.255859 0.325195 0.271484 0.320312 0.298828 0.298828 0.321289 0.321289 0.343750 0.331055 0.364258 0.331055 0.386719 0.320312 0.395508 0.311523 0.404297 0.294922 0.406250 0.269531 0.397461 0.247070 0.378906 0.223633 0.403320 0.202148 0.414062 0.177734 0.413086 0.155273
6 0.668945 0.089844 0.653320 0.116211 0.649414 0.136719 0.654297 0.159180 0.667969 0.177734 0.688477 0.188477 0.718750 0.194336 0.714844 0.215820 0.722656 0.220703 0.743164 0.219727 0.750977 0.211914 0.751953 0.201172 0.756836 0.199219 0.778320 0.205078 0.788086 0.216797 0.790039 0.229492 0.795898 0.232422 0.813477 0.233398 0.827148 0.224609 0.827148 0.206055 0.817383 0.184570 0.796875 0.167969 0.757812 0.161133 0.764648 0.123047 0.785156 0.126953 0.802734 0.125000 0.814453 0.120117 0.827148 0.110352 0.842773 0.091797 0.848633 0.079102 0.849609 0.069336 0.837891 0.064453 0.825195 0.065430 0.817383 0.071289 0.809570 0.083984 0.799805 0.086914 0.769531 0.081055 0.772461 0.056641 0.766602 0.052734 0.754883 0.051758 0.748047 0.052734 0.741211 0.058594 0.734375 0.076172 0.710938 0.072266 0.699219 0.073242 0.682617 0.079102
7 0.845703 0.690430 0.832031 0.698242 0.816406 0.719727 0.813477 0.729492 0.813477 0.768555 0.801758 0.767578 0.790039 0.770508 0.790039 0.787109 0.794922 0.798828 0.801758 0.804688 0.816406 0.805664 0.818359 0.836914 0.820312 0.839844 0.819336 0.843750 0.794922 0.846680 0.795898 0.869141 0.806641 0.883789 0.821289 0.884766 0.824219 0.898438 0.832031 0.906250 0.838867 0.909180 0.853516 0.910156 0.861328 0.906250 0.861328 0.878906 0.867188 0.880859 0.892578 0.879883 0.895508 0.881836 0.897461 0.889648 0.909180 0.900391 0.921875 0.904297 0.935547 0.903320 0.939453 0.899414 0.935547 0.882812 0.924805 0.866211 0.914062 0.856445 0.887695 0.841797 0.858398 0.841797 0.854492 0.801758 0.879883 0.799805 0.881836 0.784180 0.876953 0.771484 0.864258 0.763672 0.854492 0.764648 0.852539 0.762695 0.852539 0.741211 0.860352 0.727539 0.875000 0.720703 0.876953 0.705078 0.873047 0.694336 0.864258 0.688477 0.856445 0.687500
1 0.061523 0.893555 0.058594 0.905273 0.058594 0.915039 0.061523 0.916992 0.071289 0.917969 0.087891 0.912109 0.099609 0.899414 0.100586 0.892578 0.107422 0.889648 0.135742 0.892578 0.134766 0.910156 0.136719 0.915039 0.152344 0.916992 0.166992 0.909180 0.174805 0.898438 0.175781 0.889648 0.204102 0.889648 0.208984 0.886719 0.211914 0.887695 0.212891 0.916992 0.215820 0.929688 0.221680 0.941406 0.232422 0.953125 0.250000 0.962891 0.264648 0.965820 0.270508 0.959961 0.276367 0.946289 0.277344 0.926758 0.275391 0.922852 0.260742 0.916992 0.252930 0.908203 0.250000 0.899414 0.250977 0.888672 0.264648 0.887695 0.271484 0.876953 0.274414 0.863281 0.272461 0.848633 0.246094 0.845703 0.248047 0.840820 0.246094 0.816406 0.239258 0.798828 0.227539 0.785156 0.205078 0.774414 0.181641 0.774414 0.158203 0.786133 0.141602 0.802734 0.134766 0.814453 0.130859 0.831055 0.130859 0.848633 0.112305 0.849609 0.092773 0.857422 0.071289 0.876953
3 0.082031 0.168945 0.078125 0.173828 0.079102 0.193359 0.084961 0.201172 0.099609 0.208984 0.103516 0.217773 0.103516 0.233398 0.100586 0.250000 0.078125 0.248047 0.074219 0.253906 0.073242 0.262695 0.078125 0.277344 0.089844 0.283203 0.100586 0.284180 0.098633 0.316406 0.100586 0.326172 0.098633 0.328125 0.060547 0.327148 0.036133 0.338867 0.026367 0.349609 0.019531 0.363281 0.017578 0.387695 0.024414 0.407227 0.039062 0.423828 0.058594 0.433594 0.086914 0.436523 0.111328 0.428711 0.126953 0.414062 0.135742 0.392578 0.136719 0.364258 0.138672 0.362305 0.161133 0.362305 0.164062 0.355469 0.161133 0.334961 0.151367 0.330078 0.138672 0.329102 0.139648 0.286133 0.164062 0.286133 0.167969 0.277344 0.167969 0.267578 0.161133 0.254883 0.154297 0.250977 0.142578 0.250000 0.142578 0.219727 0.135742 0.202148 0.128906 0.193359 0.108398 0.176758 0.091797 0.169922
10 0.578125 0.039062 0.557617 0.045898 0.540039 0.061523 0.530273 0.082031 0.525391 0.115234 0.508789 0.113281 0.501953 0.115234 0.500000 0.147461 0.501953 0.151367 0.521484 0.152344 0.517578 0.193359 0.515625 0.195312 0.494141 0.193359 0.491211 0.224609 0.494141 0.228516 0.513672 0.231445 0.511719 0.250977 0.516602 0.254883 0.539062 0.256836 0.541992 0.253906 0.544922 0.233398 0.559570 0.234375 0.578125 0.239258 0.584961 0.246094 0.589844 0.261719 0.613281 0.264648 0.618164 0.261719 0.619141 0.250000 0.615234 0.233398 0.607422 0.219727 0.598633 0.210938 0.584961 0.203125 0.547852 0.198242 0.553711 0.155273 0.588867 0.158203 0.606445 0.152344 0.625977 0.134766 0.632812 0.122070 0.636719 0.107422 0.636719 0.082031 0.625977 0.058594 0.605469 0.042969 0.591797 0.039062
8 0.819336 0.402344 0.816406 0.410156 0.817383 0.427734 0.819336 0.430664 0.833008 0.435547 0.839844 0.443359 0.843750 0.476562 0.841797 0.478516 0.819336 0.479492 0.816406 0.486328 0.816406 0.499023 0.821289 0.508789 0.843750 0.511719 0.841797 0.513672 0.841797 0.532227 0.848633 0.556641 0.861328 0.571289 0.877930 0.581055 0.894531 0.585938 0.918945 0.586914 0.918945 0.612305 0.928711 0.635742 0.939453 0.646484 0.956055 0.656250 0.969727 0.661133 0.983398 0.662109 0.987305 0.656250 0.985352 0.637695 0.981445 0.632812 0.967773 0.627930 0.959961 0.615234 0.960938 0.584961 0.985352 0.583984 0.989258 0.569336 0.983398 0.555664 0.960938 0.551758 0.960938 0.525391 0.952148 0.501953 0.942383 0.491211 0.927734 0.482422 0.908203 0.477539 0.880859 0.476562 0.879883 0.441406 0.875977 0.430664 0.867188 0.417969 0.859375 0.411133 0.842773 0.403320
