11 0.798828 0.138672 0.146484 0.212891 0.147461 0.234375 0.163086 0.265625 0.160156 0.309570 0.214844 0.784180 0.237305 0.819336 0.267578 0.828125 0.791992 0.791016 0.834961 0.769531 0.845703 0.740234 0.811523 0.254883 0.800781 0.231445 0.806641 0.166016
13 0.415943 0.305532 0.414265 0.310698 0.409870 0.313891 0.404438 0.313891 0.400044 0.310698 0.398365 0.305532 0.400044 0.300366 0.404438 0.297173 0.409870 0.297173 0.414265 0.300366
13 0.565108 0.290497 0.563429 0.295663 0.559034 0.298856 0.553602 0.298856 0.549208 0.295663 0.547529 0.290497 0.549208 0.285331 0.553602 0.282138 0.559034 0.282138 0.563429 0.285331
13 0.349755 0.386873 0.348076 0.392039 0.343681 0.395232 0.338250 0.395232 0.333855 0.392039 0.332176 0.386873 0.333855 0.381707 0.338250 0.378514 0.343681 0.378514 0.348076 0.381707
13 0.497123 0.373254 0.495444 0.378420 0.491050 0.381613 0.485618 0.381613 0.481223 0.378420 0.479545 0.373254 0.481223 0.368088 0.485618 0.364895 0.491050 0.364895 0.495444 0.368088
13 0.645713 0.360225 0.644035 0.365391 0.639640 0.368584 0.634208 0.368584 0.629814 0.365391 0.628135 0.360225 0.629814 0.355059 0.634208 0.351866 0.639640 0.351866 0.644035 0.355059
13 0.285483 0.466869 0.283804 0.472035 0.279410 0.475228 0.273978 0.475228 0.269583 0.472035 0.267905 0.466869 0.269583 0.461703 0.273978 0.458510 0.279410 0.458510 0.283804 0.461703
13 0.431054 0.454707 0.429375 0.459873 0.424981 0.463066 0.419549 0.463066 0.415154 0.459873 0.413475 0.454707 0.415154 0.449541 0.419549 0.446348 0.424981 0.446348 0.429375 0.449541
13 0.577436 0.438595 0.575757 0.443761 0.571363 0.446953 0.565931 0.446953 0.561536 0.443761 0.559858 0.438595 0.561536 0.433428 0.565931 0.430236 0.571363 0.430236 0.575757 0.433428
13 0.729227 0.425868 0.727548 0.431034 0.723154 0.434227 0.717722 0.434227 0.713327 0.431034 0.711649 0.425868 0.713327 0.420702 0.717722 0.417509 0.723154 0.417509 0.727548 0.420702
13 0.364766 0.533578 0.363087 0.538744 0.358693 0.541937 0.353261 0.541937 0.348866 0.538744 0.347188 0.533578 0.348866 0.528412 0.353261 0.525219 0.358693 0.525219 0.363087 0.528412
13 0.509299 0.518266 0.507620 0.523432 0.503226 0.526625 0.497794 0.526625 0.493399 0.523432 0.491721 0.518266 0.493399 0.513100 0.497794 0.509907 0.503226 0.509907 0.507620 0.513100
13 0.659169 0.506314 0.657490 0.511480 0.653096 0.514673 0.647664 0.514673 0.643269 0.511480 0.641591 0.506314 0.643269 0.501148 0.647664 0.497955 0.653096 0.497955 0.657490 0.501148
13 0.300869 0.610973 0.299191 0.616139 0.294796 0.619331 0.289364 0.619331 0.284970 0.616139 0.283291 0.610973 0.284970 0.605806 0.289364 0.602614 0.294796 0.602614 0.299191 0.605806
13 0.443860 0.598938 0.442182 0.604104 0.437787 0.607297 0.432355 0.607297 0.427961 0.604104 0.426282 0.598938 0.427961 0.593772 0.432355 0.590579 0.437787 0.590579 0.442182 0.593772
13 0.590463 0.586600 0.588784 0.591766 0.584390 0.594959 0.578958 0.594959 0.574563 0.591766 0.572885 0.586600 0.574563 0.581434 0.578958 0.578241 0.584390 0.578241 0.588784 0.581434
13 0.739599 0.575332 0.737920 0.580498 0.733526 0.583691 0.728094 0.583691 0.723699 0.580498 0.722021 0.575332 0.723699 0.570166 0.728094 0.566973 0.733526 0.566973 0.737920 0.570166
13 0.380198 0.677225 0.378520 0.682391 0.374125 0.685583 0.368693 0.685583 0.364299 0.682391 0.362620 0.677225 0.364299 0.672058 0.368693 0.668866 0.374125 0.668866 0.378520 0.672058
13 0.525497 0.665262 0.523818 0.670428 0.519424 0.673621 0.513992 0.673621 0.509597 0.670428 0.507919 0.665262 0.509597 0.660096 0.513992 0.656903 0.519424 0.656903 0.523818 0.660096
13 0.671406 0.653579 0.669728 0.658745 0.665333 0.661938 0.659901 0.661938 0.655507 0.658745 0.653828 0.653579 0.655507 0.648413 0.659901 0.645220 0.665333 0.645220 0.669728 0.648413
13 0.459041 0.741525 0.457363 0.746691 0.452968 0.749884 0.447536 0.749884 0.443142 0.746691 0.441463 0.741525 0.443142 0.736359 0.447536 0.733166 0.452968 0.733166 0.457363 0.736359
13 0.604619 0.732945 0.602940 0.738111 0.598545 0.741304 0.593114 0.741304 0.588719 0.738111 0.587040 0.732945 0.588719 0.727779 0.593114 0.724586 0.598545 0.724586 0.602940 0.727779
4 0.422852 0.842773 0.411133 0.819336 0.390625 0.804688 0.380859 0.801758 0.338867 0.804688 0.334961 0.773438 0.324219 0.753906 0.314453 0.745117 0.300781 0.738281 0.277344 0.736328 0.252930 0.746094 0.233398 0.764648 0.224609 0.787109 0.226562 0.822266 0.195312 0.831055 0.169922 0.851562 0.158203 0.875000 0.158203 0.896484 0.172852 0.895508 0.188477 0.888672 0.195312 0.881836 0.199219 0.866211 0.207031 0.862305 0.233398 0.859375 0.234375 0.880859 0.240234 0.884766 0.262695 0.878906 0.270508 0.871094 0.270508 0.852539 0.309570 0.846680 0.313477 0.871094 0.323242 0.872070 0.342773 0.865234 0.346680 0.858398 0.345703 0.840820 0.362305 0.837891 0.376953 0.839844 0.385742 0.846680 0.392578 0.859375 0.409180 0.858398 0.418945 0.854492
1 0.580078 0.392578 0.566406 0.380859 0.549805 0.403320 0.558594 0.421875 0.557617 0.430664 0.552734 0.440430 0.539062 0.457031 0.524414 0.446289 0.519531 0.446289 0.505859 0.465820 0.504883 0.470703 0.518555 0.479492 0.521484 0.484375 0.496094 0.519531 0.468750 0.501953 0.457031 0.498047 0.440430 0.497070 0.427734 0.500000 0.415039 0.506836 0.404297 0.516602 0.402344 0.523438 0.423828 0.538086 0.439453 0.529297 0.450195 0.529297 0.458984 0.533203 0.475586 0.544922 0.476562 0.547852 0.466797 0.560547 0.465820 0.566406 0.474609 0.575195 0.486328 0.582031 0.491211 0.581055 0.503906 0.564453 0.527344 0.581055 0.542969 0.586914 0.568359 0.585938 0.585938 0.577148 0.602539 0.557617 0.607422 0.541992 0.607422 0.525391 0.604492 0.514648 0.595703 0.499023 0.566406 0.474609 0.583008 0.451172 0.588867 0.435547 0.588867 0.413086
5 0.737305 0.280273 0.720703 0.293945 0.708984 0.317383 0.708008 0.335938 0.715820 0.358398 0.728516 0.372070 0.740234 0.378906 0.781250 0.384766 0.778320 0.416016 0.782227 0.431641 0.791016 0.446289 0.803711 0.457031 0.818359 0.462891 0.850586 0.465820 0.848633 0.501953 0.856445 0.521484 0.867188 0.533203 0.880859 0.541016 0.900391 0.545898 0.908203 0.544922 0.912109 0.538086 0.911133 0.520508 0.891602 0.506836 0.888672 0.500000 0.888672 0.479492 0.890625 0.467773 0.911133 0.468750 0.915039 0.465820 0.918945 0.447266 0.913086 0.438477 0.892578 0.436523 0.894531 0.404297 0.886719 0.380859 0.875000 0.367188 0.859375 0.358398 0.820312 0.353516 0.821289 0.311523 0.813477 0.293945 0.802734 0.282227 0.787109 0.273438 0.772461 0.270508 0.754883 0.272461
2 0.692383 0.645508 0.688477 0.647461 0.682617 0.672852 0.686523 0.678711 0.696289 0.685547 0.699219 0.692383 0.693359 0.722656 0.689453 0.724609 0.671875 0.718750 0.667969 0.719727 0.666016 0.723633 0.662109 0.749023 0.664062 0.752930 0.681641 0.758789 0.668945 0.798828 0.652344 0.791992 0.647461 0.791992 0.640625 0.816406 0.643555 0.828125 0.657227 0.832031 0.660156 0.835938 0.656250 0.848633 0.648438 0.859375 0.640625 0.863281 0.627930 0.863281 0.625977 0.865234 0.620117 0.887695 0.621094 0.900391 0.625000 0.903320 0.652344 0.902344 0.668945 0.893555 0.678711 0.883789 0.685547 0.872070 0.693359 0.843750 0.713867 0.849609 0.718750 0.848633 0.723633 0.836914 0.723633 0.818359 0.718750 0.811523 0.704102 0.806641 0.715820 0.768555 0.719727 0.768555 0.727539 0.772461 0.740234 0.774414 0.746094 0.759766 0.747070 0.750000 0.744141 0.742188 0.725586 0.734375 0.732422 0.709961 0.732422 0.694336 0.728516 0.680664 0.710938 0.656250
7 0.143555 0.357422 0.139648 0.371094 0.139648 0.386719 0.143555 0.400391 0.154297 0.416016 0.173828 0.434570 0.158203 0.452148 0.169922 0.463867 0.183594 0.472656 0.188477 0.473633 0.202148 0.458984 0.231445 0.485352 0.231445 0.488281 0.216797 0.501953 0.216797 0.505859 0.238281 0.523438 0.245117 0.524414 0.258789 0.509766 0.271484 0.521484 0.280273 0.521484 0.291992 0.510742 0.296875 0.501953 0.282227 0.488281 0.281250 0.485352 0.304688 0.461914 0.317383 0.459961 0.328125 0.464844 0.333008 0.463867 0.348633 0.445312 0.343750 0.438477 0.332031 0.431641 0.318359 0.427734 0.300781 0.427734 0.280273 0.435547 0.253906 0.461914 0.223633 0.434570 0.238281 0.419922 0.238281 0.416992 0.212891 0.395508 0.209961 0.395508 0.202148 0.403320 0.182617 0.374023 0.183594 0.368164 0.154297 0.343750
0 0.572266 0.068359 0.551758 0.069336 0.531250 0.079102 0.520508 0.089844 0.512695 0.103516 0.504883 0.135742 0.480469 0.130859 0.463867 0.130859 0.452148 0.133789 0.434570 0.144531 0.419922 0.166016 0.413086 0.198242 0.387695 0.193359 0.370117 0.193359 0.346680 0.203125 0.336914 0.211914 0.328125 0.226562 0.326172 0.236328 0.335938 0.247070 0.357422 0.250977 0.364258 0.240234 0.373047 0.233398 0.378906 0.231445 0.399414 0.233398 0.404297 0.235352 0.402344 0.250977 0.405273 0.256836 0.416016 0.262695 0.427734 0.264648 0.434570 0.261719 0.439453 0.240234 0.459961 0.245117 0.477539 0.246094 0.501953 0.237305 0.514648 0.225586 0.522461 0.211914 0.529297 0.180664 0.533203 0.178711 0.536133 0.181641 0.552734 0.183594 0.557617 0.161133 0.557617 0.145508 0.538086 0.140625 0.541016 0.125000 0.547852 0.116211 0.556641 0.111328 0.567383 0.110352 0.573242 0.082031
10 0.100586 0.108398 0.099609 0.119141 0.103516 0.132812 0.113281 0.141602 0.126953 0.143555 0.126953 0.165039 0.123047 0.173828 0.116211 0.180664 0.101562 0.185547 0.099609 0.190430 0.101562 0.210938 0.112305 0.219727 0.124023 0.219727 0.136719 0.215820 0.147461 0.208984 0.158203 0.197266 0.166016 0.173828 0.166992 0.143555 0.207031 0.147461 0.207031 0.173828 0.213867 0.193359 0.232422 0.213867 0.251953 0.224609 0.275391 0.226562 0.286133 0.223633 0.298828 0.216797 0.309570 0.206055 0.316406 0.193359 0.319336 0.182617 0.318359 0.161133 0.309570 0.140625 0.301758 0.129883 0.291992 0.121094 0.277344 0.113281 0.244141 0.109375 0.244141 0.094727 0.232422 0.083008 0.209961 0.082031 0.208008 0.083984 0.208008 0.101562 0.206055 0.109375 0.166992 0.105469 0.166992 0.091797 0.159180 0.083008 0.146484 0.078125 0.133789 0.077148 0.127930 0.081055 0.128906 0.104492 0.104492 0.103516
6 0.772461 0.086914 0.753906 0.108398 0.744141 0.132812 0.745117 0.154297 0.753906 0.172852 0.767578 0.185547 0.800781 0.200195 0.792969 0.217773 0.796875 0.225586 0.806641 0.229492 0.819336 0.229492 0.829102 0.220703 0.833008 0.210938 0.854492 0.219727 0.861328 0.226562 0.865234 0.235352 0.865234 0.249023 0.869141 0.252930 0.875977 0.255859 0.891602 0.256836 0.903320 0.248047 0.905273 0.240234 0.905273 0.222656 0.897461 0.202148 0.889648 0.192383 0.878906 0.184570 0.855469 0.174805 0.847656 0.174805 0.846680 0.171875 0.858398 0.141602 0.861328 0.140625 0.886719 0.149414 0.902344 0.149414 0.926758 0.139648 0.952148 0.114258 0.956055 0.107422 0.952148 0.097656 0.940430 0.093750 0.930664 0.094727 0.913086 0.109375 0.902344 0.109375 0.877930 0.100586 0.874023 0.097656 0.879883 0.085938 0.881836 0.074219 0.870117 0.066406 0.855469 0.067383 0.841797 0.086914 0.819336 0.078125 0.803711 0.076172 0.785156 0.080078
9 0.440430 0.715820 0.437500 0.717773 0.437500 0.741211 0.439453 0.750977 0.450195 0.753906 0.458008 0.760742 0.460938 0.766602 0.461914 0.788086 0.459961 0.792969 0.438477 0.793945 0.438477 0.826172 0.440430 0.831055 0.461914 0.830078 0.461914 0.851562 0.464844 0.869141 0.473633 0.886719 0.485352 0.898438 0.496094 0.904297 0.514648 0.908203 0.530273 0.906250 0.543945 0.900391 0.557617 0.888672 0.568359 0.870117 0.571289 0.846680 0.564453 0.823242 0.556641 0.810547 0.548828 0.802734 0.534180 0.793945 0.522461 0.791016 0.492188 0.791016 0.491211 0.761719 0.486328 0.747070 0.480469 0.737305 0.465820 0.723633 0.452148 0.717773
8 0.061523 0.568359 0.071289 0.592773 0.088867 0.608398 0.112305 0.615234 0.146484 0.613281 0.150391 0.646484 0.160156 0.666016 0.174805 0.678711 0.194336 0.685547 0.233398 0.683594 0.236328 0.707031 0.265625 0.703125 0.270508 0.696289 0.268555 0.678711 0.288086 0.676758 0.299805 0.678711 0.310547 0.687500 0.315430 0.698242 0.332031 0.698242 0.340820 0.696289 0.346680 0.691406 0.339844 0.668945 0.331055 0.658203 0.320312 0.650391 0.300781 0.644531 0.264648 0.645508 0.263672 0.622070 0.259766 0.607422 0.252930 0.595703 0.244141 0.586914 0.219727 0.576172 0.180664 0.577148 0.178711 0.555664 0.142578 0.559570 0.142578 0.582031 0.122070 0.583984 0.112305 0.580078 0.105469 0.573242 0.101562 0.563477
3 0.653320 0.027344 0.647461 0.027344 0.641602 0.052734 0.642578 0.069336 0.653320 0.073242 0.661133 0.081055 0.664062 0.088867 0.664062 0.100586 0.662109 0.107422 0.643555 0.106445 0.637695 0.129883 0.638672 0.145508 0.662109 0.147461 0.658203 0.185547 0.624023 0.185547 0.601562 0.196289 0.590820 0.208008 0.583984 0.220703 0.579102 0.243164 0.582031 0.262695 0.591797 0.280273 0.604492 0.291016 0.623047 0.297852 0.633789 0.298828 0.649414 0.295898 0.671875 0.281250 0.685547 0.260742 0.689453 0.247070 0.691406 0.223633 0.708008 0.225586 0.714844 0.216797 0.717773 0.202148 0.716797 0.188477 0.692383 0.186523 0.695312 0.148438 0.713867 0.147461 0.718750 0.138672 0.721680 0.124023 0.720703 0.109375 0.703125 0.108398 0.698242 0.110352 0.696289 0.108398 0.697266 0.072266 0.691406 0.054688 0.677734 0.038086
