11 0.204102 0.167969 0.187500 0.188477 0.181641 0.214844 0.155273 0.693359 0.161133 0.755859 0.152344 0.808594 0.789062 0.833984 0.799805 0.813477 0.790039 0.741211 0.799805 0.719727 0.829102 0.259766 0.819336 0.224609 0.778320 0.202148 0.231445 0.157227
13 0.567979 0.705195 0.566300 0.710361 0.561906 0.713554 0.556474 0.713554 0.552079 0.710361 0.550401 0.705195 0.552079 0.700029 0.556474 0.696836 0.561906 0.696836 0.566300 0.700029
13 0.420662 0.698622 0.418983 0.703788 0.414589 0.706981 0.409157 0.706981 0.404762 0.703788 0.403084 0.698622 0.404762 0.693456 0.409157 0.690263 0.414589 0.690263 0.418983 0.693456
13 0.645048 0.636163 0.643370 0.641329 0.638975 0.644522 0.633543 0.644522 0.629149 0.641329 0.627470 0.636163 0.629149 0.630997 0.633543 0.627804 0.638975 0.627804 0.643370 0.630997
13 0.499140 0.628313 0.497462 0.633479 0.493067 0.636672 0.487635 0.636672 0.483241 0.633479 0.481562 0.628313 0.483241 0.623147 0.487635 0.619954 0.493067 0.619954 0.497462 0.623147
13 0.351553 0.619683 0.349874 0.624849 0.345480 0.628042 0.340048 0.628042 0.335653 0.624849 0.333974 0.619683 0.335653 0.614517 0.340048 0.611324 0.345480 0.611324 0.349874 0.614517
13 0.720758 0.567510 0.719079 0.572676 0.714685 0.575869 0.709253 0.575869 0.704858 0.572676 0.703179 0.567510 0.704858 0.562344 0.709253 0.559151 0.714685 0.559151 0.719079 0.562344
13 0.576297 0.558324 0.574619 0.563490 0.570224 0.566683 0.564792 0.566683 0.560398 0.563490 0.558719 0.558324 0.560398 0.553158 0.564792 0.549965 0.570224 0.549965 0.574619 0.553158
13 0.429885 0.552866 0.428207 0.558032 0.423812 0.561225 0.418380 0.561225 0.413986 0.558032 0.412307 0.552866 0.413986 0.547700 0.418380 0.544508 0.423812 0.544508 0.428207 0.547700
13 0.278064 0.543264 0.276385 0.548430 0.271991 0.551623 0.266559 0.551623 0.262164 0.548430 0.260486 0.543264 0.262164 0.538098 0.266559 0.534905 0.271991 0.534905 0.276385 0.538098
13 0.653993 0.490250 0.652315 0.495416 0.647920 0.498609 0.642488 0.498609 0.638094 0.495416 0.636415 0.490250 0.638094 0.485084 0.642488 0.481891 0.647920 0.481891 0.652315 0.485084
13 0.508989 0.484129 0.507310 0.489295 0.502916 0.492487 0.497484 0.492487 0.493089 0.489295 0.491411 0.484129 0.493089 0.478963 0.497484 0.475770 0.502916 0.475770 0.507310 0.478963
13 0.358644 0.473850 0.356966 0.479016 0.352571 0.482209 0.347139 0.482209 0.342745 0.479016 0.341066 0.473850 0.342745 0.468684 0.347139 0.465491 0.352571 0.465491 0.356966 0.468684
13 0.729800 0.422667 0.728121 0.427833 0.723727 0.431026 0.718295 0.431026 0.713900 0.427833 0.712222 0.422667 0.713900 0.417501 0.718295 0.414308 0.723727 0.414308 0.728121 0.417501
13 0.586313 0.413342 0.584634 0.418508 0.580239 0.421701 0.574808 0.421701 0.570413 0.418508 0.568734 0.413342 0.570413 0.408176 0.574808 0.404983 0.580239 0.404983 0.584634 0.408176
13 0.438611 0.403743 0.436932 0.408909 0.432538 0.412102 0.427106 0.412102 0.422711 0.408909 0.421033 0.403743 0.422711 0.398577 0.427106 0.395384 0.432538 0.395384 0.436932 0.398577
13 0.287915 0.392643 0.286236 0.397809 0.281842 0.401002 0.276410 0.401002 0.272015 0.397809 0.270337 0.392643 0.272015 0.387477 0.276410 0.384284 0.281842 0.384284 0.286236 0.387477
13 0.662221 0.344019 0.660542 0.349185 0.656148 0.352378 0.650716 0.352378 0.646321 0.349185 0.644643 0.344019 0.646321 0.338853 0.650716 0.335660 0.656148 0.335660 0.660542 0.338853
13 0.515344 0.334051 0.513665 0.339217 0.509271 0.342410 0.503839 0.342410 0.499444 0.339217 0.497766 0.334051 0.499444 0.328885 0.503839 0.325692 0.509271 0.325692 0.513665 0.328885
13 0.367291 0.323663 0.365613 0.328829 0.361218 0.332022 0.355786 0.332022 0.351392 0.328829 0.349713 0.323663 0.351392 0.318497 0.355786 0.315304 0.361218 0.315304 0.365613 0.318497
13 0.593909 0.266394 0.592230 0.271560 0.587836 0.274753 0.582404 0.274753 0.578009 0.271560 0.576331 0.266394 0.578009 0.261228 0.582404 0.258035 0.587836 0.258035 0.592230 0.261228
13 0.446153 0.252678 0.444474 0.257844 0.440080 0.261036 0.434648 0.261036 0.430253 0.257844 0.428575 0.252678 0.430253 0.247511 0.434648 0.244319 0.440080 0.244319 0.444474 0.247511
5 0.235352 0.203125 0.228516 0.213867 0.223633 0.229492 0.223633 0.247070 0.230469 0.266602 0.245117 0.283203 0.257812 0.291016 0.274414 0.296875 0.297852 0.298828 0.296875 0.329102 0.304688 0.350586 0.316406 0.364258 0.342773 0.376953 0.371094 0.379883 0.370117 0.399414 0.375000 0.402344 0.404297 0.402344 0.404297 0.382812 0.416016 0.380859 0.437500 0.384766 0.444336 0.391602 0.450195 0.406250 0.477539 0.408203 0.480469 0.406250 0.475586 0.383789 0.458984 0.362305 0.440430 0.352539 0.406250 0.348633 0.408203 0.327148 0.406250 0.310547 0.399414 0.294922 0.384766 0.279297 0.363281 0.268555 0.333984 0.265625 0.335938 0.238281 0.332031 0.223633 0.321289 0.206055 0.309570 0.195312 0.290039 0.185547 0.266602 0.184570 0.249023 0.191406
2 0.910156 0.447266 0.879883 0.450195 0.859375 0.460938 0.844727 0.480469 0.835938 0.515625 0.815430 0.512695 0.809570 0.523438 0.809570 0.540039 0.832031 0.545898 0.826172 0.590820 0.800781 0.589844 0.795898 0.607422 0.796875 0.615234 0.801758 0.619141 0.821289 0.624023 0.818359 0.628906 0.815430 0.658203 0.819336 0.672852 0.826172 0.684570 0.846680 0.702148 0.865234 0.709961 0.871094 0.708008 0.875000 0.690430 0.873047 0.681641 0.862305 0.675781 0.855469 0.667969 0.853516 0.651367 0.858398 0.628906 0.881836 0.631836 0.887695 0.617188 0.885742 0.603516 0.863281 0.597656 0.869141 0.552734 0.893555 0.554688 0.899414 0.546875 0.901367 0.538086 0.899414 0.526367 0.877930 0.522461 0.875000 0.517578 0.882812 0.488281 0.890625 0.480469 0.905273 0.477539 0.910156 0.473633 0.914062 0.459961 0.914062 0.451172
4 0.506836 0.469727 0.484375 0.473633 0.462891 0.490234 0.452148 0.513672 0.450195 0.542969 0.419922 0.542969 0.398438 0.549805 0.386719 0.558594 0.377930 0.569336 0.372070 0.581055 0.369141 0.594727 0.373047 0.620117 0.379883 0.631836 0.390625 0.642578 0.412109 0.652344 0.443359 0.653320 0.445312 0.655273 0.444336 0.686523 0.452148 0.708984 0.469727 0.726562 0.492188 0.734375 0.495117 0.733398 0.496094 0.699219 0.485352 0.695312 0.477539 0.687500 0.474609 0.679688 0.476562 0.655273 0.499023 0.655273 0.499023 0.623047 0.477539 0.621094 0.478516 0.583008 0.480469 0.577148 0.501953 0.578125 0.503906 0.557617 0.502930 0.546875 0.482422 0.545898 0.480469 0.543945 0.481445 0.522461 0.484375 0.512695 0.491211 0.504883 0.505859 0.500000
1 0.137695 0.576172 0.120117 0.583008 0.119141 0.587891 0.125000 0.599609 0.134766 0.608398 0.152344 0.605469 0.162109 0.609375 0.182617 0.636719 0.163086 0.650391 0.164062 0.658203 0.169922 0.667969 0.179688 0.674805 0.199219 0.663086 0.224609 0.699219 0.224609 0.703125 0.202148 0.717773 0.191406 0.728516 0.181641 0.746094 0.178711 0.768555 0.182617 0.784180 0.188477 0.791992 0.217773 0.769531 0.214844 0.758789 0.215820 0.750000 0.218750 0.744141 0.243164 0.728516 0.252930 0.745117 0.256836 0.747070 0.280273 0.731445 0.283203 0.723633 0.273438 0.708008 0.294922 0.693359 0.310547 0.673828 0.316406 0.655273 0.315430 0.637695 0.304688 0.615234 0.297852 0.608398 0.282227 0.599609 0.270508 0.596680 0.248047 0.598633 0.212891 0.617188 0.197266 0.592773 0.184570 0.582031 0.159180 0.574219
0 0.508789 0.219727 0.509766 0.230469 0.520508 0.242188 0.543945 0.252930 0.569336 0.251953 0.600586 0.236328 0.621094 0.269531 0.631836 0.277344 0.647461 0.283203 0.663086 0.284180 0.676758 0.281250 0.705078 0.266602 0.720703 0.294922 0.734375 0.306641 0.748047 0.312500 0.757812 0.314453 0.778320 0.312500 0.787109 0.308594 0.794922 0.300781 0.793945 0.290039 0.787109 0.279297 0.783203 0.276367 0.769531 0.278320 0.758789 0.275391 0.749023 0.266602 0.741211 0.253906 0.740234 0.247070 0.747070 0.244141 0.755859 0.233398 0.755859 0.227539 0.750000 0.213867 0.740234 0.208984 0.721680 0.218750 0.705078 0.191406 0.694336 0.180664 0.675781 0.171875 0.648438 0.171875 0.615234 0.188477 0.604492 0.169922 0.596680 0.167969 0.585938 0.173828 0.577148 0.183594 0.576172 0.194336 0.581055 0.206055 0.566406 0.213867 0.552734 0.215820 0.543945 0.212891 0.534180 0.204102 0.528320 0.204102 0.516602 0.209961
7 0.669922 0.512695 0.666992 0.512695 0.655273 0.532227 0.653320 0.557617 0.659180 0.575195 0.684570 0.604492 0.650391 0.635742 0.635742 0.621094 0.627930 0.624023 0.614258 0.639648 0.621094 0.654297 0.590820 0.670898 0.576172 0.674805 0.561523 0.689453 0.559570 0.693359 0.560547 0.700195 0.574219 0.709961 0.591797 0.714844 0.616211 0.711914 0.630859 0.704102 0.651367 0.683594 0.667969 0.698242 0.671875 0.699219 0.684570 0.689453 0.690430 0.679688 0.687500 0.672852 0.675781 0.660156 0.709961 0.628906 0.725586 0.644531 0.735352 0.640625 0.747070 0.626953 0.747070 0.623047 0.732422 0.608398 0.747070 0.592773 0.747070 0.588867 0.723633 0.567383 0.706055 0.582031 0.686523 0.559570 0.685547 0.546875 0.691406 0.533203
6 0.860352 0.849609 0.840820 0.832031 0.826172 0.824219 0.812500 0.821289 0.792969 0.821289 0.792969 0.807617 0.779297 0.797852 0.760742 0.796875 0.755859 0.799805 0.755859 0.823242 0.732422 0.824219 0.720703 0.821289 0.714844 0.808594 0.707031 0.800781 0.698242 0.798828 0.681641 0.800781 0.679688 0.805664 0.684570 0.823242 0.692383 0.835938 0.706055 0.850586 0.729492 0.861328 0.756836 0.862305 0.757812 0.893555 0.756836 0.902344 0.750977 0.900391 0.722656 0.902344 0.700195 0.914062 0.689453 0.927734 0.684570 0.939453 0.682617 0.956055 0.685547 0.961914 0.693359 0.969727 0.711914 0.971680 0.717773 0.968750 0.719727 0.958984 0.728516 0.947266 0.738281 0.942383 0.747070 0.941406 0.758789 0.942383 0.758789 0.953125 0.767578 0.964844 0.778320 0.968750 0.791016 0.968750 0.795898 0.965820 0.793945 0.941406 0.836914 0.936523 0.852539 0.927734 0.864258 0.914062 0.871094 0.897461 0.872070 0.879883 0.869141 0.866211
9 0.636719 0.862305 0.625977 0.838867 0.609375 0.823242 0.591797 0.816406 0.580078 0.815430 0.567383 0.817383 0.551758 0.825195 0.539062 0.837891 0.533203 0.848633 0.524414 0.878906 0.493164 0.870117 0.483398 0.870117 0.467773 0.874023 0.455078 0.881836 0.447266 0.889648 0.438477 0.905273 0.436523 0.919922 0.446289 0.926758 0.460938 0.928711 0.473633 0.914062 0.482422 0.910156 0.493164 0.910156 0.511719 0.915039 0.514648 0.919922 0.511719 0.927734 0.512695 0.940430 0.520508 0.946289 0.529297 0.949219 0.540039 0.948242 0.546875 0.924805 0.579102 0.933594 0.596680 0.932617 0.617188 0.922852 0.631836 0.906250 0.638672 0.883789
8 0.208008 0.169922 0.182617 0.173828 0.163086 0.188477 0.152344 0.209961 0.151367 0.242188 0.149414 0.244141 0.115234 0.241211 0.091797 0.248047 0.079102 0.257812 0.069336 0.272461 0.065430 0.285156 0.064453 0.315430 0.041016 0.313477 0.037109 0.316406 0.034180 0.333984 0.036133 0.340820 0.043945 0.345703 0.057617 0.346680 0.063477 0.349609 0.060547 0.355469 0.059570 0.375000 0.055664 0.382812 0.049805 0.388672 0.032227 0.395508 0.029297 0.414062 0.034180 0.422852 0.060547 0.421875 0.083008 0.410156 0.092773 0.398438 0.097656 0.387695 0.102539 0.350586 0.135742 0.353516 0.159180 0.345703 0.167969 0.338867 0.178711 0.323242 0.182617 0.310547 0.185547 0.281250 0.208984 0.282227 0.210938 0.275391 0.209961 0.255859 0.202148 0.249023 0.186523 0.246094 0.188477 0.224609 0.191406 0.217773 0.199219 0.209961 0.213867 0.206055 0.215820 0.201172 0.215820 0.179688
3 0.120117 0.902344 0.123047 0.917969 0.137695 0.939453 0.156250 0.950195 0.181641 0.952148 0.205078 0.943359 0.223633 0.924805 0.234375 0.903320 0.238281 0.873047 0.282227 0.873047 0.281250 0.895508 0.290039 0.901367 0.301758 0.901367 0.311523 0.896484 0.316406 0.872070 0.346680 0.875977 0.357422 0.885742 0.361328 0.898438 0.370117 0.902344 0.388672 0.899414 0.391602 0.884766 0.384766 0.861328 0.368164 0.843750 0.346680 0.835938 0.316406 0.834961 0.316406 0.811523 0.314453 0.810547 0.290039 0.811523 0.285156 0.818359 0.283203 0.834961 0.246094 0.833984 0.241211 0.835938 0.239258 0.833984 0.240234 0.811523 0.224609 0.807617 0.213867 0.809570 0.207031 0.815430 0.203125 0.833984 0.170898 0.834961 0.149414 0.845703 0.135742 0.859375 0.125000 0.875977
10 0.951172 0.118164 0.927734 0.121094 0.915039 0.131836 0.911133 0.142578 0.901367 0.144531 0.875977 0.142578 0.876953 0.117188 0.872070 0.115234 0.854492 0.116211 0.846680 0.120117 0.838867 0.128906 0.836914 0.141602 0.824219 0.141602 0.813477 0.154297 0.812500 0.178711 0.836914 0.179688 0.835938 0.216797 0.833984 0.220703 0.821289 0.220703 0.811523 0.229492 0.808594 0.250977 0.812500 0.256836 0.833984 0.256836 0.833008 0.289062 0.835938 0.301758 0.846680 0.319336 0.867188 0.333008 0.891602 0.335938 0.915039 0.329102 0.933594 0.317383 0.947266 0.296875 0.951172 0.271484 0.947266 0.255859 0.941406 0.245117 0.929688 0.233398 0.916992 0.226562 0.895508 0.222656 0.878906 0.223633 0.874023 0.222656 0.876953 0.181641 0.905273 0.180664 0.918945 0.174805 0.935547 0.163086 0.946289 0.151367 0.953125 0.138672 0.957031 0.122070
