11 0.177734 0.170898 0.171875 0.185547 0.179688 0.264648 0.170898 0.281250 0.165039 0.775391 0.179688 0.808594 0.203125 0.824219 0.767578 0.816406 0.795898 0.804688 0.817383 0.768555 0.813477 0.293945 0.805664 0.279297 0.805664 0.241211 0.817383 0.208008 0.813477 0.190430
13 0.436097 0.297988 0.434418 0.303154 0.430024 0.306347 0.424592 0.306347 0.420197 0.303154 0.418519 0.297988 0.420197 0.292822 0.424592 0.289629 0.430024 0.289629 0.434418 0.292822
13 0.582872 0.300313 0.581193 0.305479 0.576799 0.308672 0.571367 0.308672 0.566972 0.305479 0.565293 0.300313 0.566972 0.295147 0.571367 0.291954 0.576799 0.291954 0.581193 0.295147
13 0.361158 0.370138 0.359480 0.375304 0.355085 0.378496 0.349653 0.378496 0.345259 0.375304 0.343580 0.370138 0.345259 0.364971 0.349653 0.361779 0.355085 0.361779 0.359480 0.364971
13 0.509696 0.372384 0.508017 0.377550 0.503623 0.380742 0.498191 0.380742 0.493796 0.377550 0.492118 0.372384 0.493796 0.367217 0.498191 0.364025 0.503623 0.364025 0.508017 0.367217
13 0.654181 0.375240 0.652503 0.380406 0.648108 0.383599 0.642676 0.383599 0.638282 0.380406 0.636603 0.375240 0.638282 0.370074 0.642676 0.366881 0.648108 0.366881 0.652503 0.370074
13 0.285941 0.443462 0.284263 0.448628 0.279868 0.451821 0.274436 0.451821 0.270042 0.448628 0.268363 0.443462 0.270042 0.438296 0.274436 0.435103 0.279868 0.435103 0.284263 0.438296
13 0.436193 0.445696 0.434514 0.450862 0.430120 0.454055 0.424688 0.454055 0.420293 0.450862 0.418615 0.445696 0.420293 0.440530 0.424688 0.437337 0.430120 0.437337 0.434514 0.440530
13 0.582360 0.444074 0.580682 0.449240 0.576287 0.452433 0.570855 0.452433 0.566461 0.449240 0.564782 0.444074 0.566461 0.438908 0.570855 0.435715 0.576287 0.435715 0.580682 0.438908
13 0.728258 0.446268 0.726580 0.451434 0.722185 0.454627 0.716753 0.454627 0.712359 0.451434 0.710680 0.446268 0.712359 0.441102 0.716753 0.437909 0.722185 0.437909 0.726580 0.441102
13 0.360368 0.518738 0.358689 0.523904 0.354294 0.527097 0.348862 0.527097 0.344468 0.523904 0.342789 0.518738 0.344468 0.513572 0.348862 0.510379 0.354294 0.510379 0.358689 0.513572
13 0.508282 0.516402 0.506603 0.521568 0.502209 0.524761 0.496777 0.524761 0.492382 0.521568 0.490704 0.516402 0.492382 0.511236 0.496777 0.508043 0.502209 0.508043 0.506603 0.511236
13 0.655896 0.517918 0.654218 0.523084 0.649823 0.526277 0.644391 0.526277 0.639997 0.523084 0.638318 0.517918 0.639997 0.512752 0.644391 0.509559 0.649823 0.509559 0.654218 0.512752
13 0.284787 0.592810 0.283108 0.597976 0.278713 0.601169 0.273282 0.601169 0.268887 0.597976 0.267208 0.592810 0.268887 0.587644 0.273282 0.584451 0.278713 0.584451 0.283108 0.587644
13 0.434450 0.592323 0.432771 0.597490 0.428377 0.600682 0.422945 0.600682 0.418550 0.597490 0.416872 0.592323 0.418550 0.587157 0.422945 0.583965 0.428377 0.583965 0.432771 0.587157
13 0.582531 0.591842 0.580852 0.597008 0.576457 0.600201 0.571026 0.600201 0.566631 0.597008 0.564952 0.591842 0.566631 0.586676 0.571026 0.583483 0.576457 0.583483 0.580852 0.586676
13 0.727801 0.592637 0.726123 0.597803 0.721728 0.600996 0.716296 0.600996 0.711902 0.597803 0.710223 0.592637 0.711902 0.587471 0.716296 0.584278 0.721728 0.584278 0.726123 0.587471
13 0.360338 0.668350 0.358660 0.673516 0.354265 0.676709 0.348833 0.676709 0.344439 0.673516 0.342760 0.668350 0.344439 0.663184 0.348833 0.659991 0.354265 0.659991 0.358660 0.663184
13 0.510699 0.666785 0.509020 0.671951 0.504626 0.675144 0.499194 0.675144 0.494799 0.671951 0.493121 0.666785 0.494799 0.661619 0.499194 0.658426 0.504626 0.658426 0.509020 0.661619
13 0.656380 0.665602 0.654701 0.670768 0.650306 0.673961 0.644875 0.673961 0.640480 0.670768 0.638801 0.665602 0.640480 0.660436 0.644875 0.657243 0.650306 0.657243 0.654701 0.660436
13 0.435284 0.741494 0.433605 0.746660 0.429210 0.749853 0.423779 0.749853 0.419384 0.746660 0.417705 0.741494 0.419384 0.736328 0.423779 0.733135 0.429210 0.733135 0.433605 0.736328
13 0.583977 0.742153 0.582299 0.747319 0.577904 0.750511 0.572472 0.750511 0.568078 0.747319 0.566399 0.742153 0.568078 0.736986 0.572472 0.733794 0.577904 0.733794 0.582299 0.736986
2 0.958984 0.537109 0.930664 0.535156 0.913086 0.539062 0.898438 0.547852 0.890625 0.556641 0.876953 0.590820 0.862305 0.585938 0.856445 0.585938 0.851562 0.589844 0.845703 0.601562 0.845703 0.611328 0.866211 0.620117 0.867188 0.623047 0.855469 0.657227 0.854492 0.666016 0.832031 0.659180 0.826172 0.665039 0.822266 0.674805 0.822266 0.684570 0.825195 0.687500 0.842773 0.693359 0.845703 0.697266 0.840820 0.703125 0.834961 0.722656 0.834961 0.742188 0.838867 0.755859 0.855469 0.777344 0.879883 0.791016 0.884766 0.789062 0.891602 0.776367 0.890625 0.763672 0.878906 0.753906 0.875000 0.745117 0.875000 0.734375 0.881836 0.711914 0.884766 0.708008 0.905273 0.714844 0.912109 0.708984 0.916016 0.698242 0.913086 0.686523 0.893555 0.679688 0.905273 0.640625 0.905273 0.633789 0.928711 0.639648 0.936523 0.631836 0.939453 0.624023 0.939453 0.615234 0.936523 0.611328 0.917969 0.605469 0.915039 0.600586 0.918945 0.596680 0.926758 0.574219 0.938477 0.565430 0.952148 0.565430 0.959961 0.557617 0.962891 0.549805 0.961914 0.539062
5 0.847656 0.284180 0.842773 0.278320 0.829102 0.272461 0.823242 0.272461 0.809570 0.282227 0.798828 0.282227 0.776367 0.269531 0.771484 0.263672 0.782227 0.245117 0.770508 0.233398 0.755859 0.232422 0.742188 0.248047 0.715820 0.232422 0.691406 0.229492 0.678711 0.232422 0.662109 0.242188 0.647461 0.259766 0.640625 0.272461 0.637695 0.273438 0.618164 0.260742 0.598633 0.253906 0.582031 0.253906 0.564453 0.259766 0.549805 0.271484 0.541016 0.285156 0.535156 0.302734 0.534180 0.314453 0.539062 0.334961 0.552734 0.353516 0.575195 0.365234 0.594727 0.366211 0.609375 0.362305 0.622070 0.354492 0.632812 0.343750 0.645508 0.323242 0.649414 0.323242 0.664062 0.333984 0.680664 0.340820 0.704102 0.340820 0.730469 0.327148 0.751953 0.299805 0.773438 0.313477 0.786133 0.317383 0.803711 0.317383 0.814453 0.314453 0.836914 0.300781 0.846680 0.290039
0 0.746094 0.595703 0.733398 0.595703 0.718750 0.600586 0.700195 0.616211 0.690430 0.640625 0.689453 0.671875 0.650391 0.673828 0.634766 0.681641 0.624023 0.692383 0.615234 0.710938 0.614258 0.747070 0.612305 0.749023 0.576172 0.750000 0.560547 0.756836 0.547852 0.768555 0.537109 0.791992 0.538086 0.807617 0.544922 0.809570 0.566406 0.807617 0.572266 0.792969 0.585938 0.784180 0.614258 0.785156 0.616211 0.807617 0.625977 0.810547 0.644531 0.809570 0.646484 0.807617 0.645508 0.786133 0.647461 0.784180 0.685547 0.783203 0.701172 0.776367 0.713867 0.764648 0.724609 0.741211 0.725586 0.705078 0.748047 0.705078 0.750977 0.698242 0.749023 0.676758 0.740234 0.671875 0.724609 0.672852 0.726562 0.639648 0.733398 0.630859 0.749023 0.624023 0.750000 0.604492
6 0.415039 0.199219 0.405273 0.203125 0.392578 0.215820 0.396484 0.229492 0.394531 0.244141 0.370117 0.266602 0.351562 0.250000 0.344727 0.252930 0.333008 0.263672 0.331055 0.269531 0.344727 0.287109 0.320312 0.307617 0.309570 0.326172 0.306641 0.345703 0.314453 0.372070 0.328125 0.387695 0.345703 0.397461 0.358398 0.400391 0.379883 0.398438 0.395508 0.390625 0.416016 0.374023 0.431641 0.390625 0.453125 0.371094 0.439453 0.354492 0.465820 0.334961 0.477539 0.334961 0.491211 0.341797 0.512695 0.323242 0.506836 0.314453 0.492188 0.305664 0.468750 0.301758 0.444336 0.309570 0.419922 0.329102 0.390625 0.293945 0.417969 0.269531 0.426758 0.248047 0.425781 0.220703
4 0.113281 0.655273 0.106445 0.657227 0.099609 0.664062 0.095703 0.684570 0.096680 0.689453 0.108398 0.694336 0.116211 0.703125 0.119141 0.711914 0.116211 0.732422 0.100586 0.731445 0.088867 0.744141 0.085938 0.763672 0.089844 0.768555 0.110352 0.768555 0.112305 0.770508 0.108398 0.804688 0.099609 0.807617 0.091797 0.806641 0.081055 0.818359 0.076172 0.836914 0.078125 0.845703 0.101562 0.847656 0.099609 0.873047 0.097656 0.877930 0.081055 0.882812 0.073242 0.892578 0.067383 0.907227 0.066406 0.918945 0.068359 0.922852 0.088867 0.920898 0.112305 0.908203 0.133789 0.878906 0.139648 0.852539 0.173828 0.853516 0.186523 0.849609 0.199219 0.841797 0.213867 0.825195 0.224609 0.798828 0.224609 0.782227 0.216797 0.762695 0.206055 0.750977 0.186523 0.741211 0.153320 0.736328 0.157227 0.713867 0.153320 0.686523 0.145508 0.673828 0.134766 0.664062
1 0.520508 0.566406 0.502930 0.560547 0.493164 0.560547 0.483398 0.573242 0.474609 0.577148 0.443359 0.572266 0.441406 0.569336 0.446289 0.549805 0.443359 0.546875 0.422852 0.541992 0.416992 0.542969 0.410156 0.564453 0.385742 0.557617 0.359375 0.559570 0.342773 0.568359 0.326172 0.587891 0.319336 0.610352 0.320312 0.625000 0.324219 0.636719 0.334961 0.652344 0.346680 0.661133 0.361328 0.666992 0.383789 0.670898 0.385742 0.673828 0.378906 0.700195 0.379883 0.719727 0.387695 0.737305 0.404297 0.752930 0.417969 0.758789 0.419922 0.756836 0.426758 0.729492 0.425781 0.721680 0.416992 0.716797 0.410156 0.705078 0.414062 0.681641 0.418945 0.678711 0.427734 0.682617 0.438477 0.682617 0.445312 0.653320 0.444336 0.649414 0.423828 0.644531 0.433594 0.604492 0.459961 0.610352 0.479492 0.610352 0.492188 0.606445 0.504883 0.598633 0.514648 0.587891 0.522461 0.571289
9 0.069336 0.491211 0.064453 0.499023 0.059570 0.513672 0.058594 0.526367 0.062500 0.543945 0.072266 0.559570 0.086914 0.571289 0.102539 0.577148 0.124023 0.582031 0.119141 0.599609 0.119141 0.606445 0.135742 0.611328 0.149414 0.611328 0.157227 0.608398 0.162109 0.591797 0.178711 0.595703 0.187500 0.601562 0.193359 0.611328 0.195312 0.625000 0.198242 0.626953 0.216797 0.630859 0.224609 0.629883 0.230469 0.626953 0.232422 0.619141 0.231445 0.604492 0.229492 0.597656 0.220703 0.582031 0.212891 0.574219 0.199219 0.566406 0.167969 0.557617 0.171875 0.548828 0.175781 0.531250 0.175781 0.514648 0.167969 0.494141 0.155273 0.480469 0.145508 0.474609 0.133789 0.470703 0.105469 0.469727 0.083984 0.477539
7 0.142578 0.208984 0.134766 0.209961 0.130859 0.232422 0.106445 0.227539 0.101562 0.232422 0.098633 0.241211 0.100586 0.254883 0.124023 0.265625 0.120117 0.268555 0.110352 0.308594 0.089844 0.303711 0.083008 0.309570 0.080078 0.323242 0.083984 0.333008 0.103516 0.338867 0.096680 0.367188 0.096680 0.381836 0.104492 0.403320 0.120117 0.419922 0.133789 0.426758 0.145508 0.428711 0.153320 0.420898 0.156250 0.408203 0.155273 0.402344 0.141602 0.391602 0.138672 0.384766 0.137695 0.375977 0.142578 0.357422 0.141602 0.350586 0.144531 0.348633 0.166016 0.353516 0.171875 0.346680 0.173828 0.338867 0.170898 0.325195 0.149414 0.317383 0.153320 0.313477 0.163086 0.274414 0.192383 0.281250 0.216797 0.277344 0.228516 0.270508 0.238281 0.260742 0.247070 0.242188 0.236328 0.233398 0.210938 0.226562 0.205078 0.236328 0.197266 0.243164 0.185547 0.246094 0.170898 0.242188 0.173828 0.223633 0.163086 0.215820
8 0.266602 0.828125 0.267578 0.838867 0.275391 0.854492 0.294922 0.871094 0.309570 0.875977 0.330078 0.875977 0.348633 0.871094 0.351562 0.874023 0.355469 0.907227 0.361328 0.919922 0.371094 0.931641 0.384766 0.940430 0.398438 0.944336 0.416016 0.944336 0.437500 0.940430 0.440430 0.962891 0.448242 0.967773 0.459961 0.966797 0.468750 0.960938 0.468750 0.936523 0.497070 0.934570 0.506836 0.937500 0.513672 0.943359 0.521484 0.957031 0.536133 0.958008 0.546875 0.951172 0.541992 0.924805 0.535156 0.913086 0.525391 0.903320 0.502930 0.893555 0.463867 0.895508 0.460938 0.867188 0.451172 0.846680 0.442383 0.837891 0.425781 0.829102 0.416016 0.827148 0.378906 0.829102 0.375977 0.806641 0.357422 0.806641 0.350586 0.809570 0.345703 0.818359 0.345703 0.833984 0.315430 0.834961 0.308594 0.831055 0.302734 0.824219 0.300781 0.817383 0.294922 0.814453 0.275391 0.817383
10 0.152344 0.058594 0.149414 0.075195 0.153320 0.089844 0.161133 0.099609 0.174805 0.101562 0.173828 0.114258 0.168945 0.125977 0.157227 0.134766 0.145508 0.136719 0.142578 0.143555 0.142578 0.160156 0.152344 0.174805 0.163086 0.175781 0.178711 0.171875 0.189453 0.166016 0.200195 0.155273 0.208984 0.136719 0.212891 0.103516 0.253906 0.110352 0.252930 0.132812 0.257812 0.151367 0.268555 0.169922 0.287109 0.185547 0.306641 0.191406 0.327148 0.189453 0.345703 0.179688 0.357422 0.166016 0.363281 0.151367 0.364258 0.131836 0.358398 0.109375 0.352539 0.098633 0.333008 0.081055 0.316406 0.075195 0.292969 0.072266 0.293945 0.060547 0.289062 0.048828 0.277344 0.042969 0.260742 0.044922 0.256836 0.071289 0.246094 0.067383 0.215820 0.063477 0.216797 0.052734 0.210938 0.041992 0.205078 0.037109 0.189453 0.033203 0.180664 0.037109 0.178711 0.060547
3 0.641602 0.862305 0.641602 0.881836 0.645508 0.895508 0.654297 0.913086 0.670898 0.928711 0.687500 0.935547 0.724609 0.935547 0.725586 0.946289 0.730469 0.956055 0.735352 0.959961 0.746094 0.961914 0.760742 0.957031 0.759766 0.929688 0.801758 0.928711 0.802734 0.940430 0.811523 0.951172 0.821289 0.954102 0.834961 0.953125 0.839844 0.950195 0.837891 0.924805 0.872070 0.920898 0.887695 0.914062 0.905273 0.894531 0.911133 0.873047 0.910156 0.863281 0.902344 0.856445 0.888672 0.852539 0.875000 0.853516 0.871094 0.856445 0.869141 0.868164 0.858398 0.879883 0.850586 0.882812 0.833008 0.882812 0.832031 0.872070 0.823242 0.862305 0.807617 0.859375 0.794922 0.863281 0.796875 0.883789 0.794922 0.889648 0.789062 0.887695 0.753906 0.890625 0.750977 0.867188 0.738281 0.842773 0.724609 0.829102 0.701172 0.819336 0.679688 0.820312 0.663086 0.828125 0.648438 0.843750
