11 0.767578 0.153320 0.138672 0.216797 0.152344 0.268555 0.148438 0.322266 0.202148 0.814453 0.226562 0.853516 0.245117 0.861328 0.800781 0.780273 0.839844 0.757812 0.848633 0.735352 0.783203 0.264648 0.772461 0.243164 0.777344 0.174805
13 0.411981 0.308377 0.410303 0.313543 0.405908 0.316736 0.400476 0.316736 0.396082 0.313543 0.394403 0.308377 0.396082 0.303211 0.400476 0.300018 0.405908 0.300018 0.410303 0.303211
13 0.557825 0.292795 0.556146 0.297961 0.551752 0.301154 0.546320 0.301154 0.541925 0.297961 0.540247 0.292795 0.541925 0.287629 0.546320 0.284436 0.551752 0.284436 0.556146 0.287629
13 0.346362 0.388986 0.344683 0.394152 0.340289 0.397345 0.334857 0.397345 0.330462 0.394152 0.328784 0.388986 0.330462 0.383820 0.334857 0.380627 0.340289 0.380627 0.344683 0.383820
13 0.494217 0.373020 0.492539 0.378186 0.488144 0.381379 0.482712 0.381379 0.478318 0.378186 0.476639 0.373020 0.478318 0.367854 0.482712 0.364661 0.488144 0.364661 0.492539 0.367854
13 0.637885 0.358180 0.636207 0.363346 0.631812 0.366538 0.626380 0.366538 0.621986 0.363346 0.620307 0.358180 0.621986 0.353013 0.626380 0.349821 0.631812 0.349821 0.636207 0.353013
13 0.280412 0.471038 0.278734 0.476204 0.274339 0.479397 0.268907 0.479397 0.264513 0.476204 0.262834 0.471038 0.264513 0.465872 0.268907 0.462679 0.274339 0.462679 0.278734 0.465872
13 0.430249 0.454755 0.428570 0.459921 0.424176 0.463114 0.418744 0.463114 0.414349 0.459921 0.412671 0.454755 0.414349 0.449589 0.418744 0.446396 0.424176 0.446396 0.428570 0.449589
13 0.575292 0.435177 0.573614 0.440343 0.569219 0.443536 0.563787 0.443536 0.559393 0.440343 0.557714 0.435177 0.559393 0.430011 0.563787 0.426818 0.569219 0.426818 0.573614 0.430011
13 0.720298 0.419447 0.718620 0.424613 0.714225 0.427806 0.708793 0.427806 0.704399 0.424613 0.702720 0.419447 0.704399 0.414281 0.708793 0.411088 0.714225 0.411088 0.718620 0.414281
13 0.363742 0.536753 0.362064 0.541919 0.357669 0.545112 0.352237 0.545112 0.347843 0.541919 0.346164 0.536753 0.347843 0.531587 0.352237 0.528394 0.357669 0.528394 0.362064 0.531587
13 0.510712 0.516147 0.509033 0.521313 0.504639 0.524506 0.499207 0.524506 0.494812 0.521313 0.493134 0.516147 0.494812 0.510981 0.499207 0.507788 0.504639 0.507788 0.509033 0.510981
13 0.657605 0.499442 0.655926 0.504608 0.651532 0.507801 0.646100 0.507801 0.641705 0.504608 0.640027 0.499442 0.641705 0.494276 0.646100 0.491083 0.651532 0.491083 0.655926 0.494276
13 0.297404 0.619997 0.295725 0.625163 0.291331 0.628356 0.285899 0.628356 0.281504 0.625163 0.279826 0.619997 0.281504 0.614831 0.285899 0.611638 0.291331 0.611638 0.295725 0.614831
13 0.446629 0.600911 0.444951 0.606078 0.440556 0.609270 0.435124 0.609270 0.430730 0.606078 0.429051 0.600911 0.430730 0.595745 0.435124 0.592553 0.440556 0.592553 0.444951 0.595745
13 0.594015 0.582061 0.592337 0.587227 0.587942 0.590420 0.582510 0.590420 0.578116 0.587227 0.576437 0.582061 0.578116 0.576895 0.582510 0.573702 0.587942 0.573702 0.592337 0.576895
13 0.738514 0.564862 0.736835 0.570028 0.732441 0.573221 0.727009 0.573221 0.722614 0.570028 0.720936 0.564862 0.722614 0.559696 0.727009 0.556503 0.732441 0.556503 0.736835 0.559696
13 0.382083 0.686077 0.380404 0.691243 0.376010 0.694436 0.370578 0.694436 0.366183 0.691243 0.364505 0.686077 0.366183 0.680911 0.370578 0.677718 0.376010 0.677718 0.380404 0.680911
13 0.531890 0.665756 0.530212 0.670922 0.525817 0.674115 0.520385 0.674115 0.515991 0.670922 0.514312 0.665756 0.515991 0.660590 0.520385 0.657397 0.525817 0.657397 0.530212 0.660590
13 0.676817 0.646435 0.675138 0.651601 0.670744 0.654794 0.665312 0.654794 0.660917 0.651601 0.659239 0.646435 0.660917 0.641269 0.665312 0.638076 0.670744 0.638076 0.675138 0.641269
13 0.465969 0.749919 0.464290 0.755085 0.459896 0.758278 0.454464 0.758278 0.450069 0.755085 0.448391 0.749919 0.450069 0.744753 0.454464 0.741560 0.459896 0.741560 0.464290 0.744753
13 0.614412 0.731960 0.612733 0.737126 0.608339 0.740319 0.602907 0.740319 0.598512 0.737126 0.596834 0.731960 0.598512 0.726794 0.602907 0.723602 0.608339 0.723602 0.612733 0.726794
4 0.706055 0.656250 0.686523 0.664062 0.668945 0.683594 0.663086 0.705078 0.665039 0.737305 0.627930 0.741211 0.615234 0.748047 0.603516 0.759766 0.594727 0.780273 0.594727 0.801758 0.598633 0.817383 0.613281 0.838867 0.628906 0.848633 0.642578 0.852539 0.663086 0.852539 0.677734 0.849609 0.680664 0.875000 0.684570 0.886719 0.695312 0.904297 0.716797 0.918945 0.731445 0.922852 0.741211 0.921875 0.739258 0.898438 0.733398 0.882812 0.718750 0.877930 0.710938 0.869141 0.709961 0.846680 0.731445 0.846680 0.734375 0.840820 0.731445 0.820312 0.724609 0.806641 0.705078 0.807617 0.701172 0.772461 0.703125 0.770508 0.723633 0.769531 0.726562 0.759766 0.723633 0.742188 0.718750 0.732422 0.699219 0.734375 0.697266 0.729492 0.696289 0.711914 0.699219 0.704102 0.707031 0.695312 0.718750 0.689453 0.715820 0.663086 0.710938 0.656250
9 0.333008 0.269531 0.328125 0.284180 0.328125 0.302734 0.331055 0.312500 0.335938 0.322266 0.350586 0.338867 0.374023 0.352539 0.360352 0.376953 0.356445 0.392578 0.357422 0.408203 0.364258 0.425781 0.376953 0.440430 0.388672 0.448242 0.398438 0.452148 0.416992 0.454102 0.427734 0.452148 0.441406 0.446289 0.455078 0.434570 0.461914 0.423828 0.466797 0.407227 0.466797 0.392578 0.462891 0.378906 0.453125 0.362305 0.439453 0.350586 0.421875 0.341797 0.420898 0.339844 0.429688 0.326172 0.428711 0.320312 0.417969 0.310547 0.402344 0.303711 0.390625 0.323242 0.386719 0.323242 0.363281 0.308594 0.361328 0.298828 0.364258 0.289062 0.361328 0.284180 0.348633 0.273438 0.338867 0.268555
5 0.386719 0.540039 0.362305 0.527344 0.344727 0.526367 0.327148 0.531250 0.305664 0.547852 0.296875 0.563477 0.293945 0.575195 0.293945 0.590820 0.299805 0.617188 0.272461 0.624023 0.258789 0.632812 0.247070 0.645508 0.240234 0.658203 0.236328 0.673828 0.242188 0.709961 0.209961 0.720703 0.194336 0.735352 0.181641 0.757812 0.179688 0.767578 0.181641 0.786133 0.190430 0.786133 0.205078 0.781250 0.214844 0.771484 0.218750 0.753906 0.250000 0.743164 0.253906 0.744141 0.258789 0.765625 0.276367 0.763672 0.284180 0.759766 0.291016 0.750000 0.288086 0.733398 0.311523 0.727539 0.322266 0.721680 0.334961 0.709961 0.343750 0.694336 0.348633 0.674805 0.342773 0.639648 0.368164 0.632812 0.384766 0.623047 0.395508 0.610352 0.402344 0.593750 0.402344 0.565430 0.396484 0.551758
2 0.826172 0.091797 0.824219 0.084961 0.821289 0.083984 0.811523 0.084961 0.799805 0.089844 0.788086 0.101562 0.786133 0.115234 0.776367 0.120117 0.752930 0.123047 0.753906 0.116211 0.750977 0.102539 0.742188 0.098633 0.726562 0.103516 0.714844 0.116211 0.716797 0.128906 0.712891 0.132812 0.683594 0.139648 0.679688 0.138672 0.674805 0.116211 0.665039 0.114258 0.651367 0.118164 0.644531 0.124023 0.640625 0.130859 0.643555 0.145508 0.639648 0.147461 0.614258 0.148438 0.601562 0.138672 0.596680 0.129883 0.588867 0.128906 0.572266 0.134766 0.567383 0.141602 0.566406 0.150391 0.578125 0.170898 0.599609 0.185547 0.623047 0.188477 0.651367 0.182617 0.657227 0.206055 0.670898 0.205078 0.682617 0.200195 0.690430 0.191406 0.688477 0.174805 0.723633 0.166992 0.729492 0.189453 0.732422 0.191406 0.743164 0.190430 0.755859 0.185547 0.764648 0.177734 0.763672 0.161133 0.765625 0.159180 0.790039 0.152344 0.813477 0.131836 0.823242 0.114258
7 0.079102 0.263672 0.074219 0.265625 0.074219 0.277344 0.080078 0.291016 0.092773 0.305664 0.106445 0.314453 0.124023 0.321289 0.153320 0.322266 0.154297 0.351562 0.157227 0.362305 0.155273 0.364258 0.130859 0.366211 0.128906 0.383789 0.133789 0.394531 0.143555 0.398438 0.157227 0.398438 0.158203 0.419922 0.153320 0.433594 0.147461 0.439453 0.134766 0.444336 0.131836 0.455078 0.136719 0.472656 0.150391 0.474609 0.162109 0.471680 0.181641 0.458984 0.193359 0.440430 0.196289 0.428711 0.196289 0.394531 0.210938 0.394531 0.219727 0.390625 0.219727 0.374023 0.216797 0.366211 0.207031 0.360352 0.193359 0.360352 0.192383 0.326172 0.190430 0.323242 0.193359 0.318359 0.208008 0.318359 0.215820 0.315430 0.214844 0.293945 0.203125 0.282227 0.189453 0.282227 0.188477 0.267578 0.176758 0.259766 0.157227 0.258789 0.151367 0.260742 0.150391 0.287109 0.121094 0.287109 0.116211 0.282227 0.113281 0.273438 0.107422 0.268555 0.098633 0.264648
0 0.898438 0.434570 0.860352 0.438477 0.856445 0.451172 0.848633 0.458984 0.829102 0.462891 0.820312 0.461914 0.820312 0.440430 0.788086 0.441406 0.783203 0.443359 0.783203 0.465820 0.746094 0.469727 0.731445 0.477539 0.721680 0.487305 0.710938 0.511719 0.710938 0.546875 0.692383 0.547852 0.688477 0.550781 0.688477 0.568359 0.691406 0.577148 0.696289 0.580078 0.713867 0.580078 0.714844 0.606445 0.711914 0.613281 0.704102 0.621094 0.693359 0.625000 0.693359 0.643555 0.698242 0.656250 0.702148 0.658203 0.716797 0.654297 0.738281 0.638672 0.746094 0.625977 0.750000 0.612305 0.748047 0.578125 0.750000 0.576172 0.781250 0.574219 0.805664 0.562500 0.815430 0.551758 0.823242 0.534180 0.823242 0.493164 0.857422 0.490234 0.877930 0.480469 0.889648 0.468750 0.895508 0.458008 0.899414 0.445312
1 0.078125 0.035156 0.079102 0.057617 0.090820 0.074219 0.100586 0.077148 0.102539 0.086914 0.099609 0.112305 0.092773 0.109375 0.074219 0.109375 0.071289 0.116211 0.072266 0.131836 0.084961 0.148438 0.095703 0.149414 0.097656 0.152344 0.096680 0.174805 0.102539 0.192383 0.123047 0.215820 0.134766 0.223633 0.148438 0.228516 0.165039 0.229492 0.178711 0.226562 0.190430 0.220703 0.203125 0.208984 0.210938 0.194336 0.216797 0.155273 0.222656 0.158203 0.236328 0.159180 0.261719 0.156250 0.279297 0.145508 0.291016 0.128906 0.294922 0.116211 0.292969 0.105469 0.289062 0.098633 0.276367 0.093750 0.262695 0.095703 0.255859 0.109375 0.242188 0.118164 0.219727 0.118164 0.217773 0.105469 0.212891 0.096680 0.198242 0.088867 0.182617 0.090820 0.180664 0.115234 0.141602 0.112305 0.141602 0.093750 0.137695 0.078125 0.119141 0.049805 0.097656 0.035156 0.083008 0.031250
8 0.576172 0.240234 0.576172 0.261719 0.585938 0.283203 0.605469 0.298828 0.618164 0.302734 0.644531 0.305664 0.643555 0.343750 0.649414 0.360352 0.663086 0.375977 0.674805 0.382812 0.712891 0.388672 0.714844 0.390625 0.711914 0.409180 0.713867 0.413086 0.741211 0.415039 0.747070 0.410156 0.750000 0.392578 0.767578 0.394531 0.779297 0.399414 0.787109 0.408203 0.789062 0.418945 0.791992 0.421875 0.817383 0.423828 0.826172 0.419922 0.826172 0.406250 0.822266 0.393555 0.807617 0.374023 0.784180 0.362305 0.751953 0.358398 0.754883 0.322266 0.748047 0.301758 0.735352 0.287109 0.719727 0.278320 0.691406 0.273438 0.683594 0.274414 0.681641 0.272461 0.683594 0.257812 0.681641 0.248047 0.672852 0.245117 0.656250 0.246094 0.651367 0.254883 0.650391 0.268555 0.647461 0.270508 0.618164 0.264648 0.610352 0.257812 0.603516 0.240234 0.595703 0.237305 0.580078 0.237305
6 0.255859 0.795898 0.229492 0.796875 0.222656 0.803711 0.216797 0.817383 0.206055 0.821289 0.184570 0.822266 0.179688 0.821289 0.179688 0.797852 0.170898 0.795898 0.154297 0.797852 0.142578 0.806641 0.141602 0.822266 0.118164 0.823242 0.097656 0.831055 0.076172 0.848633 0.065430 0.865234 0.060547 0.889648 0.062500 0.903320 0.068359 0.916992 0.082031 0.931641 0.101562 0.940430 0.140625 0.939453 0.140625 0.964844 0.146484 0.968750 0.166992 0.965820 0.178711 0.951172 0.179688 0.939453 0.195312 0.938477 0.205078 0.940430 0.212891 0.945312 0.219727 0.955078 0.221680 0.963867 0.240234 0.965820 0.248047 0.962891 0.255859 0.951172 0.255859 0.942383 0.245117 0.917969 0.236328 0.909180 0.218750 0.900391 0.177734 0.898438 0.180664 0.858398 0.200195 0.858398 0.213867 0.855469 0.228516 0.847656 0.240234 0.836914 0.253906 0.814453
3 0.870117 0.687500 0.844727 0.695312 0.829102 0.709961 0.821289 0.729492 0.819336 0.763672 0.797852 0.762695 0.795898 0.764648 0.794922 0.781250 0.797852 0.791992 0.803711 0.797852 0.820312 0.799805 0.821289 0.834961 0.820312 0.840820 0.797852 0.839844 0.794922 0.845703 0.794922 0.858398 0.797852 0.870117 0.804688 0.877930 0.820312 0.879883 0.823242 0.912109 0.838867 0.938477 0.849609 0.949219 0.864258 0.958008 0.877930 0.961914 0.896484 0.961914 0.913086 0.956055 0.929688 0.941406 0.937500 0.925781 0.939453 0.904297 0.931641 0.879883 0.911133 0.857422 0.887695 0.844727 0.858398 0.840820 0.857422 0.799805 0.880859 0.800781 0.884766 0.794922 0.884766 0.781250 0.881836 0.771484 0.872070 0.764648 0.857422 0.763672 0.859375 0.735352 0.869141 0.724609 0.881836 0.720703 0.884766 0.714844 0.884766 0.701172 0.881836 0.692383
10 0.500000 0.850586 0.484375 0.834961 0.465820 0.827148 0.450195 0.826172 0.423828 0.832031 0.418945 0.831055 0.416016 0.811523 0.413086 0.808594 0.398438 0.810547 0.386719 0.817383 0.382812 0.824219 0.384766 0.839844 0.350586 0.848633 0.346680 0.847656 0.341797 0.826172 0.334961 0.824219 0.315430 0.831055 0.307617 0.840820 0.309570 0.856445 0.298828 0.858398 0.290039 0.870117 0.290039 0.884766 0.294922 0.896484 0.321289 0.893555 0.325195 0.926758 0.313477 0.935547 0.308594 0.944336 0.307617 0.960938 0.310547 0.970703 0.316406 0.973633 0.330078 0.967773 0.341797 0.958008 0.350586 0.945312 0.360352 0.916992 0.360352 0.905273 0.355469 0.885742 0.386719 0.878906 0.390625 0.875977 0.395508 0.878906 0.400391 0.902344 0.407227 0.917969 0.420898 0.933594 0.434570 0.941406 0.446289 0.944336 0.461914 0.944336 0.479492 0.938477 0.497070 0.922852 0.506836 0.900391 0.508789 0.875000
