11 0.717773 0.146484 0.702148 0.141602 0.233398 0.226562 0.206055 0.240234 0.145508 0.237305 0.118164 0.247070 0.244141 0.889648 0.298828 0.866211 0.339844 0.866211 0.820312 0.756836 0.852539 0.733398 0.858398 0.716797 0.744141 0.184570
13 0.322321 0.614249 0.320643 0.619415 0.316248 0.622608 0.310816 0.622608 0.306422 0.619415 0.304743 0.614249 0.306422 0.609083 0.310816 0.605890 0.316248 0.605890 0.320643 0.609083
13 0.292879 0.467207 0.291201 0.472373 0.286806 0.475566 0.281374 0.475566 0.276980 0.472373 0.275301 0.467207 0.276980 0.462041 0.281374 0.458848 0.286806 0.458848 0.291201 0.462041
13 0.410641 0.672566 0.408962 0.677732 0.404567 0.680925 0.399135 0.680925 0.394741 0.677732 0.393062 0.672566 0.394741 0.667400 0.399135 0.664207 0.404567 0.664207 0.408962 0.667400
13 0.381535 0.525566 0.379857 0.530732 0.375462 0.533925 0.370030 0.533925 0.365636 0.530732 0.363957 0.525566 0.365636 0.520400 0.370030 0.517207 0.375462 0.517207 0.379857 0.520400
13 0.353580 0.380816 0.351902 0.385982 0.347507 0.389175 0.342075 0.389175 0.337681 0.385982 0.336002 0.380816 0.337681 0.375650 0.342075 0.372457 0.347507 0.372457 0.351902 0.375650
13 0.498456 0.729765 0.496778 0.734931 0.492383 0.738124 0.486951 0.738124 0.482557 0.734931 0.480878 0.729765 0.482557 0.724599 0.486951 0.721406 0.492383 0.721406 0.496778 0.724599
13 0.469771 0.582860 0.468093 0.588027 0.463698 0.591219 0.458266 0.591219 0.453872 0.588027 0.452193 0.582860 0.453872 0.577694 0.458266 0.574502 0.463698 0.574502 0.468093 0.577694
13 0.437778 0.439061 0.436099 0.444227 0.431705 0.447420 0.426273 0.447420 0.421878 0.444227 0.420200 0.439061 0.421878 0.433895 0.426273 0.430702 0.431705 0.430702 0.436099 0.433895
13 0.409280 0.293094 0.407601 0.298260 0.403206 0.301453 0.397775 0.301453 0.393380 0.298260 0.391701 0.293094 0.393380 0.287928 0.397775 0.284735 0.403206 0.284735 0.407601 0.287928
13 0.556504 0.641352 0.554826 0.646518 0.550431 0.649711 0.544999 0.649711 0.540605 0.646518 0.538926 0.641352 0.540605 0.636186 0.544999 0.632993 0.550431 0.632993 0.554826 0.636186
13 0.524287 0.497740 0.522609 0.502907 0.518214 0.506099 0.512782 0.506099 0.508388 0.502907 0.506709 0.497740 0.508388 0.492574 0.512782 0.489382 0.518214 0.489382 0.522609 0.492574
13 0.495530 0.351948 0.493852 0.357114 0.489457 0.360307 0.484025 0.360307 0.479631 0.357114 0.477952 0.351948 0.479631 0.346782 0.484025 0.343589 0.489457 0.343589 0.493852 0.346782
13 0.642494 0.698258 0.640815 0.703424 0.636421 0.706617 0.630989 0.706617 0.626594 0.703424 0.624916 0.698258 0.626594 0.693092 0.630989 0.689899 0.636421 0.689899 0.640815 0.693092
13 0.612535 0.554327 0.610856 0.559493 0.606462 0.562686 0.601030 0.562686 0.596635 0.559493 0.594957 0.554327 0.596635 0.549161 0.601030 0.545968 0.606462 0.545968 0.610856 0.549161
13 0.582542 0.410232 0.580863 0.415398 0.576469 0.418591 0.571037 0.418591 0.566642 0.415398 0.564964 0.410232 0.566642 0.405066 0.571037 0.401873 0.576469 0.401873 0.580863 0.405066
13 0.554008 0.266987 0.552330 0.272153 0.547935 0.275346 0.542503 0.275346 0.538109 0.272153 0.536430 0.266987 0.538109 0.261821 0.542503 0.258628 0.547935 0.258628 0.552330 0.261821
13 0.699205 0.610049 0.697527 0.615215 0.693132 0.618408 0.687700 0.618408 0.683306 0.615215 0.681627 0.610049 0.683306 0.604883 0.687700 0.601690 0.693132 0.601690 0.697527 0.604883
13 0.668540 0.465707 0.666861 0.470873 0.662467 0.474066 0.657035 0.474066 0.652640 0.470873 0.650962 0.465707 0.652640 0.460541 0.657035 0.457348 0.662467 0.457348 0.666861 0.460541
13 0.638794 0.324130 0.637116 0.329296 0.632721 0.332489 0.627289 0.332489 0.622895 0.329296 0.621216 0.324130 0.622895 0.318964 0.627289 0.315771 0.632721 0.315771 0.637116 0.318964
13 0.753351 0.523590 0.751673 0.528756 0.747278 0.531949 0.741846 0.531949 0.737452 0.528756 0.735773 0.523590 0.737452 0.518424 0.741846 0.515232 0.747278 0.515232 0.751673 0.518424
13 0.725538 0.380474 0.723859 0.385640 0.719465 0.388833 0.714033 0.388833 0.709638 0.385640 0.707960 0.380474 0.709638 0.375308 0.714033 0.372115 0.719465 0.372115 0.723859 0.375308
5 0.387695 0.279297 0.375000 0.293945 0.368164 0.312500 0.368164 0.331055 0.378906 0.355469 0.392578 0.369141 0.405273 0.375977 0.416992 0.378906 0.447266 0.379883 0.448242 0.410156 0.451172 0.419922 0.460938 0.435547 0.471680 0.445312 0.486328 0.452148 0.526367 0.455078 0.527344 0.485352 0.536133 0.506836 0.552734 0.522461 0.562500 0.527344 0.581055 0.530273 0.581055 0.500000 0.568359 0.496094 0.560547 0.488281 0.556641 0.475586 0.557617 0.453125 0.579102 0.452148 0.580078 0.422852 0.578125 0.420898 0.556641 0.420898 0.554688 0.386719 0.544922 0.365234 0.532227 0.353516 0.515625 0.345703 0.476562 0.343750 0.476562 0.318359 0.472656 0.302734 0.461914 0.285156 0.450195 0.275391 0.433594 0.268555 0.416016 0.267578 0.398438 0.272461
2 0.479492 0.642578 0.466797 0.628906 0.445312 0.619141 0.420898 0.620117 0.387695 0.636719 0.377930 0.619141 0.374023 0.618164 0.347656 0.633789 0.358398 0.653320 0.323242 0.674805 0.320312 0.673828 0.311523 0.657227 0.308594 0.656250 0.285156 0.668945 0.279297 0.673828 0.290039 0.690430 0.289062 0.694336 0.263672 0.708984 0.252930 0.719727 0.245117 0.733398 0.241211 0.748047 0.241211 0.760742 0.246094 0.778320 0.248047 0.780273 0.279297 0.760742 0.277344 0.753906 0.278320 0.741211 0.281250 0.735352 0.291016 0.727539 0.305664 0.720703 0.317383 0.740234 0.345703 0.722656 0.345703 0.718750 0.335938 0.702148 0.373047 0.680664 0.383789 0.699219 0.386719 0.700195 0.413086 0.683594 0.403320 0.666016 0.404297 0.662109 0.430664 0.649414 0.442383 0.651367 0.454102 0.661133 0.476562 0.648438
4 0.795898 0.658203 0.781250 0.672852 0.773438 0.693359 0.775391 0.717773 0.789062 0.747070 0.761719 0.759766 0.745117 0.776367 0.738281 0.794922 0.738281 0.812500 0.743164 0.828125 0.756836 0.848633 0.778320 0.863281 0.791992 0.867188 0.806641 0.867188 0.821289 0.863281 0.837891 0.855469 0.840820 0.851562 0.854492 0.875977 0.876953 0.897461 0.889648 0.903320 0.906250 0.906250 0.927734 0.902344 0.928711 0.898438 0.924805 0.887695 0.905273 0.864258 0.889648 0.865234 0.881836 0.860352 0.871094 0.837891 0.891602 0.830078 0.892578 0.823242 0.882812 0.805664 0.872070 0.794922 0.852539 0.800781 0.836914 0.766602 0.856445 0.757812 0.856445 0.750000 0.847656 0.734375 0.839844 0.726562 0.834961 0.724609 0.818359 0.731445 0.809570 0.712891 0.809570 0.702148 0.822266 0.682617 0.807617 0.658203 0.801758 0.655273
1 0.836914 0.371094 0.829102 0.370117 0.817383 0.375977 0.804688 0.389648 0.797852 0.407227 0.797852 0.429688 0.814453 0.464844 0.782227 0.483398 0.773438 0.468750 0.762695 0.467773 0.740234 0.479492 0.739258 0.483398 0.750000 0.500977 0.720703 0.516602 0.713867 0.514648 0.704102 0.505859 0.694336 0.505859 0.672852 0.518555 0.684570 0.534180 0.703125 0.543945 0.731445 0.546875 0.750000 0.541016 0.765625 0.531250 0.775391 0.549805 0.786133 0.562500 0.802734 0.572266 0.826172 0.577148 0.851562 0.572266 0.861328 0.566406 0.873047 0.554688 0.880859 0.539062 0.882812 0.515625 0.877930 0.499023 0.869141 0.482422 0.863281 0.476562 0.882812 0.464844 0.884766 0.455078 0.880859 0.447266 0.871094 0.438477 0.858398 0.439453 0.848633 0.445312 0.835938 0.416992 0.839844 0.402344 0.847656 0.394531 0.846680 0.383789
7 0.719727 0.056641 0.706055 0.058594 0.694336 0.066406 0.689453 0.074219 0.689453 0.088867 0.665039 0.089844 0.652344 0.080078 0.646484 0.069336 0.642578 0.068359 0.624023 0.072266 0.619141 0.076172 0.614258 0.086914 0.616211 0.095703 0.625000 0.111328 0.637695 0.123047 0.658203 0.130859 0.699219 0.127930 0.703125 0.166992 0.692383 0.168945 0.687500 0.172852 0.683594 0.179688 0.682617 0.189453 0.684570 0.200195 0.688477 0.206055 0.704102 0.205078 0.700195 0.250977 0.696289 0.256836 0.697266 0.273438 0.703125 0.282227 0.718750 0.276367 0.740234 0.258789 0.747070 0.248047 0.751953 0.232422 0.750000 0.196289 0.763672 0.192383 0.769531 0.186523 0.771484 0.180664 0.770508 0.165039 0.766602 0.158203 0.740234 0.160156 0.741211 0.152344 0.736328 0.121094 0.748047 0.118164 0.754883 0.110352 0.757812 0.102539 0.756836 0.085938 0.750977 0.079102 0.737305 0.081055 0.732422 0.083984 0.728516 0.083008 0.723633 0.057617
0 0.041992 0.195312 0.041992 0.200195 0.048828 0.213867 0.070312 0.233398 0.099609 0.244141 0.133789 0.240234 0.143555 0.270508 0.161133 0.289062 0.175781 0.296875 0.192383 0.301758 0.229492 0.297852 0.235352 0.320312 0.241211 0.332031 0.253906 0.345703 0.277344 0.357422 0.289062 0.359375 0.303711 0.357422 0.297852 0.332031 0.291992 0.327148 0.280273 0.326172 0.272461 0.320312 0.262695 0.291016 0.263672 0.288086 0.284180 0.283203 0.285156 0.275391 0.278320 0.254883 0.272461 0.250000 0.254883 0.253906 0.243164 0.219727 0.220703 0.197266 0.198242 0.188477 0.180664 0.188477 0.161133 0.193359 0.157227 0.180664 0.142578 0.170898 0.125977 0.172852 0.119141 0.176758 0.123047 0.204102 0.094727 0.208984 0.086914 0.207031 0.080078 0.196289 0.065430 0.189453 0.047852 0.191406
6 0.523438 0.082031 0.503906 0.069336 0.491211 0.066406 0.478516 0.066406 0.450195 0.073242 0.445312 0.051758 0.436523 0.047852 0.422852 0.050781 0.416992 0.055664 0.420898 0.079102 0.416016 0.082031 0.387695 0.084961 0.377930 0.081055 0.365234 0.065430 0.354492 0.064453 0.342773 0.069336 0.339844 0.076172 0.350586 0.100586 0.360352 0.112305 0.375977 0.122070 0.386719 0.125000 0.428711 0.121094 0.435547 0.152344 0.434570 0.156250 0.409180 0.161133 0.395508 0.166992 0.379883 0.180664 0.369141 0.205078 0.369141 0.223633 0.373047 0.230469 0.386719 0.232422 0.400391 0.227539 0.402344 0.214844 0.412109 0.202148 0.441406 0.192383 0.444336 0.195312 0.449219 0.215820 0.468750 0.214844 0.476562 0.209961 0.474609 0.185547 0.500977 0.181641 0.521484 0.169922 0.533203 0.154297 0.539062 0.132812 0.536133 0.102539
9 0.671875 0.827148 0.660156 0.812500 0.652344 0.806641 0.639648 0.800781 0.630859 0.798828 0.616211 0.798828 0.600586 0.803711 0.592773 0.808594 0.583008 0.818359 0.576172 0.830078 0.572266 0.842773 0.571289 0.872070 0.567383 0.875000 0.564453 0.873047 0.537109 0.872070 0.525391 0.875000 0.514648 0.880859 0.504883 0.889648 0.495117 0.906250 0.490234 0.926758 0.491211 0.931641 0.500977 0.935547 0.516602 0.934570 0.520508 0.931641 0.524414 0.919922 0.532227 0.913086 0.541016 0.910156 0.561523 0.911133 0.569336 0.913086 0.568359 0.931641 0.570312 0.937500 0.582031 0.941406 0.591797 0.941406 0.597656 0.939453 0.599609 0.936523 0.600586 0.914062 0.635742 0.916016 0.655273 0.909180 0.672852 0.892578 0.680664 0.873047 0.680664 0.849609
8 0.319336 0.792969 0.310547 0.790039 0.296875 0.791016 0.290039 0.794922 0.284180 0.807617 0.276367 0.813477 0.250000 0.813477 0.245117 0.815430 0.243164 0.813477 0.243164 0.790039 0.239258 0.787109 0.227539 0.786133 0.214844 0.790039 0.208008 0.796875 0.205078 0.811523 0.182617 0.810547 0.162109 0.817383 0.146484 0.830078 0.133789 0.845703 0.127930 0.860352 0.125977 0.881836 0.098633 0.882812 0.078125 0.893555 0.055664 0.917969 0.048828 0.935547 0.048828 0.945312 0.053711 0.948242 0.075195 0.945312 0.088867 0.931641 0.091797 0.923828 0.124023 0.923828 0.127930 0.926758 0.125977 0.929688 0.125977 0.949219 0.140625 0.953125 0.156250 0.946289 0.163086 0.937500 0.166016 0.926758 0.190430 0.926758 0.208984 0.919922 0.223633 0.907227 0.234375 0.891602 0.241211 0.874023 0.243164 0.853516 0.275391 0.852539 0.294922 0.842773 0.306641 0.830078 0.316406 0.812500 0.320312 0.797852
10 0.581055 0.537109 0.562500 0.537109 0.551758 0.540039 0.530273 0.555664 0.522461 0.568359 0.518555 0.582031 0.520508 0.622070 0.499023 0.625977 0.501953 0.648438 0.505859 0.658203 0.527344 0.656250 0.531250 0.696289 0.509766 0.701172 0.515625 0.733398 0.520508 0.735352 0.538086 0.732422 0.540039 0.748047 0.542969 0.753906 0.546875 0.755859 0.562500 0.754883 0.571289 0.750977 0.570312 0.725586 0.601562 0.722656 0.610352 0.726562 0.621094 0.742188 0.638672 0.742188 0.647461 0.738281 0.648438 0.735352 0.638672 0.712891 0.619141 0.694336 0.600586 0.687500 0.583008 0.687500 0.564453 0.691406 0.558594 0.656250 0.559570 0.649414 0.590820 0.644531 0.607422 0.635742 0.621094 0.620117 0.627930 0.601562 0.626953 0.578125 0.617188 0.558594 0.599609 0.543945
3 0.353516 0.497070 0.345703 0.476562 0.330078 0.460938 0.309570 0.452148 0.275391 0.449219 0.276367 0.432617 0.273438 0.429688 0.266602 0.427734 0.240234 0.428711 0.239258 0.453125 0.210938 0.454102 0.201172 0.453125 0.199219 0.433594 0.190430 0.430664 0.162109 0.431641 0.163086 0.455078 0.122070 0.458984 0.106445 0.467773 0.096680 0.477539 0.086914 0.498047 0.085938 0.517578 0.092773 0.538086 0.104492 0.551758 0.125000 0.562500 0.146484 0.564453 0.164062 0.561523 0.176758 0.555664 0.192383 0.541016 0.201172 0.520508 0.202148 0.485352 0.240234 0.485352 0.242188 0.505859 0.277344 0.504883 0.276367 0.484375 0.278320 0.482422 0.304688 0.482422 0.315430 0.491211 0.321289 0.503906 0.351562 0.503906
