11 0.765625 0.162109 0.738281 0.151367 0.270508 0.213867 0.249023 0.224609 0.182617 0.218750 0.160156 0.228516 0.215820 0.854492 0.263672 0.841797 0.313477 0.846680 0.807617 0.801758 0.834961 0.792969 0.851562 0.777344 0.860352 0.758789 0.786133 0.205078
13 0.317165 0.593104 0.315486 0.598270 0.311092 0.601463 0.305660 0.601463 0.301265 0.598270 0.299587 0.593104 0.301265 0.587938 0.305660 0.584745 0.311092 0.584745 0.315486 0.587938
13 0.303614 0.447839 0.301935 0.453005 0.297541 0.456198 0.292109 0.456198 0.287714 0.453005 0.286036 0.447839 0.287714 0.442673 0.292109 0.439480 0.297541 0.439480 0.301935 0.442673
13 0.396287 0.659560 0.394609 0.664726 0.390214 0.667919 0.384782 0.667919 0.380388 0.664726 0.378709 0.659560 0.380388 0.654394 0.384782 0.651201 0.390214 0.651201 0.394609 0.654394
13 0.382326 0.512035 0.380648 0.517201 0.376253 0.520394 0.370821 0.520394 0.366427 0.517201 0.364748 0.512035 0.366427 0.506869 0.370821 0.503676 0.376253 0.503676 0.380648 0.506869
13 0.369441 0.368816 0.367762 0.373982 0.363368 0.377175 0.357936 0.377175 0.353541 0.373982 0.351863 0.368816 0.353541 0.363650 0.357936 0.360457 0.363368 0.360457 0.367762 0.363650
13 0.477088 0.726574 0.475409 0.731740 0.471015 0.734933 0.465583 0.734933 0.461188 0.731740 0.459510 0.726574 0.461188 0.721408 0.465583 0.718215 0.471015 0.718215 0.475409 0.721408
13 0.462780 0.576807 0.461102 0.581973 0.456707 0.585166 0.451275 0.585166 0.446881 0.581973 0.445202 0.576807 0.446881 0.571641 0.451275 0.568448 0.456707 0.568448 0.461102 0.571641
13 0.445144 0.431918 0.443466 0.437084 0.439071 0.440277 0.433639 0.440277 0.429245 0.437084 0.427566 0.431918 0.429245 0.426752 0.433639 0.423559 0.439071 0.423559 0.443466 0.426752
13 0.431352 0.287238 0.429674 0.292404 0.425279 0.295597 0.419847 0.295597 0.415453 0.292404 0.413774 0.287238 0.415453 0.282072 0.419847 0.278879 0.425279 0.278879 0.429674 0.282072
13 0.543716 0.644323 0.542038 0.649489 0.537643 0.652682 0.532211 0.652682 0.527817 0.649489 0.526138 0.644323 0.527817 0.639157 0.532211 0.635964 0.537643 0.635964 0.542038 0.639157
13 0.525011 0.497236 0.523333 0.502402 0.518938 0.505595 0.513506 0.505595 0.509112 0.502402 0.507433 0.497236 0.509112 0.492070 0.513506 0.488877 0.518938 0.488877 0.523333 0.492070
13 0.510215 0.350412 0.508537 0.355578 0.504142 0.358771 0.498710 0.358771 0.494316 0.355578 0.492637 0.350412 0.494316 0.345246 0.498710 0.342053 0.504142 0.342053 0.508537 0.345246
13 0.626158 0.711902 0.624480 0.717068 0.620085 0.720261 0.614653 0.720261 0.610259 0.717068 0.608580 0.711902 0.610259 0.706736 0.614653 0.703543 0.620085 0.703543 0.624480 0.706736
13 0.608932 0.562308 0.607253 0.567474 0.602859 0.570667 0.597427 0.570667 0.593032 0.567474 0.591354 0.562308 0.593032 0.557142 0.597427 0.553950 0.602859 0.553950 0.607253 0.557142
13 0.591934 0.414702 0.590256 0.419869 0.585861 0.423061 0.580429 0.423061 0.576035 0.419869 0.574356 0.414702 0.576035 0.409536 0.580429 0.406344 0.585861 0.406344 0.590256 0.409536
13 0.576567 0.270136 0.574888 0.275302 0.570494 0.278495 0.565062 0.278495 0.560667 0.275302 0.558989 0.270136 0.560667 0.264970 0.565062 0.261777 0.570494 0.261777 0.574888 0.264970
13 0.693523 0.628062 0.691844 0.633228 0.687449 0.636421 0.682018 0.636421 0.677623 0.633228 0.675944 0.628062 0.677623 0.622896 0.682018 0.619703 0.687449 0.619703 0.691844 0.622896
13 0.675010 0.477742 0.673332 0.482908 0.668937 0.486101 0.663505 0.486101 0.659111 0.482908 0.657432 0.477742 0.659111 0.472576 0.663505 0.469383 0.668937 0.469383 0.673332 0.472576
13 0.657459 0.332470 0.655780 0.337636 0.651386 0.340828 0.645954 0.340828 0.641559 0.337636 0.639881 0.332470 0.641559 0.327303 0.645954 0.324111 0.651386 0.324111 0.655780 0.327303
13 0.758778 0.544798 0.757100 0.549964 0.752705 0.553157 0.747273 0.553157 0.742879 0.549964 0.741200 0.544798 0.742879 0.539632 0.747273 0.536439 0.752705 0.536439 0.757100 0.539632
13 0.742571 0.395745 0.740893 0.400911 0.736498 0.404104 0.731066 0.404104 0.726672 0.400911 0.724993 0.395745 0.726672 0.390579 0.731066 0.387387 0.736498 0.387387 0.740893 0.390579
5 0.625977 0.466797 0.615234 0.471680 0.604492 0.482422 0.594727 0.504883 0.595703 0.528320 0.608398 0.555664 0.607422 0.559570 0.577148 0.574219 0.567383 0.583984 0.559570 0.597656 0.556641 0.624023 0.569336 0.661133 0.552734 0.666992 0.538086 0.675781 0.525391 0.691406 0.520508 0.705078 0.519531 0.728516 0.525391 0.747070 0.540039 0.764648 0.560547 0.774414 0.583008 0.775391 0.604492 0.766602 0.616211 0.755859 0.625977 0.736328 0.626953 0.713867 0.613281 0.679688 0.645508 0.663086 0.656250 0.652344 0.665039 0.633789 0.665039 0.607422 0.652344 0.579102 0.653320 0.575195 0.672852 0.564453 0.658203 0.537109 0.639648 0.544922 0.633789 0.539062 0.627930 0.526367 0.625977 0.514648 0.629883 0.503906 0.639648 0.492188
4 0.452148 0.408203 0.456055 0.410156 0.481445 0.405273 0.482422 0.395508 0.486328 0.387695 0.494141 0.380859 0.501953 0.377930 0.523438 0.375000 0.529297 0.396484 0.557617 0.391602 0.554688 0.370117 0.556641 0.368164 0.600586 0.362305 0.605469 0.383789 0.633789 0.377930 0.635742 0.375977 0.632812 0.361328 0.634766 0.354492 0.651367 0.351562 0.665039 0.352539 0.676758 0.362305 0.679688 0.370117 0.712891 0.363281 0.712891 0.359375 0.702148 0.337891 0.682617 0.323242 0.668945 0.319336 0.626953 0.323242 0.622070 0.293945 0.611328 0.273438 0.603516 0.265625 0.589844 0.257812 0.569336 0.253906 0.559570 0.254883 0.535156 0.266602 0.519531 0.287109 0.514648 0.306641 0.519531 0.341797 0.489258 0.348633 0.472656 0.357422 0.462891 0.367188 0.455078 0.380859 0.451172 0.399414
2 0.120117 0.691406 0.118164 0.700195 0.125977 0.705078 0.139648 0.708008 0.147461 0.707031 0.158203 0.695312 0.166016 0.692383 0.172852 0.692383 0.201172 0.702148 0.194336 0.725586 0.208984 0.733398 0.221680 0.733398 0.227539 0.727539 0.234375 0.712891 0.274414 0.725586 0.276367 0.729492 0.269531 0.750977 0.284180 0.758789 0.295898 0.759766 0.305664 0.738281 0.308594 0.737305 0.333984 0.748047 0.340820 0.754883 0.344727 0.765625 0.343750 0.775391 0.350586 0.781250 0.358398 0.784180 0.370117 0.785156 0.372070 0.783203 0.375977 0.758789 0.370117 0.736328 0.364258 0.727539 0.350586 0.715820 0.318359 0.703125 0.325195 0.681641 0.317383 0.676758 0.303711 0.672852 0.297852 0.673828 0.289062 0.693359 0.248047 0.680664 0.246094 0.675781 0.252930 0.657227 0.239258 0.649414 0.226562 0.647461 0.219727 0.652344 0.212891 0.667969 0.182617 0.658203 0.161133 0.660156 0.137695 0.671875
9 0.272461 0.254883 0.256836 0.261719 0.247070 0.269531 0.236328 0.286133 0.232422 0.300781 0.233398 0.318359 0.240234 0.334961 0.266602 0.363281 0.251953 0.378906 0.251953 0.380859 0.274414 0.402344 0.277344 0.403320 0.292969 0.387695 0.310547 0.404297 0.314453 0.412109 0.314453 0.423828 0.309570 0.435547 0.329102 0.454102 0.333984 0.456055 0.341797 0.445312 0.345703 0.435547 0.347656 0.424805 0.346680 0.410156 0.342773 0.398438 0.336914 0.388672 0.314453 0.366211 0.314453 0.364258 0.332031 0.347656 0.341797 0.331055 0.344727 0.318359 0.342773 0.297852 0.331055 0.274414 0.318359 0.262695 0.307617 0.256836 0.296875 0.253906 0.284180 0.252930
8 0.897461 0.225586 0.876953 0.227539 0.860352 0.235352 0.845703 0.246094 0.836914 0.257812 0.832031 0.269531 0.828125 0.300781 0.809570 0.299805 0.789062 0.304688 0.771484 0.314453 0.761719 0.324219 0.751953 0.344727 0.749023 0.375977 0.730469 0.375977 0.724609 0.381836 0.722656 0.395508 0.724609 0.405273 0.748047 0.408203 0.746094 0.435547 0.742188 0.444336 0.733398 0.452148 0.723633 0.454102 0.720703 0.458008 0.718750 0.465820 0.720703 0.482422 0.725586 0.484375 0.744141 0.482422 0.760742 0.474609 0.769531 0.466797 0.777344 0.456055 0.783203 0.440430 0.785156 0.418945 0.783203 0.411133 0.785156 0.409180 0.823242 0.408203 0.840820 0.400391 0.854492 0.387695 0.864258 0.367188 0.867188 0.336914 0.886719 0.334961 0.894531 0.324219 0.895508 0.311523 0.891602 0.304688 0.871094 0.303711 0.867188 0.301758 0.874023 0.265625 0.879883 0.259766 0.892578 0.255859 0.897461 0.250000 0.900391 0.240234 0.900391 0.231445
7 0.793945 0.660156 0.791016 0.681641 0.766602 0.680664 0.763672 0.687500 0.762695 0.704102 0.764648 0.708984 0.770508 0.714844 0.786133 0.717773 0.780273 0.757812 0.755859 0.755859 0.752930 0.766602 0.752930 0.782227 0.759766 0.791992 0.774414 0.794922 0.772461 0.824219 0.776367 0.837891 0.787109 0.856445 0.803711 0.872070 0.825195 0.879883 0.829102 0.874023 0.830078 0.856445 0.824219 0.842773 0.819336 0.806641 0.820312 0.800781 0.833008 0.802734 0.837891 0.800781 0.840820 0.777344 0.833008 0.766602 0.817383 0.762695 0.821289 0.723633 0.824219 0.721680 0.846680 0.725586 0.864258 0.725586 0.877930 0.721680 0.897461 0.708008 0.907227 0.692383 0.910156 0.681641 0.897461 0.673828 0.873047 0.669922 0.865234 0.682617 0.859375 0.687500 0.851562 0.690430 0.833984 0.689453 0.827148 0.687500 0.830078 0.673828 0.827148 0.666992 0.811523 0.661133
0 0.224609 0.013672 0.224609 0.024414 0.229492 0.039062 0.246094 0.064453 0.268555 0.078125 0.302734 0.082031 0.305664 0.111328 0.320312 0.138672 0.335938 0.151367 0.345703 0.155273 0.381836 0.158203 0.382812 0.183594 0.394531 0.211914 0.410156 0.226562 0.426758 0.233398 0.436523 0.233398 0.437500 0.210938 0.434570 0.197266 0.423828 0.194336 0.414062 0.183594 0.415039 0.157227 0.436523 0.157227 0.436523 0.124023 0.433594 0.118164 0.414062 0.119141 0.411133 0.083008 0.403320 0.064453 0.396484 0.055664 0.383789 0.045898 0.372070 0.041016 0.336914 0.038086 0.336914 0.028320 0.333008 0.016602 0.322266 0.010742 0.309570 0.010742 0.303711 0.014648 0.301758 0.041016 0.277344 0.039062 0.264648 0.035156 0.259766 0.030273 0.254883 0.017578 0.249023 0.012695 0.233398 0.009766
1 0.320312 0.896484 0.317383 0.907227 0.318359 0.916992 0.333008 0.919922 0.345703 0.916016 0.351562 0.901367 0.362305 0.893555 0.396484 0.893555 0.396484 0.916992 0.405273 0.920898 0.415039 0.920898 0.424805 0.916992 0.428711 0.893555 0.474609 0.893555 0.474609 0.926758 0.482422 0.949219 0.492188 0.960938 0.502930 0.968750 0.519531 0.974609 0.527344 0.973633 0.527344 0.936523 0.525391 0.932617 0.513672 0.928711 0.506836 0.920898 0.504883 0.894531 0.506836 0.892578 0.510742 0.894531 0.528320 0.893555 0.527344 0.856445 0.504883 0.854492 0.505859 0.833984 0.501953 0.811523 0.490234 0.792969 0.470703 0.780273 0.459961 0.777344 0.445312 0.777344 0.431641 0.781250 0.418945 0.789062 0.408203 0.800781 0.401367 0.814453 0.394531 0.854492 0.367188 0.853516 0.347656 0.860352 0.333984 0.872070
10 0.687500 0.116211 0.687500 0.141602 0.698242 0.163086 0.708984 0.172852 0.723633 0.179688 0.762695 0.182617 0.761719 0.204102 0.763672 0.206055 0.776367 0.208008 0.790039 0.205078 0.797852 0.197266 0.799805 0.181641 0.832031 0.182617 0.837891 0.180664 0.839844 0.182617 0.838867 0.205078 0.843750 0.208008 0.863281 0.207031 0.876953 0.198242 0.878906 0.182617 0.892578 0.181641 0.900391 0.175781 0.904297 0.168945 0.906250 0.149414 0.903320 0.144531 0.876953 0.143555 0.880859 0.110352 0.885742 0.106445 0.892578 0.105469 0.904297 0.093750 0.908203 0.069336 0.904297 0.064453 0.882812 0.069336 0.870117 0.077148 0.856445 0.090820 0.842773 0.114258 0.840820 0.141602 0.836914 0.144531 0.806641 0.143555 0.800781 0.145508 0.798828 0.143555 0.799805 0.111328 0.791016 0.086914 0.776367 0.072266 0.756836 0.064453 0.737305 0.064453 0.716797 0.072266 0.701172 0.086914
6 0.968750 0.487305 0.931641 0.489258 0.927734 0.491211 0.923828 0.503906 0.914062 0.511719 0.892578 0.511719 0.890625 0.509766 0.892578 0.504883 0.891602 0.488281 0.874023 0.487305 0.852539 0.491211 0.851562 0.511719 0.815430 0.515625 0.798828 0.524414 0.789062 0.534180 0.779297 0.558594 0.779297 0.573242 0.785156 0.590820 0.799805 0.608398 0.813477 0.616211 0.828125 0.620117 0.859375 0.622070 0.857422 0.627930 0.861328 0.643555 0.898438 0.643555 0.898438 0.620117 0.922852 0.622070 0.929688 0.627930 0.935547 0.641602 0.977539 0.642578 0.975586 0.629883 0.970703 0.619141 0.962891 0.608398 0.951172 0.598633 0.926758 0.589844 0.896484 0.588867 0.893555 0.541992 0.928711 0.540039 0.952148 0.528320 0.965820 0.509766 0.969727 0.495117
3 0.122070 0.535156 0.121094 0.543945 0.155273 0.546875 0.161133 0.544922 0.166992 0.532227 0.175781 0.526367 0.199219 0.526367 0.201172 0.530273 0.198242 0.536133 0.198242 0.549805 0.219727 0.551758 0.235352 0.550781 0.238281 0.529297 0.273438 0.531250 0.276367 0.542969 0.275391 0.571289 0.282227 0.588867 0.294922 0.603516 0.319336 0.614258 0.337891 0.614258 0.360352 0.606445 0.377930 0.589844 0.386719 0.567383 0.384766 0.542969 0.375000 0.525391 0.367188 0.517578 0.353516 0.509766 0.314453 0.503906 0.316406 0.482422 0.304688 0.479492 0.281250 0.479492 0.278320 0.501953 0.239258 0.498047 0.241211 0.477539 0.204102 0.473633 0.202148 0.490234 0.204102 0.494141 0.201172 0.497070 0.168945 0.495117 0.156250 0.498047 0.133789 0.513672
