11 0.203125 0.190430 0.183594 0.229492 0.168945 0.695312 0.175781 0.761719 0.163086 0.801758 0.166992 0.816406 0.816406 0.832031 0.825195 0.815430 0.814453 0.774414 0.823242 0.716797 0.827148 0.240234 0.810547 0.205078 0.785156 0.190430 0.232422 0.176758
13 0.579720 0.703763 0.578042 0.708929 0.573647 0.712122 0.568215 0.712122 0.563821 0.708929 0.562142 0.703763 0.563821 0.698597 0.568215 0.695404 0.573647 0.695404 0.578042 0.698597
13 0.430443 0.700954 0.428765 0.706120 0.424370 0.709313 0.418938 0.709313 0.414544 0.706120 0.412865 0.700954 0.414544 0.695788 0.418938 0.692595 0.424370 0.692595 0.428765 0.695788
13 0.655463 0.630911 0.653785 0.636077 0.649390 0.639270 0.643958 0.639270 0.639564 0.636077 0.637885 0.630911 0.639564 0.625745 0.643958 0.622552 0.649390 0.622552 0.653785 0.625745
13 0.506651 0.627449 0.504972 0.632615 0.500578 0.635808 0.495146 0.635808 0.490751 0.632615 0.489073 0.627449 0.490751 0.622283 0.495146 0.619090 0.500578 0.619090 0.504972 0.622283
13 0.358924 0.623322 0.357246 0.628488 0.352851 0.631681 0.347419 0.631681 0.343025 0.628488 0.341346 0.623322 0.343025 0.618156 0.347419 0.614963 0.352851 0.614963 0.357246 0.618156
13 0.730017 0.558306 0.728339 0.563472 0.723944 0.566665 0.718512 0.566665 0.714118 0.563472 0.712439 0.558306 0.714118 0.553140 0.718512 0.549947 0.723944 0.549947 0.728339 0.553140
13 0.581731 0.554122 0.580053 0.559288 0.575658 0.562481 0.570226 0.562481 0.565832 0.559288 0.564153 0.554122 0.565832 0.548956 0.570226 0.545763 0.575658 0.545763 0.580053 0.548956
13 0.434397 0.553816 0.432719 0.558982 0.428324 0.562175 0.422892 0.562175 0.418498 0.558982 0.416819 0.553816 0.418498 0.548650 0.422892 0.545457 0.428324 0.545457 0.432719 0.548650
13 0.284356 0.549597 0.282677 0.554763 0.278283 0.557956 0.272851 0.557956 0.268456 0.554763 0.266778 0.549597 0.268456 0.544431 0.272851 0.541238 0.278283 0.541238 0.282677 0.544431
13 0.657639 0.482522 0.655961 0.487688 0.651566 0.490881 0.646134 0.490881 0.641740 0.487688 0.640061 0.482522 0.641740 0.477356 0.646134 0.474163 0.651566 0.474163 0.655961 0.477356
13 0.510786 0.482159 0.509107 0.487325 0.504712 0.490518 0.499280 0.490518 0.494886 0.487325 0.493207 0.482159 0.494886 0.476993 0.499280 0.473800 0.504712 0.473800 0.509107 0.476993
13 0.361224 0.477903 0.359546 0.483069 0.355151 0.486262 0.349719 0.486262 0.345325 0.483069 0.343646 0.477903 0.345325 0.472737 0.349719 0.469544 0.355151 0.469544 0.359546 0.472737
13 0.731842 0.411302 0.730163 0.416468 0.725769 0.419661 0.720337 0.419661 0.715942 0.416468 0.714264 0.411302 0.715942 0.406136 0.720337 0.402943 0.725769 0.402943 0.730163 0.406136
13 0.585507 0.408337 0.583828 0.413503 0.579434 0.416696 0.574002 0.416696 0.569607 0.413503 0.567929 0.408337 0.569607 0.403171 0.574002 0.399978 0.579434 0.399978 0.583828 0.403171
13 0.437684 0.405342 0.436005 0.410508 0.431611 0.413701 0.426179 0.413701 0.421784 0.410508 0.420106 0.405342 0.421784 0.400176 0.426179 0.396983 0.431611 0.396983 0.436005 0.400176
13 0.289682 0.401069 0.288004 0.406235 0.283609 0.409428 0.278177 0.409428 0.273783 0.406235 0.272104 0.401069 0.273783 0.395903 0.278177 0.392710 0.283609 0.392710 0.288004 0.395903
13 0.659043 0.335862 0.657365 0.341028 0.652970 0.344221 0.647538 0.344221 0.643144 0.341028 0.641465 0.335862 0.643144 0.330696 0.647538 0.327503 0.652970 0.327503 0.657365 0.330696
13 0.511155 0.333146 0.509476 0.338312 0.505082 0.341505 0.499650 0.341505 0.495255 0.338312 0.493577 0.333146 0.495255 0.327980 0.499650 0.324787 0.505082 0.324787 0.509476 0.327980
13 0.364872 0.330130 0.363193 0.335296 0.358799 0.338489 0.353367 0.338489 0.348972 0.335296 0.347294 0.330130 0.348972 0.324964 0.353367 0.321771 0.358799 0.321771 0.363193 0.324964
13 0.586726 0.262676 0.585047 0.267842 0.580653 0.271035 0.575221 0.271035 0.570826 0.267842 0.569148 0.262676 0.570826 0.257510 0.575221 0.254317 0.580653 0.254317 0.585047 0.257510
13 0.439694 0.257070 0.438015 0.262236 0.433621 0.265429 0.428189 0.265429 0.423794 0.262236 0.422115 0.257070 0.423794 0.251904 0.428189 0.248711 0.433621 0.248711 0.438015 0.251904
4 0.315430 0.341797 0.317383 0.345703 0.342773 0.356445 0.346680 0.356445 0.353516 0.347656 0.362305 0.343750 0.375977 0.344727 0.396484 0.354492 0.388672 0.372070 0.389648 0.375977 0.415039 0.386719 0.417969 0.385742 0.424805 0.368164 0.428711 0.367188 0.461914 0.380859 0.468750 0.385742 0.461914 0.400391 0.461914 0.406250 0.487305 0.416992 0.496094 0.397461 0.499023 0.396484 0.517578 0.404297 0.531250 0.417969 0.531250 0.434570 0.556641 0.446289 0.560547 0.445312 0.563477 0.419922 0.556641 0.399414 0.539062 0.380859 0.508789 0.366211 0.520508 0.337891 0.521484 0.313477 0.516602 0.298828 0.507812 0.286133 0.488281 0.272461 0.474609 0.268555 0.460938 0.268555 0.440430 0.275391 0.420898 0.294922 0.409180 0.323242 0.405273 0.324219 0.377930 0.312500 0.355469 0.311523 0.332031 0.321289
5 0.797852 0.707031 0.779297 0.689453 0.761719 0.681641 0.736328 0.681641 0.713867 0.692383 0.702148 0.706055 0.696289 0.719727 0.696289 0.759766 0.694336 0.761719 0.689453 0.759766 0.659180 0.763672 0.642578 0.772461 0.634766 0.780273 0.626953 0.792969 0.623047 0.808594 0.625000 0.839844 0.623047 0.841797 0.618164 0.839844 0.592773 0.841797 0.572266 0.851562 0.562500 0.861328 0.554688 0.875977 0.551758 0.891602 0.553711 0.907227 0.561523 0.911133 0.575195 0.910156 0.581055 0.907227 0.584961 0.893555 0.593750 0.884766 0.621094 0.879883 0.627930 0.880859 0.627930 0.890625 0.632812 0.903320 0.640625 0.906250 0.654297 0.905273 0.660156 0.900391 0.660156 0.877930 0.694336 0.875000 0.712891 0.866211 0.724609 0.854492 0.732422 0.838867 0.734375 0.830078 0.733398 0.795898 0.774414 0.791016 0.791016 0.781250 0.801758 0.768555 0.808594 0.750977 0.809570 0.736328 0.806641 0.722656
0 0.294922 0.410156 0.289062 0.407227 0.278320 0.409180 0.265625 0.415039 0.251953 0.426758 0.244141 0.439453 0.240234 0.453125 0.241211 0.489258 0.209961 0.492188 0.188477 0.501953 0.173828 0.518555 0.167969 0.533203 0.168945 0.573242 0.136719 0.576172 0.113281 0.587891 0.098633 0.607422 0.093750 0.624023 0.094727 0.632812 0.117188 0.631836 0.133789 0.626953 0.138672 0.612305 0.150391 0.604492 0.171875 0.604492 0.172852 0.626953 0.202148 0.625000 0.209961 0.621094 0.209961 0.600586 0.229492 0.599609 0.247070 0.594727 0.260742 0.586914 0.270508 0.577148 0.278320 0.563477 0.281250 0.550781 0.280273 0.517578 0.302734 0.514648 0.303711 0.511719 0.300781 0.487305 0.277344 0.486328 0.276367 0.476562 0.277344 0.454102 0.283203 0.445312 0.296875 0.438477 0.298828 0.431641
2 0.099609 0.658203 0.104492 0.680664 0.111328 0.691406 0.124023 0.703125 0.148438 0.711914 0.176758 0.712891 0.177734 0.738281 0.195312 0.740234 0.206055 0.737305 0.213867 0.729492 0.215820 0.714844 0.256836 0.717773 0.254883 0.740234 0.264648 0.744141 0.284180 0.741211 0.290039 0.733398 0.291992 0.718750 0.324219 0.718750 0.343750 0.709961 0.361328 0.690430 0.369141 0.669922 0.366211 0.662109 0.346680 0.661133 0.341797 0.662109 0.336914 0.666992 0.333984 0.676758 0.326172 0.682617 0.291992 0.682617 0.291992 0.659180 0.274414 0.657227 0.263672 0.659180 0.258789 0.663086 0.255859 0.680664 0.215820 0.678711 0.216797 0.658203 0.211914 0.654297 0.190430 0.654297 0.178711 0.661133 0.177734 0.677734 0.162109 0.676758 0.151367 0.672852 0.142578 0.663086 0.139648 0.652344 0.135742 0.650391 0.115234 0.650391
1 0.912109 0.146484 0.907227 0.144531 0.885742 0.154297 0.874023 0.166992 0.873047 0.183594 0.847656 0.193359 0.843750 0.190430 0.844727 0.184570 0.837891 0.170898 0.832031 0.170898 0.816406 0.177734 0.803711 0.191406 0.806641 0.208008 0.778320 0.218750 0.774414 0.218750 0.760742 0.186523 0.748047 0.172852 0.727539 0.163086 0.707031 0.162109 0.698242 0.164062 0.691406 0.175781 0.692383 0.189453 0.696289 0.199219 0.699219 0.202148 0.713867 0.202148 0.724609 0.208008 0.731445 0.216797 0.737305 0.231445 0.725586 0.236328 0.719727 0.244141 0.719727 0.258789 0.723633 0.267578 0.730469 0.272461 0.750977 0.264648 0.758789 0.287109 0.766602 0.300781 0.776367 0.310547 0.791016 0.318359 0.815430 0.321289 0.828125 0.318359 0.841797 0.311523 0.860352 0.294922 0.866211 0.286133 0.871094 0.271484 0.871094 0.251953 0.862305 0.224609 0.884766 0.214844 0.903320 0.197266 0.909180 0.188477 0.915039 0.168945
8 0.760742 0.385742 0.747070 0.388672 0.734375 0.395508 0.715820 0.416016 0.709961 0.435547 0.711914 0.470703 0.683594 0.474609 0.667969 0.481445 0.656250 0.491211 0.646484 0.506836 0.642578 0.524414 0.646484 0.554688 0.643555 0.557617 0.624023 0.559570 0.626953 0.587891 0.628906 0.589844 0.645508 0.587891 0.650391 0.588867 0.652344 0.620117 0.644531 0.630859 0.633789 0.635742 0.638672 0.667969 0.649414 0.666016 0.661133 0.660156 0.676758 0.644531 0.682617 0.632812 0.685547 0.616211 0.682617 0.583984 0.721680 0.577148 0.733398 0.570312 0.749023 0.551758 0.753906 0.537109 0.751953 0.496094 0.771484 0.494141 0.775391 0.490234 0.771484 0.464844 0.746094 0.464844 0.743164 0.441406 0.745117 0.429688 0.752930 0.419922 0.764648 0.413086 0.763672 0.392578
7 0.072266 0.125977 0.080078 0.149414 0.092773 0.161133 0.104492 0.162109 0.108398 0.168945 0.111328 0.194336 0.102539 0.193359 0.087891 0.197266 0.086914 0.205078 0.092773 0.221680 0.107422 0.234375 0.120117 0.233398 0.122070 0.242188 0.135742 0.251953 0.144531 0.252930 0.160156 0.248047 0.161133 0.242188 0.157227 0.223633 0.194336 0.214844 0.197266 0.215820 0.199219 0.225586 0.208008 0.234375 0.219727 0.236328 0.231445 0.233398 0.235352 0.230469 0.231445 0.206055 0.261719 0.200195 0.276367 0.192383 0.289062 0.178711 0.296875 0.158203 0.296875 0.141602 0.291016 0.130859 0.284180 0.126953 0.274414 0.126953 0.265625 0.129883 0.260742 0.135742 0.220703 0.156250 0.208984 0.144531 0.191406 0.145508 0.184570 0.151367 0.189453 0.171875 0.187500 0.173828 0.150391 0.183594 0.139648 0.154297 0.118164 0.131836 0.106445 0.125000 0.090820 0.121094 0.078125 0.121094 0.073242 0.123047
6 0.514648 0.459961 0.500977 0.461914 0.490234 0.466797 0.474609 0.480469 0.464844 0.500977 0.464844 0.538086 0.462891 0.540039 0.420898 0.541016 0.418945 0.539062 0.417969 0.506836 0.411133 0.491211 0.401367 0.479492 0.375977 0.466797 0.362305 0.465820 0.360352 0.467773 0.361328 0.493164 0.374023 0.498047 0.381836 0.504883 0.385742 0.513672 0.386719 0.531250 0.384766 0.542969 0.363281 0.543945 0.361328 0.551758 0.363281 0.571289 0.365234 0.573242 0.385742 0.572266 0.387695 0.574219 0.387695 0.599609 0.391602 0.616211 0.400391 0.630859 0.414062 0.642578 0.432617 0.649414 0.456055 0.648438 0.475586 0.638672 0.492188 0.619141 0.498047 0.597656 0.498047 0.569336 0.519531 0.567383 0.520508 0.565430 0.519531 0.540039 0.517578 0.538086 0.496094 0.538086 0.495117 0.524414 0.497070 0.504883 0.503906 0.496094 0.517578 0.490234 0.517578 0.470703
9 0.161133 0.804688 0.153320 0.822266 0.153320 0.849609 0.156250 0.858398 0.164062 0.871094 0.179688 0.883789 0.200195 0.889648 0.226562 0.888672 0.230469 0.886719 0.232422 0.888672 0.232422 0.911133 0.233398 0.913086 0.241211 0.916016 0.252930 0.915039 0.263672 0.910156 0.267578 0.902344 0.268555 0.886719 0.291016 0.885742 0.299805 0.888672 0.308594 0.896484 0.312500 0.908203 0.315430 0.911133 0.330078 0.912109 0.337891 0.910156 0.342773 0.906250 0.345703 0.898438 0.343750 0.885742 0.337891 0.872070 0.328125 0.860352 0.318359 0.853516 0.304688 0.848633 0.266602 0.847656 0.266602 0.815430 0.262695 0.802734 0.255859 0.791992 0.239258 0.778320 0.224609 0.773438 0.207031 0.773438 0.193359 0.777344 0.172852 0.791016
10 0.465820 0.730469 0.445312 0.731445 0.434570 0.735352 0.420898 0.745117 0.410156 0.759766 0.404297 0.776367 0.404297 0.815430 0.386719 0.816406 0.382812 0.824219 0.385742 0.853516 0.410156 0.852539 0.414062 0.886719 0.411133 0.892578 0.397461 0.893555 0.393555 0.896484 0.391602 0.916016 0.394531 0.933594 0.411133 0.932617 0.416992 0.929688 0.420898 0.953125 0.428711 0.958008 0.440430 0.957031 0.451172 0.950195 0.450195 0.929688 0.452148 0.924805 0.456055 0.926758 0.471680 0.923828 0.486328 0.925781 0.494141 0.931641 0.502930 0.946289 0.520508 0.946289 0.529297 0.940430 0.527344 0.923828 0.521484 0.910156 0.501953 0.890625 0.478516 0.883789 0.445312 0.886719 0.442383 0.846680 0.467773 0.843750 0.485352 0.836914 0.500977 0.822266 0.510742 0.798828 0.510742 0.777344 0.503906 0.756836 0.489258 0.740234
3 0.422852 0.134766 0.427734 0.165039 0.441406 0.185547 0.454102 0.194336 0.464844 0.198242 0.502930 0.200195 0.502930 0.220703 0.509766 0.224609 0.530273 0.222656 0.534180 0.215820 0.535156 0.199219 0.574219 0.197266 0.579102 0.199219 0.580078 0.221680 0.585938 0.223633 0.604492 0.222656 0.612305 0.213867 0.613281 0.198242 0.640625 0.197266 0.663086 0.186523 0.679688 0.166992 0.686523 0.151367 0.688477 0.139648 0.687500 0.135742 0.680664 0.132812 0.663086 0.134766 0.655273 0.142578 0.652344 0.153320 0.643555 0.159180 0.610352 0.160156 0.609375 0.135742 0.590820 0.133789 0.580078 0.139648 0.577148 0.161133 0.540039 0.161133 0.535156 0.163086 0.532227 0.156250 0.531250 0.126953 0.523438 0.107422 0.503906 0.088867 0.484375 0.082031 0.460938 0.083984 0.444336 0.092773 0.430664 0.108398
