11 0.766602 0.157227 0.745117 0.145508 0.208984 0.229492 0.178711 0.239258 0.164062 0.252930 0.155273 0.276367 0.212891 0.749023 0.222656 0.767578 0.216797 0.833984 0.227539 0.860352 0.873047 0.782227 0.856445 0.728516 0.858398 0.679688 0.785156 0.189453
13 0.609861 0.692915 0.608182 0.698081 0.603788 0.701274 0.598356 0.701274 0.593961 0.698081 0.592283 0.692915 0.593961 0.687749 0.598356 0.684556 0.603788 0.684556 0.608182 0.687749
13 0.461784 0.711489 0.460105 0.716656 0.455710 0.719848 0.450279 0.719848 0.445884 0.716656 0.444205 0.711489 0.445884 0.706323 0.450279 0.703131 0.455710 0.703131 0.460105 0.706323
13 0.674469 0.609149 0.672791 0.614315 0.668396 0.617507 0.662964 0.617507 0.658570 0.614315 0.656891 0.609149 0.658570 0.603982 0.662964 0.600790 0.668396 0.600790 0.672791 0.603982
13 0.525527 0.627863 0.523849 0.633029 0.519454 0.636222 0.514022 0.636222 0.509628 0.633029 0.507949 0.627863 0.509628 0.622697 0.514022 0.619504 0.519454 0.619504 0.523849 0.622697
13 0.380264 0.645424 0.378585 0.650590 0.374190 0.653783 0.368759 0.653783 0.364364 0.650590 0.362685 0.645424 0.364364 0.640258 0.368759 0.637065 0.374190 0.637065 0.378585 0.640258
13 0.738463 0.525099 0.736784 0.530265 0.732390 0.533458 0.726958 0.533458 0.722563 0.530265 0.720885 0.525099 0.722563 0.519933 0.726958 0.516740 0.732390 0.516740 0.736784 0.519933
13 0.588719 0.543873 0.587041 0.549039 0.582646 0.552231 0.577214 0.552231 0.572820 0.549039 0.571141 0.543873 0.572820 0.538707 0.577214 0.535514 0.582646 0.535514 0.587041 0.538707
13 0.443240 0.565975 0.441562 0.571141 0.437167 0.574334 0.431735 0.574334 0.427341 0.571141 0.425662 0.565975 0.427341 0.560809 0.431735 0.557616 0.437167 0.557616 0.441562 0.560809
13 0.297193 0.584264 0.295514 0.589430 0.291120 0.592623 0.285688 0.592623 0.281293 0.589430 0.279615 0.584264 0.281293 0.579098 0.285688 0.575905 0.291120 0.575905 0.295514 0.579098
13 0.653544 0.460764 0.651865 0.465930 0.647470 0.469123 0.642039 0.469123 0.637644 0.465930 0.635965 0.460764 0.637644 0.455598 0.642039 0.452405 0.647470 0.452405 0.651865 0.455598
13 0.507323 0.483586 0.505644 0.488752 0.501250 0.491945 0.495818 0.491945 0.491423 0.488752 0.489744 0.483586 0.491423 0.478420 0.495818 0.475227 0.501250 0.475227 0.505644 0.478420
13 0.360525 0.502602 0.358847 0.507768 0.354452 0.510961 0.349020 0.510961 0.344626 0.507768 0.342947 0.502602 0.344626 0.497436 0.349020 0.494243 0.354452 0.494243 0.358847 0.497436
13 0.717257 0.377603 0.715579 0.382769 0.711184 0.385962 0.705752 0.385962 0.701358 0.382769 0.699679 0.377603 0.701358 0.372437 0.705752 0.369244 0.711184 0.369244 0.715579 0.372437
13 0.569962 0.398615 0.568284 0.403782 0.563889 0.406974 0.558457 0.406974 0.554063 0.403782 0.552384 0.398615 0.554063 0.393449 0.558457 0.390257 0.563889 0.390257 0.568284 0.393449
13 0.423869 0.419456 0.422190 0.424622 0.417796 0.427815 0.412364 0.427815 0.407969 0.424622 0.406291 0.419456 0.407969 0.414290 0.412364 0.411097 0.417796 0.411097 0.422190 0.414290
13 0.280053 0.438704 0.278375 0.443870 0.273980 0.447062 0.268548 0.447062 0.264154 0.443870 0.262475 0.438704 0.264154 0.433537 0.268548 0.430345 0.273980 0.430345 0.278375 0.433537
13 0.632147 0.314473 0.630469 0.319639 0.626074 0.322832 0.620642 0.322832 0.616248 0.319639 0.614569 0.314473 0.616248 0.309307 0.620642 0.306114 0.626074 0.306114 0.630469 0.309307
13 0.484867 0.336456 0.483188 0.341622 0.478794 0.344814 0.473362 0.344814 0.468967 0.341622 0.467289 0.336456 0.468967 0.331290 0.473362 0.328097 0.478794 0.328097 0.483188 0.331290
13 0.341766 0.357484 0.340087 0.362650 0.335693 0.365843 0.330261 0.365843 0.325866 0.362650 0.324188 0.357484 0.325866 0.352318 0.330261 0.349125 0.335693 0.349125 0.340087 0.352318
13 0.548713 0.254123 0.547035 0.259289 0.542640 0.262482 0.537208 0.262482 0.532814 0.259289 0.531135 0.254123 0.532814 0.248957 0.537208 0.245764 0.542640 0.245764 0.547035 0.248957
13 0.403313 0.273568 0.401634 0.278734 0.397240 0.281927 0.391808 0.281927 0.387413 0.278734 0.385735 0.273568 0.387413 0.268402 0.391808 0.265209 0.397240 0.265209 0.401634 0.268402
5 0.431641 0.679688 0.421875 0.663086 0.401367 0.648438 0.391602 0.645508 0.372070 0.645508 0.359375 0.649414 0.343750 0.659180 0.331055 0.673828 0.320312 0.708984 0.303711 0.704102 0.286133 0.703125 0.270508 0.707031 0.249023 0.720703 0.238281 0.734375 0.227539 0.765625 0.208008 0.760742 0.196289 0.760742 0.173828 0.768555 0.150391 0.788086 0.144531 0.797852 0.142578 0.810547 0.154297 0.815430 0.166992 0.815430 0.176758 0.809570 0.183594 0.798828 0.187500 0.796875 0.221680 0.803711 0.216797 0.828125 0.230469 0.833984 0.245117 0.832031 0.252930 0.824219 0.256836 0.811523 0.281250 0.817383 0.304688 0.813477 0.319336 0.804688 0.332031 0.791016 0.340820 0.775391 0.346680 0.751953 0.373047 0.757812 0.392578 0.755859 0.407227 0.749023 0.420898 0.736328 0.433594 0.710938 0.434570 0.692383
3 0.381836 0.245117 0.357422 0.254883 0.341797 0.272461 0.334961 0.294922 0.336914 0.328125 0.313477 0.331055 0.312500 0.339844 0.316406 0.358398 0.321289 0.363281 0.339844 0.361328 0.343750 0.395508 0.342773 0.406250 0.320312 0.409180 0.320312 0.428711 0.322266 0.435547 0.327148 0.439453 0.346680 0.439453 0.352539 0.476562 0.359375 0.488281 0.370117 0.499023 0.387695 0.507812 0.412109 0.509766 0.435547 0.500977 0.449219 0.487305 0.458008 0.466797 0.458008 0.447266 0.455078 0.436523 0.447266 0.422852 0.430664 0.408203 0.412109 0.401367 0.376953 0.402344 0.373047 0.360352 0.396484 0.355469 0.392578 0.326172 0.389648 0.323242 0.370117 0.324219 0.369141 0.298828 0.371094 0.293945 0.378906 0.285156 0.388672 0.281250 0.388672 0.259766
