11 0.756836 0.166992 0.728516 0.157227 0.262695 0.211914 0.241211 0.221680 0.173828 0.215820 0.148438 0.226562 0.210938 0.864258 0.263672 0.850586 0.310547 0.854492 0.808594 0.795898 0.843750 0.775391 0.854492 0.752930 0.774414 0.191406
13 0.314879 0.597655 0.313200 0.602821 0.308806 0.606014 0.303374 0.606014 0.298979 0.602821 0.297301 0.597655 0.298979 0.592489 0.303374 0.589296 0.308806 0.589296 0.313200 0.592489
13 0.299561 0.450403 0.297882 0.455570 0.293487 0.458762 0.288056 0.458762 0.283661 0.455570 0.281982 0.450403 0.283661 0.445237 0.288056 0.442045 0.293487 0.442045 0.297882 0.445237
13 0.396432 0.663797 0.394754 0.668964 0.390359 0.672156 0.384927 0.672156 0.380533 0.668964 0.378854 0.663797 0.380533 0.658631 0.384927 0.655439 0.390359 0.655439 0.394754 0.658631
13 0.380841 0.515086 0.379163 0.520252 0.374768 0.523445 0.369336 0.523445 0.364942 0.520252 0.363263 0.515086 0.364942 0.509920 0.369336 0.506727 0.374768 0.506727 0.379163 0.509920
13 0.366355 0.370400 0.364676 0.375566 0.360282 0.378759 0.354850 0.378759 0.350455 0.375566 0.348777 0.370400 0.350455 0.365234 0.354850 0.362041 0.360282 0.362041 0.364676 0.365234
13 0.478857 0.729799 0.477179 0.734965 0.472784 0.738158 0.467352 0.738158 0.462958 0.734965 0.461279 0.729799 0.462958 0.724633 0.467352 0.721440 0.472784 0.721440 0.477179 0.724633
13 0.463068 0.579680 0.461390 0.584846 0.456995 0.588039 0.451563 0.588039 0.447169 0.584846 0.445490 0.579680 0.447169 0.574514 0.451563 0.571321 0.456995 0.571321 0.461390 0.574514
13 0.443920 0.434129 0.442241 0.439295 0.437847 0.442488 0.432415 0.442488 0.428020 0.439295 0.426342 0.434129 0.428020 0.428963 0.432415 0.425770 0.437847 0.425770 0.442241 0.428963
13 0.428622 0.288432 0.426943 0.293598 0.422549 0.296791 0.417117 0.296791 0.412722 0.293598 0.411044 0.288432 0.412722 0.283266 0.417117 0.280073 0.422549 0.280073 0.426943 0.283266
13 0.544961 0.646349 0.543282 0.651515 0.538888 0.654707 0.533456 0.654707 0.529061 0.651515 0.527383 0.646349 0.529061 0.641182 0.533456 0.637990 0.538888 0.637990 0.543282 0.641182
13 0.524929 0.499442 0.523251 0.504609 0.518856 0.507801 0.513424 0.507801 0.509030 0.504609 0.507351 0.499442 0.509030 0.494276 0.513424 0.491084 0.518856 0.491084 0.523251 0.494276
13 0.508769 0.352405 0.507091 0.357571 0.502696 0.360764 0.497264 0.360764 0.492870 0.357571 0.491191 0.352405 0.492870 0.347239 0.497264 0.344046 0.502696 0.344046 0.507091 0.347239
13 0.627505 0.712370 0.625826 0.717537 0.621432 0.720729 0.616000 0.720729 0.611605 0.717537 0.609927 0.712370 0.611605 0.707204 0.616000 0.704012 0.621432 0.704012 0.625826 0.707204
13 0.609136 0.563814 0.607458 0.568980 0.603063 0.572173 0.597631 0.572173 0.593237 0.568980 0.591558 0.563814 0.593237 0.558648 0.597631 0.555455 0.603063 0.555455 0.607458 0.558648
13 0.590965 0.416852 0.589286 0.422018 0.584892 0.425210 0.579460 0.425210 0.575065 0.422018 0.573387 0.416852 0.575065 0.411685 0.579460 0.408493 0.584892 0.408493 0.589286 0.411685
13 0.574398 0.272560 0.572719 0.277726 0.568325 0.280919 0.562893 0.280919 0.558498 0.277726 0.556820 0.272560 0.558498 0.267394 0.562893 0.264201 0.568325 0.264201 0.572719 0.267394
13 0.693118 0.628173 0.691439 0.633339 0.687045 0.636531 0.681613 0.636531 0.677218 0.633339 0.675540 0.628173 0.677218 0.623006 0.681613 0.619814 0.687045 0.619814 0.691439 0.623006
13 0.673638 0.479390 0.671959 0.484556 0.667565 0.487748 0.662133 0.487748 0.657738 0.484556 0.656060 0.479390 0.657738 0.474223 0.662133 0.471031 0.667565 0.471031 0.671959 0.474223
13 0.655096 0.335214 0.653417 0.340380 0.649022 0.343573 0.643590 0.343573 0.639196 0.340380 0.637517 0.335214 0.639196 0.330048 0.643590 0.326855 0.649022 0.326855 0.653417 0.330048
13 0.756158 0.545233 0.754479 0.550399 0.750085 0.553592 0.744653 0.553592 0.740258 0.550399 0.738580 0.545233 0.740258 0.540067 0.744653 0.536874 0.750085 0.536874 0.754479 0.540067
13 0.739100 0.398170 0.737422 0.403336 0.733027 0.406529 0.727595 0.406529 0.723201 0.403336 0.721522 0.398170 0.723201 0.393004 0.727595 0.389811 0.733027 0.389811 0.737422 0.393004
5 0.132812 0.274414 0.133789 0.284180 0.139648 0.296875 0.159180 0.316406 0.185547 0.326172 0.215820 0.326172 0.221680 0.362305 0.229492 0.375000 0.242188 0.386719 0.252930 0.392578 0.268555 0.396484 0.301758 0.396484 0.306641 0.432617 0.314453 0.446289 0.328125 0.458984 0.346680 0.466797 0.370117 0.466797 0.391602 0.458008 0.408203 0.439453 0.413086 0.425781 0.414062 0.408203 0.404297 0.382812 0.391602 0.370117 0.371094 0.360352 0.342773 0.359375 0.333008 0.361328 0.327148 0.324219 0.319336 0.310547 0.299805 0.293945 0.274414 0.286133 0.249023 0.287109 0.247070 0.270508 0.238281 0.264648 0.226562 0.263672 0.210938 0.266602 0.210938 0.291992 0.180664 0.292969 0.172852 0.283203 0.170898 0.276367 0.162109 0.272461 0.144531 0.271484
2 0.645508 0.416992 0.625000 0.410156 0.602539 0.412109 0.584961 0.420898 0.574219 0.431641 0.558594 0.455078 0.539062 0.443359 0.532227 0.452148 0.523438 0.468750 0.541992 0.482422 0.518555 0.518555 0.515625 0.520508 0.496094 0.509766 0.481445 0.532227 0.483398 0.536133 0.498047 0.544922 0.499023 0.548828 0.485352 0.569336 0.478516 0.588867 0.479492 0.609375 0.485352 0.624023 0.500000 0.640625 0.502930 0.641602 0.518555 0.617188 0.509766 0.601562 0.509766 0.589844 0.523438 0.566406 0.528320 0.564453 0.545898 0.575195 0.560547 0.551758 0.558594 0.547852 0.543945 0.539062 0.542969 0.536133 0.565430 0.500977 0.570312 0.499023 0.587891 0.509766 0.602539 0.487305 0.601562 0.482422 0.584961 0.470703 0.598633 0.450195 0.608398 0.443359 0.630859 0.443359 0.643555 0.423828
9 0.611328 0.683594 0.614258 0.695312 0.622070 0.708984 0.632812 0.719727 0.642578 0.725586 0.654297 0.729492 0.670898 0.730469 0.694336 0.725586 0.698242 0.722656 0.706055 0.749023 0.715820 0.765625 0.726562 0.776367 0.740234 0.784180 0.756836 0.788086 0.766602 0.788086 0.782227 0.784180 0.792969 0.778320 0.803711 0.768555 0.812500 0.752930 0.815430 0.741211 0.815430 0.726562 0.810547 0.710938 0.803711 0.700195 0.791992 0.688477 0.776367 0.678711 0.762695 0.674805 0.748047 0.674805 0.722656 0.679688 0.717773 0.663086 0.712891 0.659180 0.703125 0.659180 0.694336 0.661133 0.686523 0.666016 0.690430 0.688477 0.659180 0.694336 0.647461 0.689453 0.639648 0.677734 0.626953 0.676758 0.614258 0.680664
10 0.327148 0.625977 0.322266 0.624023 0.305664 0.639648 0.297852 0.654297 0.294922 0.670898 0.299805 0.694336 0.317383 0.719727 0.286133 0.741211 0.281250 0.740234 0.272461 0.723633 0.259766 0.709961 0.246094 0.702148 0.234375 0.699219 0.219727 0.699219 0.206055 0.703125 0.187500 0.714844 0.177734 0.724609 0.166992 0.746094 0.166016 0.766602 0.172852 0.786133 0.186523 0.801758 0.207031 0.811523 0.227539 0.812500 0.249023 0.804688 0.269531 0.790039 0.281250 0.807617 0.285156 0.809570 0.304688 0.796875 0.312500 0.786133 0.311523 0.781250 0.301758 0.769531 0.335938 0.747070 0.348633 0.766602 0.363281 0.758789 0.373047 0.750000 0.375977 0.741211 0.367188 0.725586 0.379883 0.716797 0.381836 0.707031 0.370117 0.689453 0.364258 0.688477 0.349609 0.699219 0.342773 0.693359 0.330078 0.670898 0.330078 0.662109 0.338867 0.648438 0.338867 0.643555
