1 0.000000 0.000000 0.000000 0.999023 0.999023 0.999023 0.999023 0.000000
11 0.000000 0.000000 0.000000 0.999023 0.999023 0.999023 0.999023 0.000000
13 0.581040 0.383903 0.579734 0.387921 0.576317 0.390404 0.572092 0.390404 0.568674 0.387921 0.567368 0.383903 0.568674 0.379885 0.572092 0.377402 0.576317 0.377402 0.579734 0.379885
13 0.414255 0.402825 0.412949 0.406843 0.409531 0.409326 0.405307 0.409326 0.401889 0.406843 0.400583 0.402825 0.401889 0.398807 0.405307 0.396323 0.409531 0.396323 0.412949 0.398807
13 0.657079 0.290762 0.655773 0.294780 0.652355 0.297263 0.648130 0.297263 0.644712 0.294780 0.643407 0.290762 0.644712 0.286744 0.648130 0.284260 0.652355 0.284260 0.655773 0.286744
13 0.488612 0.310245 0.487307 0.314263 0.483889 0.316747 0.479664 0.316747 0.476246 0.314263 0.474940 0.310245 0.476246 0.306227 0.479664 0.303744 0.483889 0.303744 0.487307 0.306227
13 0.325616 0.328330 0.324310 0.332348 0.320892 0.334831 0.316667 0.334831 0.313249 0.332348 0.311944 0.328330 0.313249 0.324312 0.316667 0.321828 0.320892 0.321828 0.324310 0.324312
13 0.732801 0.196841 0.731496 0.200859 0.728078 0.203343 0.723853 0.203343 0.720435 0.200859 0.719130 0.196841 0.720435 0.192823 0.723853 0.190340 0.728078 0.190340 0.731496 0.192823
13 0.562720 0.216807 0.561414 0.220825 0.557996 0.223308 0.553772 0.223308 0.550354 0.220825 0.549048 0.216807 0.550354 0.212789 0.553772 0.210305 0.557996 0.210305 0.561414 0.212789
13 0.398647 0.240364 0.397341 0.244382 0.393923 0.246865 0.389699 0.246865 0.386281 0.244382 0.384975 0.240364 0.386281 0.236346 0.389699 0.233863 0.393923 0.233863 0.397341 0.236346
13 0.235350 0.259493 0.234044 0.263511 0.230626 0.265994 0.226401 0.265994 0.222983 0.263511 0.221678 0.259493 0.222983 0.255475 0.226401 0.252991 0.230626 0.252991 0.234044 0.255475
13 0.638998 0.123919 0.637693 0.127937 0.634275 0.130420 0.630050 0.130420 0.626632 0.127937 0.625326 0.123919 0.626632 0.119900 0.630050 0.117417 0.634275 0.117417 0.637693 0.119900
13 0.473368 0.148699 0.472062 0.152717 0.468644 0.155201 0.464420 0.155201 0.461002 0.152717 0.459696 0.148699 0.461002 0.144681 0.464420 0.142198 0.468644 0.142198 0.472062 0.144681
13 0.308529 0.169036 0.307223 0.173054 0.303805 0.175538 0.299581 0.175538 0.296163 0.173054 0.294857 0.169036 0.296163 0.165018 0.299581 0.162535 0.303805 0.162535 0.307223 0.165018
13 0.714390 0.030514 0.713084 0.034532 0.709666 0.037015 0.705441 0.037015 0.702023 0.034532 0.700718 0.030514 0.702023 0.026496 0.705441 0.024013 0.709666 0.024013 0.713084 0.026496
13 0.546918 0.053687 0.545612 0.057705 0.542194 0.060188 0.537969 0.060188 0.534551 0.057705 0.533246 0.053687 0.534551 0.049669 0.537969 0.047185 0.542194 0.047185 0.545612 0.049669
13 0.382120 0.076490 0.380815 0.080508 0.377397 0.082991 0.373172 0.082991 0.369754 0.080508 0.368448 0.076490 0.369754 0.072471 0.373172 0.069988 0.377397 0.069988 0.380815 0.072471
13 0.221191 0.097349 0.219886 0.101367 0.216468 0.103850 0.212243 0.103850 0.208825 0.101367 0.207520 0.097349 0.208825 0.093331 0.212243 0.090847 0.216468 0.090847 0.219886 0.093331
13 0.292583 0.006916 0.291278 0.010934 0.287860 0.013417 0.283635 0.013417 0.280217 0.010934 0.278911 0.006916 0.280217 0.002898 0.283635 0.000414 0.287860 0.000414 0.291278 0.002898
