11 0.788086 0.181641 0.759766 0.169922 0.224609 0.188477 0.195312 0.193359 0.170898 0.211914 0.161133 0.252930 0.183594 0.721680 0.194336 0.748047 0.186523 0.815430 0.193359 0.839844 0.819336 0.805664 0.835938 0.798828 0.824219 0.748047 0.830078 0.693359 0.809570 0.221680
13 0.592600 0.697701 0.590921 0.702868 0.586527 0.706060 0.581095 0.706060 0.576700 0.702868 0.575022 0.697701 0.576700 0.692535 0.581095 0.689343 0.586527 0.689343 0.590921 0.692535
13 0.444945 0.705435 0.443267 0.710601 0.438872 0.713794 0.433440 0.713794 0.429046 0.710601 0.427367 0.705435 0.429046 0.700269 0.433440 0.697076 0.438872 0.697076 0.443267 0.700269
13 0.662752 0.620995 0.661074 0.626161 0.656679 0.629354 0.651247 0.629354 0.646853 0.626161 0.645174 0.620995 0.646853 0.615829 0.651247 0.612636 0.656679 0.612636 0.661074 0.615829
13 0.515661 0.627744 0.513982 0.632910 0.509588 0.636102 0.504156 0.636102 0.499761 0.632910 0.498083 0.627744 0.499761 0.622578 0.504156 0.619385 0.509588 0.619385 0.513982 0.622578
13 0.368385 0.633814 0.366706 0.638980 0.362311 0.642173 0.356879 0.642173 0.352485 0.638980 0.350806 0.633814 0.352485 0.628648 0.356879 0.625455 0.362311 0.625455 0.366706 0.628648
13 0.731887 0.544461 0.730208 0.549627 0.725814 0.552820 0.720382 0.552820 0.715987 0.549627 0.714309 0.544461 0.715987 0.539295 0.720382 0.536102 0.725814 0.536102 0.730208 0.539295
13 0.585412 0.550149 0.583733 0.555315 0.579339 0.558508 0.573907 0.558508 0.569512 0.555315 0.567834 0.550149 0.569512 0.544983 0.573907 0.541790 0.579339 0.541790 0.583733 0.544983
13 0.438927 0.559678 0.437248 0.564844 0.432854 0.568037 0.427422 0.568037 0.423027 0.564844 0.421349 0.559678 0.423027 0.554512 0.427422 0.551319 0.432854 0.551319 0.437248 0.554512
13 0.288253 0.565559 0.286575 0.570725 0.282180 0.573918 0.276748 0.573918 0.272354 0.570725 0.270675 0.565559 0.272354 0.560393 0.276748 0.557200 0.282180 0.557200 0.286575 0.560393
13 0.656225 0.474062 0.654546 0.479228 0.650152 0.482420 0.644720 0.482420 0.640325 0.479228 0.638647 0.474062 0.640325 0.468895 0.644720 0.465703 0.650152 0.465703 0.654546 0.468895
13 0.510362 0.483208 0.508684 0.488374 0.504289 0.491567 0.498857 0.491567 0.494463 0.488374 0.492784 0.483208 0.494463 0.478042 0.498857 0.474849 0.504289 0.474849 0.508684 0.478042
13 0.360333 0.488701 0.358655 0.493867 0.354260 0.497060 0.348828 0.497060 0.344434 0.493867 0.342755 0.488701 0.344434 0.483535 0.348828 0.480342 0.354260 0.480342 0.358655 0.483535
13 0.725504 0.398320 0.723826 0.403486 0.719431 0.406679 0.713999 0.406679 0.709605 0.403486 0.707926 0.398320 0.709605 0.393154 0.713999 0.389961 0.719431 0.389961 0.723826 0.393154
13 0.580133 0.404531 0.578455 0.409697 0.574060 0.412890 0.568628 0.412890 0.564234 0.409697 0.562555 0.404531 0.564234 0.399365 0.568628 0.396172 0.574060 0.396172 0.578455 0.399365
13 0.432074 0.410856 0.430396 0.416023 0.426001 0.419215 0.420569 0.419215 0.416175 0.416023 0.414496 0.410856 0.416175 0.405690 0.420569 0.402498 0.426001 0.402498 0.430396 0.405690
13 0.282507 0.415953 0.280829 0.421119 0.276434 0.424312 0.271002 0.424312 0.266608 0.421119 0.264929 0.415953 0.266608 0.410787 0.271002 0.407594 0.276434 0.407594 0.280829 0.410787
13 0.648952 0.327117 0.647273 0.332283 0.642879 0.335476 0.637447 0.335476 0.633052 0.332283 0.631374 0.327117 0.633052 0.321951 0.637447 0.318758 0.642879 0.318758 0.647273 0.321951
13 0.500978 0.333415 0.499299 0.338581 0.494905 0.341774 0.489473 0.341774 0.485078 0.338581 0.483400 0.333415 0.485078 0.328249 0.489473 0.325056 0.494905 0.325056 0.499299 0.328249
13 0.353378 0.339361 0.351699 0.344527 0.347305 0.347720 0.341873 0.347720 0.337478 0.344527 0.335800 0.339361 0.337478 0.334195 0.341873 0.331002 0.347305 0.331002 0.351699 0.334195
13 0.572236 0.257443 0.570558 0.262609 0.566163 0.265802 0.560731 0.265802 0.556337 0.262609 0.554658 0.257443 0.556337 0.252277 0.560731 0.249084 0.566163 0.249084 0.570558 0.252277
13 0.423861 0.260485 0.422182 0.265651 0.417788 0.268844 0.412356 0.268844 0.407961 0.265651 0.406283 0.260485 0.407961 0.255319 0.412356 0.252126 0.417788 0.252126 0.422182 0.255319
2 0.610352 0.242188 0.612305 0.266602 0.622070 0.284180 0.632812 0.293945 0.644531 0.299805 0.677734 0.304688 0.679688 0.307617 0.676758 0.328125 0.706055 0.331055 0.709961 0.326172 0.712891 0.309570 0.753906 0.313477 0.755859 0.316406 0.752930 0.337891 0.767578 0.340820 0.787109 0.338867 0.791016 0.318359 0.822266 0.321289 0.850586 0.311523 0.868164 0.295898 0.877930 0.275391 0.877930 0.270508 0.873047 0.268555 0.849609 0.267578 0.840820 0.271484 0.835938 0.282227 0.829102 0.288086 0.796875 0.286133 0.794922 0.282227 0.798828 0.261719 0.792969 0.258789 0.770508 0.257812 0.762695 0.264648 0.759766 0.281250 0.716797 0.275391 0.718750 0.250977 0.705078 0.248047 0.692383 0.248047 0.686523 0.252930 0.682617 0.272461 0.658203 0.268555 0.645508 0.258789 0.639648 0.241211 0.614258 0.238281
8 0.430664 0.461914 0.412109 0.460938 0.389648 0.470703 0.378906 0.481445 0.372070 0.493164 0.366211 0.523438 0.363281 0.528320 0.336914 0.523438 0.323242 0.524414 0.304688 0.531250 0.287109 0.546875 0.278320 0.564453 0.272461 0.591797 0.252930 0.588867 0.248047 0.594727 0.244141 0.619141 0.268555 0.625000 0.261719 0.656250 0.251953 0.663086 0.242188 0.664062 0.237305 0.668945 0.232422 0.683594 0.232422 0.698242 0.242188 0.699219 0.256836 0.696289 0.277344 0.684570 0.293945 0.661133 0.301758 0.629883 0.321289 0.632812 0.344727 0.631836 0.362305 0.624023 0.375000 0.612305 0.384766 0.593750 0.390625 0.564453 0.413086 0.566406 0.416992 0.543945 0.416016 0.536133 0.395508 0.532227 0.397461 0.515625 0.402344 0.500977 0.409180 0.494141 0.425781 0.489258
