11 0.242188 0.118164 0.124023 0.760742 0.152344 0.770508 0.212891 0.767578 0.238281 0.780273 0.714844 0.858398 0.727539 0.853516 0.754883 0.815430 0.855469 0.277344 0.849609 0.262695 0.813477 0.237305 0.338867 0.140625 0.293945 0.140625
13 0.296182 0.536748 0.294503 0.541914 0.290109 0.545107 0.284677 0.545107 0.280282 0.541914 0.278604 0.536748 0.280282 0.531582 0.284677 0.528389 0.290109 0.528389 0.294503 0.531582
13 0.323076 0.389471 0.321397 0.394637 0.317003 0.397830 0.311571 0.397830 0.307176 0.394637 0.305498 0.389471 0.307176 0.384305 0.311571 0.381112 0.317003 0.381112 0.321397 0.384305
13 0.356196 0.623232 0.354518 0.628398 0.350123 0.631591 0.344691 0.631591 0.340297 0.628398 0.338618 0.623232 0.340297 0.618066 0.344691 0.614873 0.350123 0.614873 0.354518 0.618066
13 0.383638 0.476833 0.381960 0.481999 0.377565 0.485192 0.372133 0.485192 0.367739 0.481999 0.366060 0.476833 0.367739 0.471667 0.372133 0.468474 0.377565 0.468474 0.381960 0.471667
13 0.411588 0.331489 0.409910 0.336655 0.405515 0.339848 0.400083 0.339848 0.395689 0.336655 0.394010 0.331489 0.395689 0.326323 0.400083 0.323130 0.405515 0.323130 0.409910 0.326323
13 0.415936 0.708185 0.414257 0.713351 0.409863 0.716544 0.404431 0.716544 0.400036 0.713351 0.398358 0.708185 0.400036 0.703019 0.404431 0.699826 0.409863 0.699826 0.414257 0.703019
13 0.443981 0.562727 0.442302 0.567894 0.437908 0.571086 0.432476 0.571086 0.428081 0.567894 0.426403 0.562727 0.428081 0.557561 0.432476 0.554369 0.437908 0.554369 0.442302 0.557561
13 0.468070 0.417455 0.466392 0.422621 0.461997 0.425814 0.456565 0.425814 0.452171 0.422621 0.450492 0.417455 0.452171 0.412289 0.456565 0.409096 0.461997 0.409096 0.466392 0.412289
13 0.496482 0.270015 0.494803 0.275181 0.490409 0.278373 0.484977 0.278373 0.480582 0.275181 0.478904 0.270015 0.480582 0.264849 0.484977 0.261656 0.490409 0.261656 0.494803 0.264849
13 0.502267 0.648845 0.500588 0.654011 0.496194 0.657203 0.490762 0.657203 0.486367 0.654011 0.484689 0.648845 0.486367 0.643678 0.490762 0.640486 0.496194 0.640486 0.500588 0.643678
13 0.526320 0.504363 0.524641 0.509529 0.520247 0.512722 0.514815 0.512722 0.510420 0.509529 0.508742 0.504363 0.510420 0.499197 0.514815 0.496004 0.520247 0.496004 0.524641 0.499197
13 0.554663 0.357708 0.552984 0.362874 0.548590 0.366067 0.543158 0.366067 0.538763 0.362874 0.537085 0.357708 0.538763 0.352542 0.543158 0.349349 0.548590 0.349349 0.552984 0.352542
13 0.560243 0.732914 0.558564 0.738080 0.554170 0.741273 0.548738 0.741273 0.544343 0.738080 0.542664 0.732914 0.544343 0.727748 0.548738 0.724555 0.554170 0.724555 0.558564 0.727748
13 0.586748 0.589659 0.585069 0.594825 0.580675 0.598018 0.575243 0.598018 0.570848 0.594825 0.569170 0.589659 0.570848 0.584493 0.575243 0.581300 0.580675 0.581300 0.585069 0.584493
13 0.613546 0.444819 0.611868 0.449985 0.607473 0.453178 0.602041 0.453178 0.597647 0.449985 0.595968 0.444819 0.597647 0.439653 0.602041 0.436460 0.607473 0.436460 0.611868 0.439653
13 0.641650 0.299887 0.639972 0.305053 0.635577 0.308246 0.630145 0.308246 0.625751 0.305053 0.624072 0.299887 0.625751 0.294721 0.630145 0.291528 0.635577 0.291528 0.639972 0.294721
13 0.645826 0.673264 0.644147 0.678430 0.639753 0.681622 0.634321 0.681622 0.629926 0.678430 0.628248 0.673264 0.629926 0.668097 0.634321 0.664905 0.639753 0.664905 0.644147 0.668097
13 0.672338 0.528618 0.670660 0.533784 0.666265 0.536976 0.660833 0.536976 0.656439 0.533784 0.654760 0.528618 0.656439 0.523451 0.660833 0.520259 0.666265 0.520259 0.670660 0.523451
13 0.698909 0.385468 0.697231 0.390634 0.692836 0.393827 0.687404 0.393827 0.683010 0.390634 0.681331 0.385468 0.683010 0.380302 0.687404 0.377109 0.692836 0.377109 0.697231 0.380302
13 0.728897 0.613895 0.727218 0.619061 0.722824 0.622254 0.717392 0.622254 0.712997 0.619061 0.711318 0.613895 0.712997 0.608729 0.717392 0.605536 0.722824 0.605536 0.727218 0.608729
13 0.758088 0.470721 0.756409 0.475887 0.752015 0.479080 0.746583 0.479080 0.742188 0.475887 0.740510 0.470721 0.742188 0.465555 0.746583 0.462362 0.752015 0.462362 0.756409 0.465555
5 0.610352 0.148438 0.607422 0.155273 0.610352 0.186523 0.622070 0.188477 0.632812 0.197266 0.637695 0.214844 0.636719 0.223633 0.620117 0.224609 0.617188 0.227539 0.618164 0.256836 0.622070 0.261719 0.637695 0.258789 0.643555 0.260742 0.646484 0.289062 0.658203 0.310547 0.671875 0.321289 0.684570 0.326172 0.729492 0.325195 0.731445 0.348633 0.737305 0.366211 0.749023 0.380859 0.765625 0.390625 0.776367 0.393555 0.793945 0.393555 0.809570 0.388672 0.828125 0.376953 0.839844 0.362305 0.846680 0.341797 0.844727 0.320312 0.834961 0.301758 0.818359 0.288086 0.801758 0.282227 0.780273 0.282227 0.760742 0.286133 0.751953 0.245117 0.736328 0.225586 0.710938 0.214844 0.678711 0.216797 0.672852 0.219727 0.669922 0.215820 0.666016 0.185547 0.655273 0.166016 0.633789 0.151367
9 0.588867 0.672852 0.583008 0.666992 0.566406 0.659180 0.556641 0.657227 0.541016 0.658203 0.529297 0.662109 0.519531 0.667969 0.498047 0.689453 0.496094 0.689453 0.479492 0.671875 0.466797 0.663086 0.451172 0.658203 0.435547 0.658203 0.419922 0.663086 0.408203 0.670898 0.393555 0.688477 0.387695 0.706055 0.388672 0.729492 0.395508 0.745117 0.404297 0.755859 0.415039 0.763672 0.431641 0.769531 0.443359 0.770508 0.460938 0.766602 0.474609 0.758789 0.497070 0.737305 0.512695 0.752930 0.514648 0.752930 0.534180 0.732422 0.534180 0.726562 0.519531 0.712891 0.538086 0.694336 0.543945 0.691406 0.556641 0.690430 0.566406 0.695312 0.571289 0.695312 0.586914 0.679688
