11 0.792969 0.133789 0.741211 0.148438 0.691406 0.145508 0.205078 0.205078 0.165039 0.227539 0.156250 0.254883 0.221680 0.784180 0.242188 0.823242 0.275391 0.833984 0.733398 0.796875 0.758789 0.787109 0.829102 0.794922 0.851562 0.785156
13 0.703814 0.405525 0.702135 0.410691 0.697741 0.413884 0.692309 0.413884 0.687914 0.410691 0.686236 0.405525 0.687914 0.400359 0.692309 0.397166 0.697741 0.397166 0.702135 0.400359
13 0.717672 0.554553 0.715994 0.559719 0.711599 0.562912 0.706167 0.562912 0.701773 0.559719 0.700094 0.554553 0.701773 0.549387 0.706167 0.546194 0.711599 0.546194 0.715994 0.549387
13 0.621823 0.338223 0.620144 0.343389 0.615750 0.346582 0.610318 0.346582 0.605923 0.343389 0.604244 0.338223 0.605923 0.333057 0.610318 0.329864 0.615750 0.329864 0.620144 0.333057
13 0.635767 0.487882 0.634088 0.493049 0.629694 0.496241 0.624262 0.496241 0.619867 0.493049 0.618189 0.487882 0.619867 0.482716 0.624262 0.479524 0.629694 0.479524 0.634088 0.482716
13 0.648675 0.633839 0.646997 0.639005 0.642602 0.642198 0.637170 0.642198 0.632776 0.639005 0.631097 0.633839 0.632776 0.628673 0.637170 0.625480 0.642602 0.625480 0.646997 0.628673
13 0.539785 0.271738 0.538107 0.276904 0.533712 0.280097 0.528280 0.280097 0.523886 0.276904 0.522207 0.271738 0.523886 0.266572 0.528280 0.263379 0.533712 0.263379 0.538107 0.266572
13 0.553736 0.421961 0.552057 0.427127 0.547663 0.430320 0.542231 0.430320 0.537836 0.427127 0.536158 0.421961 0.537836 0.416795 0.542231 0.413602 0.547663 0.413602 0.552057 0.416795
13 0.571153 0.568057 0.569475 0.573223 0.565080 0.576416 0.559648 0.576416 0.555254 0.573223 0.553575 0.568057 0.555254 0.562891 0.559648 0.559698 0.565080 0.559698 0.569475 0.562891
13 0.584743 0.714619 0.583064 0.719785 0.578670 0.722978 0.573238 0.722978 0.568843 0.719785 0.567165 0.714619 0.568843 0.709453 0.573238 0.706260 0.578670 0.706260 0.583064 0.709453
13 0.472893 0.354644 0.471215 0.359810 0.466820 0.363003 0.461388 0.363003 0.456994 0.359810 0.455315 0.354644 0.456994 0.349478 0.461388 0.346285 0.466820 0.346285 0.471215 0.349478
13 0.490966 0.501269 0.489287 0.506436 0.484893 0.509628 0.479461 0.509628 0.475066 0.506436 0.473388 0.501269 0.475066 0.496103 0.479461 0.492911 0.484893 0.492911 0.489287 0.496103
13 0.505231 0.648376 0.503552 0.653542 0.499158 0.656734 0.493726 0.656734 0.489331 0.653542 0.487653 0.648376 0.489331 0.643209 0.493726 0.640017 0.499158 0.640017 0.503552 0.643209
13 0.392214 0.288642 0.390536 0.293808 0.386141 0.297000 0.380709 0.297000 0.376315 0.293808 0.374636 0.288642 0.376315 0.283475 0.380709 0.280283 0.386141 0.280283 0.390536 0.283475
13 0.408415 0.436041 0.406736 0.441207 0.402341 0.444400 0.396910 0.444400 0.392515 0.441207 0.390836 0.436041 0.392515 0.430875 0.396910 0.427682 0.402341 0.427682 0.406736 0.430875
13 0.424486 0.582271 0.422808 0.587437 0.418413 0.590630 0.412981 0.590630 0.408587 0.587437 0.406908 0.582271 0.408587 0.577105 0.412981 0.573912 0.418413 0.573912 0.422808 0.577105
13 0.439050 0.726205 0.437371 0.731371 0.432977 0.734564 0.427545 0.734564 0.423150 0.731371 0.421472 0.726205 0.423150 0.721039 0.427545 0.717846 0.432977 0.717846 0.437371 0.721039
13 0.326931 0.371498 0.325252 0.376664 0.320858 0.379857 0.315426 0.379857 0.311031 0.376664 0.309353 0.371498 0.311031 0.366332 0.315426 0.363139 0.320858 0.363139 0.325252 0.366332
13 0.344062 0.518710 0.342384 0.523876 0.337989 0.527068 0.332557 0.527068 0.328163 0.523876 0.326484 0.518710 0.328163 0.513544 0.332557 0.510351 0.337989 0.510351 0.342384 0.513544
13 0.360384 0.661770 0.358706 0.666936 0.354311 0.670128 0.348879 0.670128 0.344485 0.666936 0.342806 0.661770 0.344485 0.656603 0.348879 0.653411 0.354311 0.653411 0.358706 0.656603
13 0.264636 0.452537 0.262958 0.457703 0.258563 0.460896 0.253131 0.460896 0.248737 0.457703 0.247058 0.452537 0.248737 0.447371 0.253131 0.444179 0.258563 0.444179 0.262958 0.447371
13 0.279287 0.597598 0.277609 0.602764 0.273214 0.605957 0.267782 0.605957 0.263388 0.602764 0.261709 0.597598 0.263388 0.592432 0.267782 0.589239 0.273214 0.589239 0.277609 0.592432
5 0.298828 0.530273 0.277344 0.538086 0.258789 0.554688 0.249023 0.577148 0.249023 0.596680 0.256836 0.616211 0.269531 0.629883 0.298828 0.645508 0.284180 0.674805 0.281250 0.690430 0.282227 0.702148 0.289062 0.719727 0.299805 0.732422 0.331055 0.749023 0.315430 0.781250 0.314453 0.804688 0.323242 0.825195 0.339844 0.839844 0.347656 0.831055 0.356445 0.811523 0.357422 0.804688 0.346680 0.790039 0.346680 0.783203 0.356445 0.765625 0.361328 0.763672 0.369141 0.770508 0.376953 0.774414 0.379883 0.773438 0.393555 0.746094 0.392578 0.739258 0.376953 0.729492 0.389648 0.704102 0.391602 0.676758 0.381836 0.654297 0.372070 0.644531 0.348633 0.631836 0.344727 0.626953 0.356445 0.606445 0.361328 0.589844 0.360352 0.571289 0.354492 0.556641 0.340820 0.541016 0.329102 0.534180 0.315430 0.530273
1 0.610352 0.177734 0.607422 0.189453 0.608398 0.215820 0.619141 0.218750 0.628906 0.229492 0.630859 0.253906 0.628906 0.255859 0.609375 0.255859 0.607422 0.290039 0.628906 0.291016 0.630859 0.293945 0.630859 0.325195 0.637695 0.342773 0.650391 0.356445 0.666992 0.365234 0.675781 0.367188 0.695312 0.366211 0.718750 0.354492 0.732422 0.339844 0.739258 0.326172 0.743164 0.291992 0.770508 0.291016 0.790039 0.283203 0.807617 0.267578 0.817383 0.251953 0.821289 0.232422 0.816406 0.229492 0.795898 0.230469 0.785156 0.239258 0.780273 0.251953 0.767578 0.255859 0.741211 0.253906 0.741211 0.231445 0.724609 0.228516 0.715820 0.230469 0.709961 0.235352 0.707031 0.241211 0.706055 0.254883 0.663086 0.254883 0.662109 0.219727 0.652344 0.198242 0.641602 0.187500 0.628906 0.180664
9 0.524414 0.254883 0.502930 0.253906 0.492188 0.256836 0.478516 0.264648 0.464844 0.280273 0.458008 0.296875 0.454102 0.314453 0.452148 0.316406 0.421875 0.308594 0.406250 0.308594 0.392578 0.312500 0.379883 0.320312 0.368164 0.333984 0.364258 0.341797 0.360352 0.357422 0.360352 0.368164 0.364258 0.383789 0.375000 0.400391 0.385742 0.409180 0.401367 0.416016 0.418945 0.417969 0.433594 0.415039 0.448242 0.407227 0.458984 0.396484 0.465820 0.383789 0.471680 0.361328 0.474609 0.356445 0.493164 0.362305 0.496094 0.361328 0.503906 0.334961 0.502930 0.332031 0.485352 0.327148 0.482422 0.323242 0.487305 0.305664 0.494141 0.293945 0.500977 0.289062 0.506836 0.287109 0.515625 0.288086 0.517578 0.286133 0.525391 0.258789
8 0.649414 0.562500 0.639648 0.566406 0.627930 0.578125 0.618164 0.602539 0.620117 0.625000 0.631836 0.652344 0.599609 0.668945 0.583984 0.688477 0.579102 0.708984 0.580078 0.724609 0.592773 0.754883 0.573242 0.764648 0.574219 0.774414 0.584961 0.795898 0.604492 0.788086 0.608398 0.790039 0.618164 0.818359 0.614258 0.827148 0.605469 0.834961 0.605469 0.843750 0.616211 0.869141 0.620117 0.870117 0.638672 0.854492 0.648438 0.832031 0.647461 0.805664 0.635742 0.777344 0.636719 0.774414 0.670898 0.757812 0.682617 0.743164 0.688477 0.725586 0.687500 0.703125 0.674805 0.671875 0.693359 0.663086 0.694336 0.658203 0.680664 0.632812 0.662109 0.640625 0.657227 0.635742 0.648438 0.610352 0.650391 0.601562 0.662109 0.587891
