11 0.241211 0.116211 0.230469 0.148438 0.232422 0.208008 0.220703 0.232422 0.142578 0.707031 0.148438 0.723633 0.186523 0.749023 0.717773 0.851562 0.738281 0.842773 0.759766 0.805664 0.862305 0.341797 0.863281 0.295898 0.887695 0.243164
13 0.475599 0.284736 0.473921 0.289902 0.469526 0.293095 0.464094 0.293095 0.459700 0.289902 0.458021 0.284736 0.459700 0.279570 0.464094 0.276377 0.469526 0.276377 0.473921 0.279570
13 0.623362 0.313188 0.621683 0.318354 0.617288 0.321547 0.611857 0.321547 0.607462 0.318354 0.605783 0.313188 0.607462 0.308022 0.611857 0.304829 0.617288 0.304829 0.621683 0.308022
13 0.388271 0.344451 0.386592 0.349617 0.382198 0.352810 0.376766 0.352810 0.372371 0.349617 0.370693 0.344451 0.372371 0.339285 0.376766 0.336092 0.382198 0.336092 0.386592 0.339285
13 0.535055 0.373351 0.533376 0.378517 0.528982 0.381710 0.523550 0.381710 0.519155 0.378517 0.517477 0.373351 0.519155 0.368185 0.523550 0.364992 0.528982 0.364992 0.533376 0.368185
13 0.680475 0.402692 0.678796 0.407858 0.674402 0.411051 0.668970 0.411051 0.664575 0.407858 0.662897 0.402692 0.664575 0.397526 0.668970 0.394333 0.674402 0.394333 0.678796 0.397526
13 0.302694 0.403757 0.301015 0.408923 0.296621 0.412116 0.291189 0.412116 0.286794 0.408923 0.285116 0.403757 0.286794 0.398591 0.291189 0.395398 0.296621 0.395398 0.301015 0.398591
13 0.448438 0.433158 0.446759 0.438324 0.442365 0.441517 0.436933 0.441517 0.432538 0.438324 0.430860 0.433158 0.432538 0.427992 0.436933 0.424799 0.442365 0.424799 0.446759 0.427992
13 0.593737 0.458538 0.592058 0.463704 0.587664 0.466897 0.582232 0.466897 0.577837 0.463704 0.576159 0.458538 0.577837 0.453372 0.582232 0.450179 0.587664 0.450179 0.592058 0.453372
13 0.740872 0.488207 0.739194 0.493373 0.734799 0.496566 0.729367 0.496566 0.724973 0.493373 0.723294 0.488207 0.724973 0.483041 0.729367 0.479848 0.734799 0.479848 0.739194 0.483041
13 0.361821 0.490759 0.360143 0.495926 0.355748 0.499118 0.350316 0.499118 0.345922 0.495926 0.344243 0.490759 0.345922 0.485593 0.350316 0.482401 0.355748 0.482401 0.360143 0.485593
13 0.506240 0.516013 0.504561 0.521179 0.500167 0.524372 0.494735 0.524372 0.490340 0.521179 0.488661 0.516013 0.490340 0.510847 0.494735 0.507654 0.500167 0.507654 0.504561 0.510847
13 0.652509 0.545512 0.650830 0.550678 0.646436 0.553871 0.641004 0.553871 0.636609 0.550678 0.634931 0.545512 0.636609 0.540346 0.641004 0.537153 0.646436 0.537153 0.650830 0.540346
13 0.277458 0.547933 0.275780 0.553099 0.271385 0.556292 0.265953 0.556292 0.261559 0.553099 0.259880 0.547933 0.261559 0.542767 0.265953 0.539574 0.271385 0.539574 0.275780 0.542767
13 0.420545 0.575535 0.418866 0.580701 0.414472 0.583894 0.409040 0.583894 0.404645 0.580701 0.402967 0.575535 0.404645 0.570369 0.409040 0.567176 0.414472 0.567176 0.418866 0.570369
13 0.564927 0.603386 0.563249 0.608552 0.558854 0.611745 0.553422 0.611745 0.549028 0.608552 0.547349 0.603386 0.549028 0.598220 0.553422 0.595027 0.558854 0.595027 0.563249 0.598220
13 0.709097 0.632478 0.707419 0.637644 0.703024 0.640837 0.697592 0.640837 0.693198 0.637644 0.691519 0.632478 0.693198 0.627312 0.697592 0.624119 0.703024 0.624119 0.707419 0.627312
13 0.336755 0.633583 0.335076 0.638749 0.330681 0.641942 0.325250 0.641942 0.320855 0.638749 0.319176 0.633583 0.320855 0.628417 0.325250 0.625224 0.330681 0.625224 0.335076 0.628417
13 0.480856 0.661059 0.479177 0.666225 0.474783 0.669418 0.469351 0.669418 0.464956 0.666225 0.463278 0.661059 0.464956 0.655893 0.469351 0.652700 0.474783 0.652700 0.479177 0.655893
13 0.623183 0.688526 0.621504 0.693692 0.617110 0.696885 0.611678 0.696885 0.607283 0.693692 0.605605 0.688526 0.607283 0.683360 0.611678 0.680167 0.617110 0.680167 0.621504 0.683360
13 0.395525 0.716373 0.393847 0.721539 0.389452 0.724732 0.384020 0.724732 0.379626 0.721539 0.377947 0.716373 0.379626 0.711207 0.384020 0.708014 0.389452 0.708014 0.393847 0.711207
13 0.537775 0.746341 0.536096 0.751508 0.531702 0.754700 0.526270 0.754700 0.521875 0.751508 0.520197 0.746341 0.521875 0.741175 0.526270 0.737983 0.531702 0.737983 0.536096 0.741175
7 0.396484 0.479492 0.389648 0.479492 0.364258 0.487305 0.365234 0.494141 0.361328 0.505859 0.351562 0.514648 0.339844 0.518555 0.329102 0.519531 0.324219 0.500977 0.315430 0.500000 0.290039 0.507812 0.290039 0.511719 0.295898 0.526367 0.294922 0.530273 0.276367 0.535156 0.272461 0.539062 0.274414 0.553711 0.279297 0.563477 0.285156 0.564453 0.300781 0.559570 0.304688 0.560547 0.315430 0.603516 0.294922 0.611328 0.293945 0.625000 0.298828 0.637695 0.306641 0.639648 0.324219 0.635742 0.332031 0.664062 0.338867 0.676758 0.353516 0.690430 0.374023 0.698242 0.394531 0.697266 0.399414 0.691406 0.398438 0.677734 0.393555 0.665039 0.375000 0.661133 0.362305 0.641602 0.358398 0.625000 0.375000 0.621094 0.378906 0.617188 0.378906 0.606445 0.371094 0.589844 0.353516 0.594727 0.348633 0.593750 0.337891 0.550781 0.365234 0.541992 0.378906 0.534180 0.386719 0.526367 0.397461 0.504883 0.398438 0.485352
8 0.625000 0.457031 0.621094 0.481445 0.628906 0.504883 0.645508 0.521484 0.674805 0.536133 0.662109 0.564453 0.661133 0.585938 0.669922 0.607422 0.683594 0.622070 0.713867 0.637695 0.710938 0.639648 0.705078 0.655273 0.713867 0.663086 0.737305 0.671875 0.746094 0.652344 0.749023 0.651367 0.762695 0.657227 0.773438 0.665039 0.775391 0.668945 0.774414 0.684570 0.778320 0.688477 0.801758 0.701172 0.809570 0.701172 0.812500 0.690430 0.812500 0.672852 0.806641 0.656250 0.794922 0.641602 0.759766 0.621094 0.769531 0.600586 0.773438 0.585938 0.773438 0.572266 0.769531 0.558594 0.753906 0.538086 0.719727 0.520508 0.727539 0.501953 0.726562 0.498047 0.706055 0.489258 0.695312 0.487305 0.688477 0.504883 0.685547 0.506836 0.664062 0.497070 0.659180 0.492188 0.654297 0.481445 0.655273 0.467773 0.630859 0.457031
