5 0.000000 0.000000 0.000000 0.999023 0.999023 0.999023 0.999023 0.000000
11 0.000000 0.000000 0.000000 0.999023 0.999023 0.999023 0.999023 0.000000
13 0.565649 0.381356 0.564343 0.385374 0.560925 0.387857 0.556700 0.387857 0.553282 0.385374 0.551977 0.381356 0.553282 0.377338 0.556700 0.374854 0.560925 0.374854 0.564343 0.377338
13 0.400278 0.414541 0.398972 0.418559 0.395554 0.421043 0.391329 0.421043 0.387911 0.418559 0.386606 0.414541 0.387911 0.410523 0.391329 0.408040 0.395554 0.408040 0.398972 0.410523
13 0.630650 0.283382 0.629344 0.287400 0.625926 0.289883 0.621702 0.289883 0.618284 0.287400 0.616978 0.283382 0.618284 0.279364 0.621702 0.276880 0.625926 0.276880 0.629344 0.279364
13 0.466362 0.314704 0.465057 0.318722 0.461639 0.321205 0.457414 0.321205 0.453996 0.318722 0.452690 0.314704 0.453996 0.310686 0.457414 0.308203 0.461639 0.308203 0.465057 0.310686
13 0.299679 0.345674 0.298374 0.349692 0.294956 0.352175 0.290731 0.352175 0.287313 0.349692 0.286008 0.345674 0.287313 0.341656 0.290731 0.339172 0.294956 0.339172 0.298374 0.341656
13 0.694377 0.186019 0.693071 0.190037 0.689653 0.192520 0.685429 0.192520 0.682011 0.190037 0.680705 0.186019 0.682011 0.182001 0.685429 0.179518 0.689653 0.179518 0.693071 0.182001
13 0.531200 0.215393 0.529895 0.219411 0.526477 0.221895 0.522252 0.221895 0.518834 0.219411 0.517529 0.215393 0.518834 0.211375 0.522252 0.208892 0.526477 0.208892 0.529895 0.211375
13 0.366681 0.249526 0.365376 0.253544 0.361958 0.256028 0.357733 0.256028 0.354315 0.253544 0.353010 0.249526 0.354315 0.245508 0.357733 0.243025 0.361958 0.243025 0.365376 0.245508
13 0.194588 0.280571 0.193282 0.284589 0.189864 0.287072 0.185639 0.287072 0.182221 0.284589 0.180916 0.280571 0.182221 0.276553 0.185639 0.274070 0.189864 0.274070 0.193282 0.276553
13 0.597333 0.117890 0.596028 0.121908 0.592610 0.124391 0.588385 0.124391 0.584967 0.121908 0.583661 0.117890 0.584967 0.113872 0.588385 0.111388 0.592610 0.111388 0.596028 0.113872
13 0.434085 0.150841 0.432780 0.154859 0.429362 0.157342 0.425137 0.157342 0.421719 0.154859 0.420413 0.150841 0.421719 0.146823 0.425137 0.144340 0.429362 0.144340 0.432780 0.146823
13 0.263338 0.180657 0.262032 0.184675 0.258614 0.187158 0.254389 0.187158 0.250971 0.184675 0.249666 0.180657 0.250971 0.176639 0.254389 0.174156 0.258614 0.174156 0.262032 0.176639
13 0.661631 0.021274 0.660325 0.025292 0.656907 0.027775 0.652682 0.027775 0.649264 0.025292 0.647959 0.021274 0.649264 0.017255 0.652682 0.014772 0.656907 0.014772 0.660325 0.017255
13 0.499017 0.050157 0.497712 0.054175 0.494294 0.056658 0.490069 0.056658 0.486651 0.054175 0.485345 0.050157 0.486651 0.046139 0.490069 0.043656 0.494294 0.043656 0.497712 0.046139
13 0.331321 0.079943 0.330016 0.083961 0.326598 0.086445 0.322373 0.086445 0.318955 0.083961 0.317649 0.079943 0.318955 0.075925 0.322373 0.073442 0.326598 0.073442 0.330016 0.075925
13 0.159503 0.108921 0.158197 0.112940 0.154779 0.115423 0.150554 0.115423 0.147136 0.112940 0.145831 0.108921 0.147136 0.104903 0.150554 0.102420 0.154779 0.102420 0.158197 0.104903
13 0.227202 0.009379 0.225897 0.013397 0.222479 0.015880 0.218254 0.015880 0.214836 0.013397 0.213530 0.009379 0.214836 0.005361 0.218254 0.002877 0.222479 0.002877 0.225897 0.005361
